2022-11-09, 00:00:04, 8.37e-13, 6.74e-11
2022-11-09, 00:00:08, 8.87e-13, 6.77e-11
2022-11-09, 00:00:12, 9.25e-13, 6.78e-11
2022-11-09, 00:00:16, 8.54e-13, 6.76e-11
2022-11-09, 00:00:20, 8.62e-13, 6.78e-11
2022-11-09, 00:00:29, 8.7e-13, 6.74e-11
2022-11-09, 00:00:33, 8.68e-13, 6.76e-11
2022-11-09, 00:00:38, 9.04e-13, 6.73e-11
2022-11-09, 00:00:42, 8.54e-13, 6.77e-11
2022-11-09, 00:00:46, 9.59e-13, 6.74e-11
2022-11-09, 00:00:50, 8.82e-13, 6.77e-11
2022-11-09, 00:00:55, 8.35e-13, 6.74e-11
2022-11-09, 00:00:59, 9.03e-13, 6.74e-11
2022-11-09, 00:01:03, 8.7e-13, 6.69e-11
2022-11-09, 00:01:07, 8.21e-13, 6.73e-11
2022-11-09, 00:01:11, 8.86e-13, 6.72e-11
2022-11-09, 00:01:16, 8.41e-13, 6.77e-11
2022-11-09, 00:01:20, 8.77e-13, 6.72e-11
2022-11-09, 00:01:24, 8.65e-13, 6.74e-11
2022-11-09, 00:01:28, 8.08e-13, 6.72e-11
2022-11-09, 00:01:33, 8.68e-13, 6.74e-11
2022-11-09, 00:01:37, 8.74e-13, 6.73e-11
2022-11-09, 00:01:41, 8.15e-13, 6.77e-11
2022-11-09, 00:01:45, 8.74e-13, 6.76e-11
2022-11-09, 00:01:49, 8.75e-13, 6.76e-11
2022-11-09, 00:01:54, 8.42e-13, 6.73e-11
2022-11-09, 00:01:58, 8.17e-13, 6.75e-11
2022-11-09, 00:02:02, 8.8e-13, 6.74e-11
2022-11-09, 00:02:06, 8.61e-13, 6.76e-11
2022-11-09, 00:02:11, 8.25e-13, 6.76e-11
2022-11-09, 00:02:15, 9.96e-13, 6.75e-11
2022-11-09, 00:02:19, 9.05e-13, 6.73e-11
2022-11-09, 00:02:23, 9.63e-13, 6.8e-11
2022-11-09, 00:02:27, 8.42e-13, 6.71e-11
2022-11-09, 00:02:32, 8.89e-13, 6.72e-11
2022-11-09, 00:02:36, 8.59e-13, 6.73e-11
2022-11-09, 00:02:40, 8.71e-13, 6.75e-11
2022-11-09, 00:02:44, 8.55e-13, 6.76e-11
2022-11-09, 00:02:49, 9.6e-13, 6.77e-11
2022-11-09, 00:02:53, 8.54e-13, 6.79e-11
2022-11-09, 00:02:57, 8.91e-13, 6.76e-11
2022-11-09, 00:03:01, 9.05e-13, 6.73e-11
2022-11-09, 00:03:05, 8.17e-13, 6.72e-11
2022-11-09, 00:03:10, 8.79e-13, 6.76e-11
2022-11-09, 00:03:14, 8.86e-13, 6.72e-11
2022-11-09, 00:03:18, 8.91e-13, 6.71e-11
2022-11-09, 00:03:22, 9.15e-13, 6.72e-11
2022-11-09, 00:03:26, 8.22e-13, 6.79e-11
2022-11-09, 00:03:31, 8.55e-13, 6.71e-11
2022-11-09, 00:03:35, 8.9e-13, 6.74e-11
2022-11-09, 00:03:39, 8.36e-13, 6.75e-11
2022-11-09, 00:03:43, 8.08e-13, 6.79e-11
2022-11-09, 00:03:48, 8.24e-13, 6.79e-11
2022-11-09, 00:03:52, 8.81e-13, 6.79e-11
2022-11-09, 00:03:56, 9.16e-13, 6.77e-11
2022-11-09, 00:04:00, 9.53e-13, 6.76e-11
2022-11-09, 00:04:04, 8.38e-13, 6.77e-11
2022-11-09, 00:04:09, 8.65e-13, 6.79e-11
2022-11-09, 00:04:13, 8.98e-13, 6.77e-11
2022-11-09, 00:04:17, 8.74e-13, 6.8e-11
2022-11-09, 00:04:21, 8.15e-13, 6.76e-11
2022-11-09, 00:04:26, 8.42e-13, 6.81e-11
2022-11-09, 00:04:30, 8.57e-13, 6.78e-11
2022-11-09, 00:04:34, 9.16e-13, 6.77e-11
2022-11-09, 00:04:38, 8.84e-13, 6.76e-11
2022-11-09, 00:04:42, 8.61e-13, 6.78e-11
2022-11-09, 00:04:47, 8.54e-13, 6.78e-11
2022-11-09, 00:04:51, 8.93e-13, 6.77e-11
2022-11-09, 00:04:55, 8.76e-13, 6.79e-11
2022-11-09, 00:04:59, 8.37e-13, 6.81e-11
2022-11-09, 00:05:04, 8.35e-13, 6.81e-11
2022-11-09, 00:05:08, 9.05e-13, 6.8e-11
2022-11-09, 00:05:12, 8.13e-13, 6.74e-11
2022-11-09, 00:05:16, 1.04e-12, 6.76e-11
2022-11-09, 00:05:20, 9.5e-13, 6.79e-11
2022-11-09, 00:05:25, 9.57e-13, 6.81e-11
2022-11-09, 00:05:29, 8.8e-13, 6.74e-11
2022-11-09, 00:05:33, 8.99e-13, 6.76e-11
2022-11-09, 00:05:37, 9.21e-13, 6.75e-11
2022-11-09, 00:05:42, 8.94e-13, 6.77e-11
2022-11-09, 00:05:46, 9.04e-13, 6.79e-11
2022-11-09, 00:05:50, 8.72e-13, 6.76e-11
2022-11-09, 00:05:54, 7.9e-13, 6.76e-11
2022-11-09, 00:05:58, 9.06e-13, 6.76e-11
2022-11-09, 00:06:03, 9.96e-13, 6.77e-11
2022-11-09, 00:06:07, 8.56e-13, 6.79e-11
2022-11-09, 00:06:11, 8.73e-13, 6.77e-11
2022-11-09, 00:06:15, 8.87e-13, 6.79e-11
2022-11-09, 00:06:20, 8.56e-13, 6.81e-11
2022-11-09, 00:06:24, 8.68e-13, 6.81e-11
2022-11-09, 00:06:28, 8.87e-13, 6.76e-11
2022-11-09, 00:06:32, 9.18e-13, 6.8e-11
2022-11-09, 00:06:36, 1.01e-12, 6.75e-11
2022-11-09, 00:06:41, 9.52e-13, 6.74e-11
2022-11-09, 00:06:45, 8.77e-13, 6.75e-11
2022-11-09, 00:06:49, 8.54e-13, 6.73e-11
2022-11-09, 00:06:53, 8.89e-13, 6.77e-11
2022-11-09, 00:06:58, 8.32e-13, 6.75e-11
2022-11-09, 00:07:02, 9.08e-13, 6.75e-11
2022-11-09, 00:07:06, 8.3e-13, 6.75e-11
2022-11-09, 00:07:10, 8.94e-13, 6.75e-11
2022-11-09, 00:07:14, 8.84e-13, 6.76e-11
2022-11-09, 00:07:19, 8.45e-13, 6.77e-11
2022-11-09, 00:07:23, 7.98e-13, 6.76e-11
2022-11-09, 00:07:27, 8.37e-13, 6.76e-11
2022-11-09, 00:07:31, 9.23e-13, 6.77e-11
2022-11-09, 00:07:36, 8.69e-13, 6.74e-11
2022-11-09, 00:07:40, 9.31e-13, 6.76e-11
2022-11-09, 00:07:44, 9.47e-13, 6.74e-11
2022-11-09, 00:07:48, 8.24e-13, 6.76e-11
2022-11-09, 00:07:52, 9.07e-13, 6.76e-11
2022-11-09, 00:07:57, 8.96e-13, 6.74e-11
2022-11-09, 00:08:01, 9.09e-13, 6.76e-11
2022-11-09, 00:08:05, 9.19e-13, 6.75e-11
2022-11-09, 00:08:09, 9.03e-13, 6.76e-11
2022-11-09, 00:08:13, 8.56e-13, 6.73e-11
2022-11-09, 00:08:18, 9.31e-13, 6.76e-11
2022-11-09, 00:08:22, 9.38e-13, 6.73e-11
2022-11-09, 00:08:26, 8.87e-13, 6.76e-11
2022-11-09, 00:08:30, 8.76e-13, 6.75e-11
2022-11-09, 00:08:35, 8.65e-13, 6.75e-11
2022-11-09, 00:08:39, 8.22e-13, 6.74e-11
2022-11-09, 00:08:43, 8.65e-13, 6.74e-11
2022-11-09, 00:08:47, 9.03e-13, 6.75e-11
2022-11-09, 00:08:51, 8.66e-13, 6.77e-11
2022-11-09, 00:08:56, 8.48e-13, 6.76e-11
2022-11-09, 00:09:00, 8.9e-13, 6.8e-11
2022-11-09, 00:09:04, 8.97e-13, 6.76e-11
2022-11-09, 00:09:08, 7.83e-13, 6.78e-11
2022-11-09, 00:09:13, 8.68e-13, 6.79e-11
2022-11-09, 00:09:17, 8.65e-13, 6.76e-11
2022-11-09, 00:09:21, 8.53e-13, 6.78e-11
2022-11-09, 00:09:25, 8.74e-13, 6.76e-11
2022-11-09, 00:09:29, 8.22e-13, 6.79e-11
2022-11-09, 00:09:34, 8.63e-13, 6.79e-11
2022-11-09, 00:09:38, 8.05e-13, 6.79e-11
2022-11-09, 00:09:42, 8.69e-13, 6.8e-11
2022-11-09, 00:09:46, 8.94e-13, 6.79e-11
2022-11-09, 00:09:51, 8.91e-13, 6.78e-11
2022-11-09, 00:09:55, 8.79e-13, 6.77e-11
2022-11-09, 00:09:59, 8.94e-13, 6.76e-11
2022-11-09, 00:10:03, 8.14e-13, 6.77e-11
2022-11-09, 00:10:07, 8.48e-13, 6.76e-11
2022-11-09, 00:10:12, 8.55e-13, 6.82e-11
2022-11-09, 00:10:16, 8.27e-13, 6.79e-11
2022-11-09, 00:10:20, 8.99e-13, 6.78e-11
2022-11-09, 00:10:24, 8.2e-13, 6.79e-11
2022-11-09, 00:10:29, 9.44e-13, 6.79e-11
2022-11-09, 00:10:33, 8.67e-13, 6.76e-11
2022-11-09, 00:10:37, 8.98e-13, 6.76e-11
2022-11-09, 00:10:41, 9.12e-13, 6.8e-11
2022-11-09, 00:10:45, 8.45e-13, 6.8e-11
2022-11-09, 00:10:50, 8.53e-13, 6.82e-11
2022-11-09, 00:10:54, 8.62e-13, 6.84e-11
2022-11-09, 00:10:58, 9.06e-13, 6.84e-11
2022-11-09, 00:11:02, 9.2e-13, 6.82e-11
2022-11-09, 00:11:07, 1.03e-12, 6.88e-11
2022-11-09, 00:11:11, 8.53e-13, 6.86e-11
2022-11-09, 00:11:15, 8.92e-13, 6.84e-11
2022-11-09, 00:11:19, 1.02e-12, 6.81e-11
2022-11-09, 00:11:23, 8.95e-13, 6.81e-11
2022-11-09, 00:11:28, 8.68e-13, 6.8e-11
2022-11-09, 00:11:32, 7.8e-13, 6.8e-11
2022-11-09, 00:11:36, 8.56e-13, 6.8e-11
2022-11-09, 00:11:40, 8.48e-13, 6.78e-11
2022-11-09, 00:11:44, 1e-12, 6.78e-11
2022-11-09, 00:11:49, 8.45e-13, 6.8e-11
2022-11-09, 00:11:53, 1.04e-12, 6.77e-11
2022-11-09, 00:11:57, 8.6e-13, 6.76e-11
2022-11-09, 00:12:01, 8.81e-13, 6.76e-11
2022-11-09, 00:12:06, 8.04e-13, 6.78e-11
2022-11-09, 00:12:10, 8.64e-13, 6.77e-11
2022-11-09, 00:12:14, 8.11e-13, 6.78e-11
2022-11-09, 00:12:18, 8.64e-13, 6.76e-11
2022-11-09, 00:12:22, 1.01e-12, 6.77e-11
2022-11-09, 00:12:27, 9.06e-13, 6.76e-11
2022-11-09, 00:12:31, 8.78e-13, 6.79e-11
2022-11-09, 00:12:35, 1.02e-12, 6.77e-11
2022-11-09, 00:12:39, 8.17e-13, 6.78e-11
2022-11-09, 00:12:44, 8.55e-13, 6.8e-11
2022-11-09, 00:12:48, 9.51e-13, 6.79e-11
2022-11-09, 00:12:52, 8.41e-13, 6.77e-11
2022-11-09, 00:12:56, 9.11e-13, 6.76e-11
2022-11-09, 00:13:00, 8.38e-13, 6.76e-11
2022-11-09, 00:13:05, 8.35e-13, 6.78e-11
2022-11-09, 00:13:09, 8.69e-13, 6.78e-11
2022-11-09, 00:13:13, 8.75e-13, 6.8e-11
2022-11-09, 00:13:17, 9.41e-13, 6.79e-11
2022-11-09, 00:13:22, 9.2e-13, 6.8e-11
2022-11-09, 00:13:26, 8.27e-13, 6.8e-11
2022-11-09, 00:13:30, 8.76e-13, 6.81e-11
2022-11-09, 00:13:34, 8.85e-13, 6.81e-11
2022-11-09, 00:13:38, 8.84e-13, 6.84e-11
2022-11-09, 00:13:43, 8.67e-13, 6.79e-11
2022-11-09, 00:13:47, 9.08e-13, 6.78e-11
2022-11-09, 00:13:51, 8.7e-13, 6.83e-11
2022-11-09, 00:13:55, 8.59e-13, 6.81e-11
2022-11-09, 00:14:00, 9.13e-13, 6.78e-11
2022-11-09, 00:14:04, 9.14e-13, 6.77e-11
2022-11-09, 00:14:08, 9.05e-13, 6.8e-11
2022-11-09, 00:14:12, 8.76e-13, 6.81e-11
2022-11-09, 00:14:16, 8.44e-13, 6.83e-11
2022-11-09, 00:14:21, 8.88e-13, 6.8e-11
2022-11-09, 00:14:25, 8.98e-13, 6.79e-11
2022-11-09, 00:14:29, 8.51e-13, 6.84e-11
2022-11-09, 00:14:33, 8.61e-13, 6.86e-11
2022-11-09, 00:14:38, 9.37e-13, 6.81e-11
2022-11-09, 00:14:42, 8.77e-13, 6.82e-11
2022-11-09, 00:14:46, 8.43e-13, 6.82e-11
2022-11-09, 00:14:50, 9.03e-13, 6.83e-11
2022-11-09, 00:14:54, 8.65e-13, 6.82e-11
2022-11-09, 00:14:59, 9.36e-13, 6.81e-11
2022-11-09, 00:15:03, 8.49e-13, 6.84e-11
2022-11-09, 00:15:07, 8.58e-13, 6.86e-11
2022-11-09, 00:15:11, 9.06e-13, 6.84e-11
2022-11-09, 00:15:16, 9.79e-13, 6.81e-11
2022-11-09, 00:15:20, 7.62e-13, 6.83e-11
2022-11-09, 00:15:24, 9.22e-13, 6.82e-11
2022-11-09, 00:15:28, 8.34e-13, 6.84e-11
2022-11-09, 00:15:32, 8.13e-13, 6.86e-11
2022-11-09, 00:15:37, 8.9e-13, 6.84e-11
2022-11-09, 00:15:41, 8.82e-13, 6.84e-11
2022-11-09, 00:15:45, 8.27e-13, 6.84e-11
2022-11-09, 00:15:49, 8.88e-13, 6.84e-11
2022-11-09, 00:15:53, 8.69e-13, 6.83e-11
2022-11-09, 00:15:58, 8.79e-13, 6.84e-11
2022-11-09, 00:16:02, 9.47e-13, 6.83e-11
2022-11-09, 00:16:06, 8.73e-13, 6.83e-11
2022-11-09, 00:16:10, 8.47e-13, 6.82e-11
2022-11-09, 00:16:15, 8.94e-13, 6.82e-11
2022-11-09, 00:16:19, 8.25e-13, 6.84e-11
2022-11-09, 00:16:23, 8.72e-13, 6.83e-11
2022-11-09, 00:16:27, 9.27e-13, 6.83e-11
2022-11-09, 00:16:31, 9.06e-13, 6.81e-11
2022-11-09, 00:16:36, 8.87e-13, 6.83e-11
2022-11-09, 00:16:40, 8.92e-13, 6.84e-11
2022-11-09, 00:16:44, 9.1e-13, 6.82e-11
2022-11-09, 00:16:48, 8.2e-13, 6.81e-11
2022-11-09, 00:16:53, 8.85e-13, 6.86e-11
2022-11-09, 00:16:57, 8.51e-13, 6.84e-11
2022-11-09, 00:17:01, 8.71e-13, 6.83e-11
2022-11-09, 00:17:05, 1.15e-12, 6.84e-11
2022-11-09, 00:17:09, 8.76e-13, 6.84e-11
2022-11-09, 00:17:14, 8.61e-13, 6.82e-11
2022-11-09, 00:17:18, 8.71e-13, 6.84e-11
2022-11-09, 00:17:22, 8.76e-13, 6.82e-11
2022-11-09, 00:17:26, 9.68e-13, 6.84e-11
2022-11-09, 00:17:31, 8.24e-13, 6.83e-11
2022-11-09, 00:17:35, 9.36e-13, 6.83e-11
2022-11-09, 00:17:39, 9.27e-13, 6.85e-11
2022-11-09, 00:17:43, 8.46e-13, 6.83e-11
2022-11-09, 00:17:47, 9.93e-13, 6.8e-11
2022-11-09, 00:17:52, 8.72e-13, 6.87e-11
2022-11-09, 00:17:56, 9.32e-13, 6.81e-11
2022-11-09, 00:18:00, 8.38e-13, 6.85e-11
2022-11-09, 00:18:04, 7.24e-13, 6.81e-11
2022-11-09, 00:18:09, 8.81e-13, 6.81e-11
2022-11-09, 00:18:13, 8.84e-13, 6.82e-11
2022-11-09, 00:18:17, 8.34e-13, 6.85e-11
2022-11-09, 00:18:21, 8.77e-13, 6.81e-11
2022-11-09, 00:18:25, 8.88e-13, 6.85e-11
2022-11-09, 00:18:30, 9.03e-13, 6.84e-11
2022-11-09, 00:18:34, 8.85e-13, 6.85e-11
2022-11-09, 00:18:38, 9.09e-13, 6.88e-11
2022-11-09, 00:18:42, 9.22e-13, 6.81e-11
2022-11-09, 00:18:46, 8.79e-13, 6.86e-11
2022-11-09, 00:18:51, 9.31e-13, 6.83e-11
2022-11-09, 00:18:55, 8.68e-13, 6.83e-11
2022-11-09, 00:18:59, 8.81e-13, 6.85e-11
2022-11-09, 00:19:03, 8.35e-13, 6.85e-11
2022-11-09, 00:19:08, 8.48e-13, 6.85e-11
2022-11-09, 00:19:12, 8.97e-13, 6.83e-11
2022-11-09, 00:19:16, 8.59e-13, 6.82e-11
2022-11-09, 00:19:20, 8.02e-13, 6.82e-11
2022-11-09, 00:19:24, 8.79e-13, 6.81e-11
2022-11-09, 00:19:29, 8.64e-13, 6.82e-11
2022-11-09, 00:19:33, 9.23e-13, 6.82e-11
2022-11-09, 00:19:37, 8.44e-13, 6.81e-11
2022-11-09, 00:19:41, 9.18e-13, 6.84e-11
2022-11-09, 00:19:46, 9.48e-13, 6.83e-11
2022-11-09, 00:19:50, 8.99e-13, 6.86e-11
2022-11-09, 00:19:54, 9.15e-13, 6.84e-11
2022-11-09, 00:19:58, 9.34e-13, 6.85e-11
2022-11-09, 00:20:02, 6.87e-13, 6.83e-11
2022-11-09, 00:20:07, 8.55e-13, 6.83e-11
2022-11-09, 00:20:11, 9.99e-13, 6.8e-11
2022-11-09, 00:20:15, 1.08e-12, 6.84e-11
2022-11-09, 00:20:19, 8.81e-13, 6.84e-11
2022-11-09, 00:20:24, 8.97e-13, 6.84e-11
2022-11-09, 00:20:28, 8.15e-13, 6.9e-11
2022-11-09, 00:20:32, 8.46e-13, 6.85e-11
2022-11-09, 00:20:36, 8.81e-13, 6.86e-11
2022-11-09, 00:20:40, 9.13e-13, 6.88e-11
2022-11-09, 00:20:45, 9.34e-13, 6.84e-11
2022-11-09, 00:20:49, 8.17e-13, 6.82e-11
2022-11-09, 00:20:55, 8.3e-13, 6.86e-11
2022-11-09, 00:20:59, 8.82e-13, 6.83e-11
2022-11-09, 00:21:03, 8.55e-13, 6.84e-11
2022-11-09, 00:21:08, 8.89e-13, 6.82e-11
2022-11-09, 00:21:12, 8.59e-13, 6.84e-11
2022-11-09, 00:21:16, 8.42e-13, 6.8e-11
2022-11-09, 00:21:20, 9.02e-13, 6.82e-11
2022-11-09, 00:21:25, 8.41e-13, 6.84e-11
2022-11-09, 00:21:30, 8.64e-13, 6.85e-11
2022-11-09, 00:21:35, 8.85e-13, 6.82e-11
2022-11-09, 00:21:39, 9.85e-13, 6.83e-11
2022-11-09, 00:21:43, 9.11e-13, 6.82e-11
2022-11-09, 00:21:47, 7.78e-13, 6.82e-11
2022-11-09, 00:21:52, 9.14e-13, 6.82e-11
2022-11-09, 00:21:56, 8.28e-13, 6.83e-11
2022-11-09, 00:22:00, 8.98e-13, 6.81e-11
2022-11-09, 00:22:04, 8.63e-13, 6.84e-11
2022-11-09, 00:22:08, 8.52e-13, 6.82e-11
2022-11-09, 00:22:13, 9.54e-13, 6.8e-11
2022-11-09, 00:22:17, 8.94e-13, 6.81e-11
2022-11-09, 00:22:21, 7.88e-13, 6.8e-11
2022-11-09, 00:22:25, 8.33e-13, 6.83e-11
2022-11-09, 00:22:30, 8.65e-13, 6.81e-11
2022-11-09, 00:22:34, 8.86e-13, 6.81e-11
2022-11-09, 00:22:38, 8.7e-13, 6.8e-11
2022-11-09, 00:22:42, 8.55e-13, 6.82e-11
2022-11-09, 00:22:46, 9.07e-13, 6.8e-11
2022-11-09, 00:22:51, 8.66e-13, 6.82e-11
2022-11-09, 00:22:55, 8.8e-13, 6.83e-11
2022-11-09, 00:22:59, 9.44e-13, 6.82e-11
2022-11-09, 00:23:03, 8.84e-13, 6.81e-11
2022-11-09, 00:23:07, 9.62e-13, 6.82e-11
2022-11-09, 00:23:12, 8.88e-13, 6.79e-11
2022-11-09, 00:23:16, 8.48e-13, 6.78e-11
2022-11-09, 00:23:20, 8.84e-13, 6.81e-11
2022-11-09, 00:23:24, 8.3e-13, 6.84e-11
2022-11-09, 00:23:29, 9.12e-13, 6.79e-11
2022-11-09, 00:23:33, 8.34e-13, 6.79e-11
2022-11-09, 00:23:37, 8.99e-13, 6.78e-11
2022-11-09, 00:23:41, 8.59e-13, 6.78e-11
2022-11-09, 00:23:45, 8.94e-13, 6.77e-11
2022-11-09, 00:23:50, 8.51e-13, 6.83e-11
2022-11-09, 00:23:54, 9.42e-13, 6.84e-11
2022-11-09, 00:23:58, 8.57e-13, 6.87e-11
2022-11-09, 00:24:02, 8.69e-13, 6.81e-11
2022-11-09, 00:24:07, 9.13e-13, 6.85e-11
2022-11-09, 00:24:11, 9.06e-13, 6.86e-11
2022-11-09, 00:24:15, 8.46e-13, 6.85e-11
2022-11-09, 00:24:19, 8.97e-13, 6.83e-11
2022-11-09, 00:24:23, 9.04e-13, 6.84e-11
2022-11-09, 00:24:28, 9e-13, 6.82e-11
2022-11-09, 00:24:32, 9.02e-13, 6.85e-11
2022-11-09, 00:24:36, 8.5e-13, 6.82e-11
2022-11-09, 00:24:40, 7.76e-13, 6.86e-11
2022-11-09, 00:24:45, 8.38e-13, 6.86e-11
2022-11-09, 00:24:49, 8.81e-13, 6.83e-11
2022-11-09, 00:24:53, 8.61e-13, 6.86e-11
2022-11-09, 00:24:57, 9.09e-13, 6.82e-11
2022-11-09, 00:25:01, 8.39e-13, 6.84e-11
2022-11-09, 00:25:06, 8.67e-13, 6.89e-11
2022-11-09, 00:25:10, 8.66e-13, 6.82e-11
2022-11-09, 00:25:14, 8.54e-13, 6.84e-11
2022-11-09, 00:25:18, 1.04e-12, 6.83e-11
2022-11-09, 00:25:23, 8.69e-13, 6.83e-11
2022-11-09, 00:25:27, 8.06e-13, 6.79e-11
2022-11-09, 00:25:31, 8.76e-13, 6.82e-11
2022-11-09, 00:25:35, 8.71e-13, 6.82e-11
2022-11-09, 00:25:39, 9.21e-13, 6.81e-11
2022-11-09, 00:25:44, 9.34e-13, 6.85e-11
2022-11-09, 00:25:48, 8.61e-13, 6.94e-11
2022-11-09, 00:25:52, 8.96e-13, 6.89e-11
2022-11-09, 00:25:56, 8.92e-13, 6.9e-11
2022-11-09, 00:26:01, 8.56e-13, 6.83e-11
2022-11-09, 00:26:05, 8.98e-13, 6.85e-11
2022-11-09, 00:26:09, 8.43e-13, 6.87e-11
2022-11-09, 00:26:13, 7.93e-13, 6.9e-11
2022-11-09, 00:26:17, 8.55e-13, 6.83e-11
2022-11-09, 00:26:22, 8.61e-13, 6.84e-11
2022-11-09, 00:26:26, 8.52e-13, 6.86e-11
2022-11-09, 00:26:30, 8.9e-13, 6.85e-11
2022-11-09, 00:26:34, 7.97e-13, 6.85e-11
2022-11-09, 00:26:39, 8.47e-13, 6.9e-11
2022-11-09, 00:26:43, 8.49e-13, 6.86e-11
2022-11-09, 00:26:47, 8.34e-13, 6.86e-11
2022-11-09, 00:26:51, 9.05e-13, 6.84e-11
2022-11-09, 00:26:55, 8.98e-13, 6.85e-11
2022-11-09, 00:27:00, 8.76e-13, 6.86e-11
2022-11-09, 00:27:04, 8.21e-13, 6.87e-11
2022-11-09, 00:27:08, 8.86e-13, 6.89e-11
2022-11-09, 00:27:12, 8.47e-13, 6.88e-11
2022-11-09, 00:27:17, 8.99e-13, 6.86e-11
2022-11-09, 00:27:21, 8.17e-13, 6.86e-11
2022-11-09, 00:27:25, 8.32e-13, 6.85e-11
2022-11-09, 00:27:29, 8.24e-13, 6.85e-11
2022-11-09, 00:27:33, 8.74e-13, 6.84e-11
2022-11-09, 00:27:38, 8.47e-13, 6.95e-11
2022-11-09, 00:27:42, 8.4e-13, 6.83e-11
2022-11-09, 00:27:46, 8.7e-13, 6.86e-11
2022-11-09, 00:27:50, 9.37e-13, 6.89e-11
2022-11-09, 00:27:55, 8.48e-13, 6.82e-11
2022-11-09, 00:27:59, 8.02e-13, 6.83e-11
2022-11-09, 00:28:03, 8.93e-13, 6.83e-11
2022-11-09, 00:28:07, 8.79e-13, 6.85e-11
2022-11-09, 00:28:11, 9.06e-13, 6.83e-11
2022-11-09, 00:28:16, 8.99e-13, 6.83e-11
2022-11-09, 00:28:20, 8.7e-13, 6.83e-11
2022-11-09, 00:28:24, 9.36e-13, 6.84e-11
2022-11-09, 00:28:28, 8.8e-13, 6.84e-11
2022-11-09, 00:28:32, 7.8e-13, 6.8e-11
2022-11-09, 00:28:37, 9.03e-13, 6.8e-11
2022-11-09, 00:28:41, 8.33e-13, 6.87e-11
2022-11-09, 00:28:45, 9.56e-13, 6.83e-11
2022-11-09, 00:28:49, 8.87e-13, 6.87e-11
2022-11-09, 00:28:54, 8.5e-13, 6.89e-11
2022-11-09, 00:28:58, 8.52e-13, 6.92e-11
2022-11-09, 00:29:02, 8.07e-13, 6.85e-11
2022-11-09, 00:29:06, 8.62e-13, 6.86e-11
2022-11-09, 00:29:10, 9.12e-13, 6.88e-11
2022-11-09, 00:29:15, 8.86e-13, 6.84e-11
2022-11-09, 00:29:19, 9.58e-13, 6.85e-11
2022-11-09, 00:29:23, 8.07e-13, 6.84e-11
2022-11-09, 00:29:27, 8.72e-13, 6.87e-11
2022-11-09, 00:29:32, 8.53e-13, 6.86e-11
2022-11-09, 00:29:36, 9.02e-13, 6.88e-11
2022-11-09, 00:29:40, 8.74e-13, 6.86e-11
2022-11-09, 00:29:44, 8.51e-13, 6.88e-11
2022-11-09, 00:29:48, 8.51e-13, 6.85e-11
2022-11-09, 00:29:53, 9.13e-13, 6.83e-11
2022-11-09, 00:29:57, 8.68e-13, 6.84e-11
2022-11-09, 00:30:01, 8.48e-13, 6.88e-11
2022-11-09, 00:30:05, 9.22e-13, 6.83e-11
2022-11-09, 00:30:10, 9.09e-13, 6.84e-11
2022-11-09, 00:30:14, 8.86e-13, 6.83e-11
2022-11-09, 00:30:18, 8.07e-13, 6.84e-11
2022-11-09, 00:30:32, 8.62e-13, 6.88e-11
2022-11-09, 00:30:37, 9.05e-13, 6.84e-11
2022-11-09, 00:30:41, 8.9e-13, 6.87e-11
2022-11-09, 00:30:45, 8.87e-13, 6.79e-11
2022-11-09, 00:30:49, 8.22e-13, 6.81e-11
2022-11-09, 00:30:54, 9.06e-13, 6.79e-11
2022-11-09, 00:30:58, 8.61e-13, 6.81e-11
2022-11-09, 00:31:02, 8.63e-13, 6.84e-11
2022-11-09, 00:31:06, 8.47e-13, 6.8e-11
2022-11-09, 00:31:10, 8.65e-13, 6.82e-11
2022-11-09, 00:31:15, 8.6e-13, 6.82e-11
2022-11-09, 00:31:19, 9.18e-13, 6.84e-11
2022-11-09, 00:31:23, 8.62e-13, 6.82e-11
2022-11-09, 00:31:27, 8.35e-13, 6.84e-11
2022-11-09, 00:31:32, 9.35e-13, 6.89e-11
2022-11-09, 00:31:36, 1.01e-12, 6.89e-11
2022-11-09, 00:31:40, 8.78e-13, 6.89e-11
2022-11-09, 00:31:44, 8.15e-13, 6.87e-11
2022-11-09, 00:31:48, 8.24e-13, 6.86e-11
2022-11-09, 00:31:53, 9.02e-13, 6.85e-11
2022-11-09, 00:31:57, 8.68e-13, 6.88e-11
2022-11-09, 00:32:01, 8.5e-13, 6.86e-11
2022-11-09, 00:32:05, 9.53e-13, 6.84e-11
2022-11-09, 00:32:10, 8.97e-13, 6.84e-11
2022-11-09, 00:32:14, 8.59e-13, 6.81e-11
2022-11-09, 00:32:18, 8.55e-13, 6.84e-11
2022-11-09, 00:32:22, 9.35e-13, 6.82e-11
2022-11-09, 00:32:26, 9.08e-13, 6.8e-11
2022-11-09, 00:32:31, 9.01e-13, 6.82e-11
2022-11-09, 00:32:35, 9.53e-13, 6.84e-11
2022-11-09, 00:32:39, 8.71e-13, 6.83e-11
2022-11-09, 00:32:43, 8.09e-13, 6.83e-11
2022-11-09, 00:32:47, 8.68e-13, 6.82e-11
2022-11-09, 00:32:52, 9.01e-13, 6.81e-11
2022-11-09, 00:32:56, 9.72e-13, 6.85e-11
2022-11-09, 00:33:00, 8.9e-13, 6.84e-11
2022-11-09, 00:33:04, 8.42e-13, 6.83e-11
2022-11-09, 00:33:09, 8.06e-13, 6.83e-11
2022-11-09, 00:33:13, 9.16e-13, 6.86e-11
2022-11-09, 00:33:17, 8.65e-13, 6.84e-11
2022-11-09, 00:33:21, 8.6e-13, 6.83e-11
2022-11-09, 00:33:25, 9.56e-13, 6.84e-11
2022-11-09, 00:33:30, 8.7e-13, 6.88e-11
2022-11-09, 00:33:34, 8.61e-13, 6.85e-11
2022-11-09, 00:33:38, 8.06e-13, 6.88e-11
2022-11-09, 00:33:42, 1e-12, 6.82e-11
2022-11-09, 00:33:47, 9.02e-13, 6.82e-11
2022-11-09, 00:33:51, 1.04e-12, 6.8e-11
2022-11-09, 00:33:55, 8.82e-13, 6.81e-11
2022-11-09, 00:33:59, 8.99e-13, 6.8e-11
2022-11-09, 00:34:03, 8.35e-13, 6.79e-11
2022-11-09, 00:34:08, 8.95e-13, 6.82e-11
2022-11-09, 00:34:12, 8.92e-13, 6.81e-11
2022-11-09, 00:34:16, 1.03e-12, 6.84e-11
2022-11-09, 00:34:20, 9.14e-13, 6.84e-11
2022-11-09, 00:34:25, 8.55e-13, 6.83e-11
2022-11-09, 00:34:29, 8.44e-13, 6.82e-11
2022-11-09, 00:34:33, 9.15e-13, 6.87e-11
2022-11-09, 00:34:37, 9.05e-13, 6.83e-11
2022-11-09, 00:34:41, 9.47e-13, 6.84e-11
2022-11-09, 00:34:46, 8.42e-13, 6.84e-11
2022-11-09, 00:34:50, 8.1e-13, 6.81e-11
2022-11-09, 00:34:54, 8.97e-13, 6.87e-11
2022-11-09, 00:34:58, 9.48e-13, 6.85e-11
2022-11-09, 00:35:03, 9.13e-13, 6.81e-11
2022-11-09, 00:35:07, 8.76e-13, 6.86e-11
2022-11-09, 00:35:11, 1.05e-12, 6.83e-11
2022-11-09, 00:35:15, 8.02e-13, 6.85e-11
2022-11-09, 00:35:19, 8.5e-13, 6.83e-11
2022-11-09, 00:35:24, 8.68e-13, 6.85e-11
2022-11-09, 00:35:28, 8.21e-13, 6.83e-11
2022-11-09, 00:35:32, 8.48e-13, 6.83e-11
2022-11-09, 00:35:36, 8.39e-13, 6.86e-11
2022-11-09, 00:35:40, 9.42e-13, 6.8e-11
2022-11-09, 00:35:45, 8.98e-13, 6.83e-11
2022-11-09, 00:35:49, 8.31e-13, 6.85e-11
2022-11-09, 00:35:53, 8.93e-13, 6.83e-11
2022-11-09, 00:35:57, 8.98e-13, 6.83e-11
2022-11-09, 00:36:02, 9e-13, 6.91e-11
2022-11-09, 00:36:06, 8.88e-13, 6.78e-11
2022-11-09, 00:36:10, 9.22e-13, 6.8e-11
2022-11-09, 00:36:14, 8.65e-13, 6.78e-11
2022-11-09, 00:36:18, 8.74e-13, 6.78e-11
2022-11-09, 00:36:23, 8.81e-13, 6.83e-11
2022-11-09, 00:36:27, 8.62e-13, 6.81e-11
2022-11-09, 00:36:31, 8.72e-13, 6.8e-11
2022-11-09, 00:36:35, 8.49e-13, 6.77e-11
2022-11-09, 00:36:40, 1.09e-12, 6.79e-11
2022-11-09, 00:36:44, 9.46e-13, 6.81e-11
2022-11-09, 00:36:48, 9.15e-13, 6.82e-11
2022-11-09, 00:36:52, 7.73e-13, 6.77e-11
2022-11-09, 00:36:56, 9.14e-13, 6.76e-11
2022-11-09, 00:37:01, 6.99e-13, 6.81e-11
2022-11-09, 00:37:05, 8.42e-13, 6.76e-11
2022-11-09, 00:37:09, 8.3e-13, 6.79e-11
2022-11-09, 00:37:13, 8.37e-13, 6.79e-11
2022-11-09, 00:37:18, 8.57e-13, 6.81e-11
2022-11-09, 00:37:22, 9.33e-13, 6.77e-11
2022-11-09, 00:37:26, 9.08e-13, 6.78e-11
2022-11-09, 00:37:30, 9.27e-13, 6.81e-11
2022-11-09, 00:37:34, 9.38e-13, 6.79e-11
2022-11-09, 00:37:39, 8.99e-13, 6.79e-11
2022-11-09, 00:37:43, 8.72e-13, 6.77e-11
2022-11-09, 00:37:47, 9.35e-13, 6.84e-11
2022-11-09, 00:37:51, 8.66e-13, 6.78e-11
2022-11-09, 00:37:56, 9.12e-13, 6.8e-11
2022-11-09, 00:38:00, 9.11e-13, 6.78e-11
2022-11-09, 00:38:04, 8.87e-13, 6.8e-11
2022-11-09, 00:38:08, 9.39e-13, 6.8e-11
2022-11-09, 00:38:12, 8.69e-13, 6.79e-11
2022-11-09, 00:38:17, 8.9e-13, 6.79e-11
2022-11-09, 00:38:21, 8.9e-13, 6.8e-11
2022-11-09, 00:38:25, 8.88e-13, 6.77e-11
2022-11-09, 00:38:29, 8.62e-13, 6.77e-11
2022-11-09, 00:38:34, 8.99e-13, 6.78e-11
2022-11-09, 00:38:38, 8.94e-13, 6.78e-11
2022-11-09, 00:38:42, 9.04e-13, 6.79e-11
2022-11-09, 00:38:46, 8.75e-13, 6.76e-11
2022-11-09, 00:38:50, 9.19e-13, 6.78e-11
2022-11-09, 00:38:55, 8.6e-13, 6.82e-11
2022-11-09, 00:38:59, 8.61e-13, 6.83e-11
2022-11-09, 00:39:03, 8.64e-13, 6.78e-11
2022-11-09, 00:39:07, 8.77e-13, 6.77e-11
2022-11-09, 00:39:12, 9.19e-13, 6.77e-11
2022-11-09, 00:39:16, 9.07e-13, 6.79e-11
2022-11-09, 00:39:20, 9.11e-13, 6.77e-11
2022-11-09, 00:39:24, 8.37e-13, 6.75e-11
2022-11-09, 00:39:28, 9.02e-13, 6.75e-11
2022-11-09, 00:39:33, 8.78e-13, 6.74e-11
2022-11-09, 00:39:37, 8.92e-13, 6.77e-11
2022-11-09, 00:39:41, 9.11e-13, 6.76e-11
2022-11-09, 00:39:45, 9.32e-13, 6.74e-11
2022-11-09, 00:39:49, 8.96e-13, 6.77e-11
2022-11-09, 00:39:54, 9e-13, 6.76e-11
2022-11-09, 00:39:58, 8.57e-13, 6.77e-11
2022-11-09, 00:40:02, 8.71e-13, 6.76e-11
2022-11-09, 00:40:06, 8.97e-13, 6.77e-11
2022-11-09, 00:40:11, 8.98e-13, 6.78e-11
2022-11-09, 00:40:15, 8.13e-13, 6.77e-11
2022-11-09, 00:40:19, 9.39e-13, 6.79e-11
2022-11-09, 00:40:23, 8.66e-13, 6.75e-11
2022-11-09, 00:40:27, 9.03e-13, 6.76e-11
2022-11-09, 00:40:32, 8.7e-13, 6.77e-11
2022-11-09, 00:40:36, 8.98e-13, 6.76e-11
2022-11-09, 00:40:40, 8.89e-13, 6.78e-11
2022-11-09, 00:40:44, 8.15e-13, 6.74e-11
2022-11-09, 00:40:49, 8.37e-13, 6.78e-11
2022-11-09, 00:40:53, 9.08e-13, 6.77e-11
2022-11-09, 00:40:57, 8.83e-13, 6.75e-11
2022-11-09, 00:41:01, 8.46e-13, 6.77e-11
2022-11-09, 00:41:05, 7.02e-13, 6.76e-11
2022-11-09, 00:41:10, 8.05e-13, 6.77e-11
2022-11-09, 00:41:14, 8.71e-13, 6.76e-11
2022-11-09, 00:41:18, 9.53e-13, 6.79e-11
2022-11-09, 00:41:22, 7.37e-13, 6.78e-11
2022-11-09, 00:41:27, 8.91e-13, 6.79e-11
2022-11-09, 00:41:31, 9.95e-13, 6.75e-11
2022-11-09, 00:41:35, 9.13e-13, 6.76e-11
2022-11-09, 00:41:39, 8.85e-13, 6.79e-11
2022-11-09, 00:41:43, 8.9e-13, 6.81e-11
2022-11-09, 00:41:48, 9.24e-13, 6.76e-11
2022-11-09, 00:41:52, 8.5e-13, 6.79e-11
2022-11-09, 00:41:56, 9.67e-13, 6.78e-11
2022-11-09, 00:42:00, 8.95e-13, 6.8e-11
2022-11-09, 00:42:05, 8.59e-13, 6.79e-11
2022-11-09, 00:42:09, 8.74e-13, 6.77e-11
2022-11-09, 00:42:13, 7.88e-13, 6.78e-11
2022-11-09, 00:42:17, 8.57e-13, 6.8e-11
2022-11-09, 00:42:21, 9.04e-13, 6.81e-11
2022-11-09, 00:42:26, 8.7e-13, 6.81e-11
2022-11-09, 00:42:30, 8.78e-13, 6.78e-11
2022-11-09, 00:42:34, 8.87e-13, 6.81e-11
2022-11-09, 00:42:38, 8.48e-13, 6.81e-11
2022-11-09, 00:42:43, 7.62e-13, 6.85e-11
2022-11-09, 00:42:47, 8.77e-13, 6.83e-11
2022-11-09, 00:42:51, 8.61e-13, 6.82e-11
2022-11-09, 00:42:55, 8.75e-13, 6.8e-11
2022-11-09, 00:42:59, 8.01e-13, 6.81e-11
2022-11-09, 00:43:04, 9.02e-13, 6.8e-11
2022-11-09, 00:43:08, 9.76e-13, 6.8e-11
2022-11-09, 00:43:12, 8.67e-13, 6.78e-11
2022-11-09, 00:43:16, 8.77e-13, 6.79e-11
2022-11-09, 00:43:20, 8.57e-13, 6.76e-11
2022-11-09, 00:43:25, 9.1e-13, 6.76e-11
2022-11-09, 00:43:29, 9.31e-13, 6.8e-11
2022-11-09, 00:43:33, 8.51e-13, 6.8e-11
2022-11-09, 00:43:37, 8.93e-13, 6.77e-11
2022-11-09, 00:43:42, 9.42e-13, 6.78e-11
2022-11-09, 00:43:46, 9.4e-13, 6.76e-11
2022-11-09, 00:43:50, 9.23e-13, 6.76e-11
2022-11-09, 00:43:54, 8.22e-13, 6.81e-11
2022-11-09, 00:43:58, 9.41e-13, 6.8e-11
2022-11-09, 00:44:03, 9.42e-13, 6.82e-11
2022-11-09, 00:44:07, 8.39e-13, 6.8e-11
2022-11-09, 00:44:11, 7.28e-13, 6.83e-11
2022-11-09, 00:44:15, 9.13e-13, 6.86e-11
2022-11-09, 00:44:20, 8.51e-13, 6.83e-11
2022-11-09, 00:44:24, 8.52e-13, 6.82e-11
2022-11-09, 00:44:28, 9.02e-13, 6.85e-11
2022-11-09, 00:44:32, 9.1e-13, 6.87e-11
2022-11-09, 00:44:36, 8.53e-13, 6.84e-11
2022-11-09, 00:44:41, 8.78e-13, 6.83e-11
2022-11-09, 00:44:45, 8.86e-13, 6.86e-11
2022-11-09, 00:44:49, 1.03e-12, 6.83e-11
2022-11-09, 00:44:53, 8.14e-13, 6.81e-11
2022-11-09, 00:44:58, 9.38e-13, 6.84e-11
2022-11-09, 00:45:02, 8.05e-13, 6.81e-11
2022-11-09, 00:45:06, 9.11e-13, 6.83e-11
2022-11-09, 00:45:10, 1.07e-12, 6.82e-11
2022-11-09, 00:45:14, 9.2e-13, 6.84e-11
2022-11-09, 00:45:19, 8.91e-13, 6.8e-11
2022-11-09, 00:45:23, 8.83e-13, 6.84e-11
2022-11-09, 00:45:27, 8e-13, 6.9e-11
2022-11-09, 00:45:31, 8.59e-13, 6.93e-11
2022-11-09, 00:45:36, 8.27e-13, 6.9e-11
2022-11-09, 00:45:40, 8.85e-13, 6.85e-11
2022-11-09, 00:45:44, 9.05e-13, 6.84e-11
2022-11-09, 00:45:48, 8.81e-13, 6.83e-11
2022-11-09, 00:45:52, 8.69e-13, 6.8e-11
2022-11-09, 00:45:57, 8.74e-13, 6.84e-11
2022-11-09, 00:46:01, 8.53e-13, 6.84e-11
2022-11-09, 00:46:05, 8.5e-13, 6.78e-11
2022-11-09, 00:46:09, 8.16e-13, 6.81e-11
2022-11-09, 00:46:14, 9.29e-13, 6.82e-11
2022-11-09, 00:46:18, 8.94e-13, 6.81e-11
2022-11-09, 00:46:22, 9.02e-13, 6.82e-11
2022-11-09, 00:46:26, 8.66e-13, 6.82e-11
2022-11-09, 00:46:30, 8.95e-13, 6.83e-11
2022-11-09, 00:46:35, 8.8e-13, 6.83e-11
2022-11-09, 00:46:39, 9.48e-13, 6.83e-11
2022-11-09, 00:46:43, 8.8e-13, 6.81e-11
2022-11-09, 00:46:47, 8.72e-13, 6.83e-11
2022-11-09, 00:46:52, 8.23e-13, 6.83e-11
2022-11-09, 00:46:56, 8.37e-13, 6.82e-11
2022-11-09, 00:47:00, 8.34e-13, 6.83e-11
2022-11-09, 00:47:04, 8.63e-13, 6.8e-11
2022-11-09, 00:47:08, 8.75e-13, 6.8e-11
2022-11-09, 00:47:13, 9.17e-13, 6.8e-11
2022-11-09, 00:47:17, 9.02e-13, 6.84e-11
2022-11-09, 00:47:21, 8.94e-13, 6.8e-11
2022-11-09, 00:47:25, 7.95e-13, 6.78e-11
2022-11-09, 00:47:29, 9.18e-13, 6.79e-11
2022-11-09, 00:47:34, 8.69e-13, 6.79e-11
2022-11-09, 00:47:38, 8.6e-13, 6.82e-11
2022-11-09, 00:47:42, 8.99e-13, 6.84e-11
2022-11-09, 00:47:46, 8.27e-13, 6.82e-11
2022-11-09, 00:47:51, 8.8e-13, 6.81e-11
2022-11-09, 00:47:55, 8.95e-13, 6.83e-11
2022-11-09, 00:47:59, 8.67e-13, 6.85e-11
2022-11-09, 00:48:03, 8.58e-13, 6.79e-11
2022-11-09, 00:48:07, 8.4e-13, 6.9e-11
2022-11-09, 00:48:12, 9e-13, 6.86e-11
2022-11-09, 00:48:16, 9.57e-13, 6.83e-11
2022-11-09, 00:48:20, 8.83e-13, 6.81e-11
2022-11-09, 00:48:24, 9.6e-13, 6.86e-11
2022-11-09, 00:48:29, 7.26e-13, 6.81e-11
2022-11-09, 00:48:33, 8.78e-13, 6.82e-11
2022-11-09, 00:48:37, 8.52e-13, 6.83e-11
2022-11-09, 00:48:41, 8.86e-13, 6.82e-11
2022-11-09, 00:48:45, 8.17e-13, 6.82e-11
2022-11-09, 00:48:50, 9.25e-13, 6.83e-11
2022-11-09, 00:48:54, 9.02e-13, 6.8e-11
2022-11-09, 00:48:58, 9.14e-13, 6.78e-11
2022-11-09, 00:49:02, 9.01e-13, 6.81e-11
2022-11-09, 00:49:07, 8.69e-13, 6.8e-11
2022-11-09, 00:49:11, 8.72e-13, 6.8e-11
2022-11-09, 00:49:15, 8.31e-13, 6.8e-11
2022-11-09, 00:49:19, 8.82e-13, 6.8e-11
2022-11-09, 00:49:23, 9.6e-13, 6.83e-11
2022-11-09, 00:49:28, 9.44e-13, 6.8e-11
2022-11-09, 00:49:32, 8.92e-13, 6.77e-11
2022-11-09, 00:49:36, 8.57e-13, 6.79e-11
2022-11-09, 00:49:40, 9.09e-13, 6.77e-11
2022-11-09, 00:49:45, 8.6e-13, 6.78e-11
2022-11-09, 00:49:49, 9.05e-13, 6.82e-11
2022-11-09, 00:49:53, 8.47e-13, 6.77e-11
2022-11-09, 00:49:57, 8.31e-13, 6.77e-11
2022-11-09, 00:50:01, 9.14e-13, 6.8e-11
2022-11-09, 00:50:06, 9.45e-13, 6.76e-11
2022-11-09, 00:50:10, 8.7e-13, 6.79e-11
2022-11-09, 00:50:14, 8.79e-13, 6.76e-11
2022-11-09, 00:50:18, 9.04e-13, 6.76e-11
2022-11-09, 00:50:23, 8.46e-13, 6.77e-11
2022-11-09, 00:50:27, 9.2e-13, 6.77e-11
2022-11-09, 00:50:31, 8.39e-13, 6.79e-11
2022-11-09, 00:50:35, 8.49e-13, 6.77e-11
2022-11-09, 00:50:39, 8.46e-13, 6.8e-11
2022-11-09, 00:50:44, 9.14e-13, 6.79e-11
2022-11-09, 00:50:48, 8.57e-13, 6.78e-11
2022-11-09, 00:50:52, 8.66e-13, 6.74e-11
2022-11-09, 00:50:56, 8.73e-13, 6.81e-11
2022-11-09, 00:51:01, 8.7e-13, 6.78e-11
2022-11-09, 00:51:05, 7.94e-13, 6.8e-11
2022-11-09, 00:51:09, 9.36e-13, 6.79e-11
2022-11-09, 00:51:13, 8.57e-13, 6.81e-11
2022-11-09, 00:51:17, 9.54e-13, 6.81e-11
2022-11-09, 00:51:22, 8.68e-13, 6.81e-11
2022-11-09, 00:51:26, 7.83e-13, 6.76e-11
2022-11-09, 00:51:30, 8.97e-13, 6.78e-11
2022-11-09, 00:51:34, 8.98e-13, 6.8e-11
2022-11-09, 00:51:38, 9.25e-13, 6.8e-11
2022-11-09, 00:51:43, 9.84e-13, 6.78e-11
2022-11-09, 00:51:47, 8.64e-13, 6.81e-11
2022-11-09, 00:51:51, 8.26e-13, 6.78e-11
2022-11-09, 00:51:55, 8.73e-13, 6.83e-11
2022-11-09, 00:52:00, 8.73e-13, 6.79e-11
2022-11-09, 00:52:04, 1.01e-12, 6.8e-11
2022-11-09, 00:52:08, 8.57e-13, 6.8e-11
2022-11-09, 00:52:12, 8.06e-13, 6.81e-11
2022-11-09, 00:52:16, 8.24e-13, 6.75e-11
2022-11-09, 00:52:21, 8.89e-13, 6.81e-11
2022-11-09, 00:52:25, 8.48e-13, 6.83e-11
2022-11-09, 00:52:29, 8.38e-13, 6.81e-11
2022-11-09, 00:52:33, 8.51e-13, 6.8e-11
2022-11-09, 00:52:38, 9.02e-13, 6.82e-11
2022-11-09, 00:52:42, 9.26e-13, 6.78e-11
2022-11-09, 00:52:46, 8.85e-13, 6.78e-11
2022-11-09, 00:52:50, 7.86e-13, 6.79e-11
2022-11-09, 00:52:54, 8.6e-13, 6.79e-11
2022-11-09, 00:52:59, 8.43e-13, 6.79e-11
2022-11-09, 00:53:03, 8.53e-13, 6.81e-11
2022-11-09, 00:53:07, 8.5e-13, 6.77e-11
2022-11-09, 00:53:11, 9.06e-13, 6.82e-11
2022-11-09, 00:53:16, 8.59e-13, 6.79e-11
2022-11-09, 00:53:20, 8.58e-13, 6.77e-11
2022-11-09, 00:53:24, 8.59e-13, 6.8e-11
2022-11-09, 00:53:28, 9.02e-13, 6.8e-11
2022-11-09, 00:53:32, 8.77e-13, 6.8e-11
2022-11-09, 00:53:37, 9.05e-13, 6.84e-11
2022-11-09, 00:53:41, 8.64e-13, 6.82e-11
2022-11-09, 00:53:45, 9.3e-13, 6.8e-11
2022-11-09, 00:53:49, 8.22e-13, 6.78e-11
2022-11-09, 00:53:54, 9.13e-13, 6.78e-11
2022-11-09, 00:53:58, 9.11e-13, 6.78e-11
2022-11-09, 00:54:02, 8.73e-13, 6.82e-11
2022-11-09, 00:54:06, 8.64e-13, 6.8e-11
2022-11-09, 00:54:10, 8.55e-13, 6.82e-11
2022-11-09, 00:54:15, 8.33e-13, 6.8e-11
2022-11-09, 00:54:19, 9.49e-13, 6.79e-11
2022-11-09, 00:54:23, 8.7e-13, 6.83e-11
2022-11-09, 00:54:27, 8.85e-13, 6.81e-11
2022-11-09, 00:54:32, 8.68e-13, 6.79e-11
2022-11-09, 00:54:36, 8.94e-13, 6.78e-11
2022-11-09, 00:54:40, 9.21e-13, 6.77e-11
2022-11-09, 00:54:44, 9.15e-13, 6.79e-11
2022-11-09, 00:54:48, 9.53e-13, 6.77e-11
2022-11-09, 00:54:53, 8.28e-13, 6.76e-11
2022-11-09, 00:54:57, 8.87e-13, 6.75e-11
2022-11-09, 00:55:01, 8.67e-13, 6.76e-11
2022-11-09, 00:55:05, 8e-13, 6.76e-11
2022-11-09, 00:55:09, 8.74e-13, 6.74e-11
2022-11-09, 00:55:14, 9.38e-13, 6.8e-11
2022-11-09, 00:55:18, 9.74e-13, 6.79e-11
2022-11-09, 00:55:22, 8.27e-13, 6.76e-11
2022-11-09, 00:55:26, 8.07e-13, 6.76e-11
2022-11-09, 00:55:31, 8.93e-13, 6.77e-11
2022-11-09, 00:55:35, 9.22e-13, 6.78e-11
2022-11-09, 00:55:39, 8.85e-13, 6.79e-11
2022-11-09, 00:55:43, 9.13e-13, 6.78e-11
2022-11-09, 00:55:47, 8.41e-13, 6.76e-11
2022-11-09, 00:55:52, 9.01e-13, 6.76e-11
2022-11-09, 00:55:56, 8.54e-13, 6.79e-11
2022-11-09, 00:56:00, 8.84e-13, 6.81e-11
2022-11-09, 00:56:04, 9.05e-13, 6.79e-11
2022-11-09, 00:56:09, 8.95e-13, 6.81e-11
2022-11-09, 00:56:13, 8.61e-13, 6.79e-11
2022-11-09, 00:56:17, 8.29e-13, 6.82e-11
2022-11-09, 00:56:21, 8.72e-13, 6.79e-11
2022-11-09, 00:56:25, 8.87e-13, 6.77e-11
2022-11-09, 00:56:30, 8.91e-13, 6.78e-11
2022-11-09, 00:56:34, 8.65e-13, 6.79e-11
2022-11-09, 00:56:38, 8.79e-13, 6.76e-11
2022-11-09, 00:56:42, 8.61e-13, 6.77e-11
2022-11-09, 00:56:47, 8.77e-13, 6.8e-11
2022-11-09, 00:56:51, 1.04e-12, 6.76e-11
2022-11-09, 00:56:55, 8.95e-13, 6.79e-11
2022-11-09, 00:56:59, 9.38e-13, 6.78e-11
2022-11-09, 00:57:03, 8.78e-13, 6.78e-11
2022-11-09, 00:57:08, 8.68e-13, 6.77e-11
2022-11-09, 00:57:12, 9.02e-13, 6.82e-11
2022-11-09, 00:57:16, 8.76e-13, 6.74e-11
2022-11-09, 00:57:20, 8.9e-13, 6.8e-11
2022-11-09, 00:57:25, 9.01e-13, 6.79e-11
2022-11-09, 00:57:29, 8.72e-13, 6.84e-11
2022-11-09, 00:57:33, 7.33e-13, 6.79e-11
2022-11-09, 00:57:37, 8.27e-13, 6.8e-11
2022-11-09, 00:57:41, 9.19e-13, 6.82e-11
2022-11-09, 00:57:46, 8.91e-13, 6.8e-11
2022-11-09, 00:57:50, 8.23e-13, 6.77e-11
2022-11-09, 00:57:54, 8.55e-13, 6.81e-11
2022-11-09, 00:57:58, 8.68e-13, 6.79e-11
2022-11-09, 00:58:03, 8.82e-13, 6.79e-11
2022-11-09, 00:58:07, 9.66e-13, 6.79e-11
2022-11-09, 00:58:11, 8.99e-13, 6.78e-11
2022-11-09, 00:58:15, 9.28e-13, 6.77e-11
2022-11-09, 00:58:19, 8.5e-13, 6.78e-11
2022-11-09, 00:58:24, 9.04e-13, 6.78e-11
2022-11-09, 00:58:28, 9.05e-13, 6.76e-11
2022-11-09, 00:58:32, 8.9e-13, 6.84e-11
2022-11-09, 00:58:36, 8.63e-13, 6.78e-11
2022-11-09, 00:58:40, 7.67e-13, 6.82e-11
2022-11-09, 00:58:45, 8.95e-13, 6.85e-11
2022-11-09, 00:58:49, 8.19e-13, 6.83e-11
2022-11-09, 00:58:53, 8.84e-13, 6.8e-11
2022-11-09, 00:58:57, 8.89e-13, 6.78e-11
2022-11-09, 00:59:02, 9.02e-13, 6.78e-11
2022-11-09, 00:59:06, 9.51e-13, 6.75e-11
2022-11-09, 00:59:10, 9.08e-13, 6.77e-11
2022-11-09, 00:59:14, 8.09e-13, 6.77e-11
2022-11-09, 00:59:18, 8.85e-13, 6.75e-11
2022-11-09, 00:59:23, 8.44e-13, 6.75e-11
2022-11-09, 00:59:27, 9.35e-13, 6.75e-11
2022-11-09, 00:59:31, 9.15e-13, 6.77e-11
2022-11-09, 00:59:35, 9.17e-13, 6.77e-11
2022-11-09, 00:59:40, 8.35e-13, 6.74e-11
2022-11-09, 00:59:44, 8.38e-13, 6.78e-11
2022-11-09, 00:59:48, 8.86e-13, 6.76e-11
2022-11-09, 00:59:52, 8.75e-13, 6.77e-11
2022-11-09, 00:59:56, 8.61e-13, 6.77e-11
2022-11-09, 01:00:01, 8.02e-13, 6.79e-11
2022-11-09, 01:00:05, 8.91e-13, 6.79e-11
2022-11-09, 01:00:09, 8.14e-13, 6.79e-11
2022-11-09, 01:00:13, 8.39e-13, 6.79e-11
2022-11-09, 01:00:18, 9.05e-13, 6.79e-11
2022-11-09, 01:00:22, 8.14e-13, 6.8e-11
2022-11-09, 01:00:26, 8.4e-13, 6.8e-11
2022-11-09, 01:00:30, 9.05e-13, 6.77e-11
2022-11-09, 01:00:34, 9.34e-13, 6.78e-11
2022-11-09, 01:00:39, 8.53e-13, 6.76e-11
2022-11-09, 01:00:43, 9.48e-13, 6.79e-11
2022-11-09, 01:00:47, 8.98e-13, 6.77e-11
2022-11-09, 01:00:51, 8.96e-13, 6.78e-11
2022-11-09, 01:00:56, 8.37e-13, 6.78e-11
2022-11-09, 01:01:00, 9e-13, 6.76e-11
2022-11-09, 01:01:04, 7.4e-13, 6.8e-11
2022-11-09, 01:01:08, 8.92e-13, 6.78e-11
2022-11-09, 01:01:12, 9.56e-13, 6.82e-11
2022-11-09, 01:01:17, 8.06e-13, 6.79e-11
2022-11-09, 01:01:21, 8.77e-13, 6.78e-11
2022-11-09, 01:01:25, 8.91e-13, 6.8e-11
2022-11-09, 01:01:29, 8.46e-13, 6.8e-11
2022-11-09, 01:01:34, 8.76e-13, 6.8e-11
2022-11-09, 01:01:38, 8.71e-13, 6.8e-11
2022-11-09, 01:01:42, 8.2e-13, 6.82e-11
2022-11-09, 01:01:46, 7.43e-13, 6.78e-11
2022-11-09, 01:01:50, 9.09e-13, 6.77e-11
2022-11-09, 01:01:55, 8.81e-13, 6.8e-11
2022-11-09, 01:01:59, 8.54e-13, 6.8e-11
2022-11-09, 01:02:03, 8.3e-13, 6.81e-11
2022-11-09, 01:02:07, 8.58e-13, 6.82e-11
2022-11-09, 01:02:12, 9.04e-13, 6.81e-11
2022-11-09, 01:02:16, 9.32e-13, 6.78e-11
2022-11-09, 01:02:20, 7.35e-13, 6.76e-11
2022-11-09, 01:02:24, 9.9e-13, 6.82e-11
2022-11-09, 01:02:28, 8.43e-13, 6.8e-11
2022-11-09, 01:02:33, 8.32e-13, 6.78e-11
2022-11-09, 01:02:37, 8.82e-13, 6.75e-11
2022-11-09, 01:02:41, 9.04e-13, 6.78e-11
2022-11-09, 01:02:45, 8.12e-13, 6.73e-11
2022-11-09, 01:02:49, 8.81e-13, 6.76e-11
2022-11-09, 01:02:54, 8.77e-13, 6.75e-11
2022-11-09, 01:02:58, 9.64e-13, 6.74e-11
2022-11-09, 01:03:02, 8.93e-13, 6.75e-11
2022-11-09, 01:03:06, 8.79e-13, 6.74e-11
2022-11-09, 01:03:11, 8.27e-13, 6.74e-11
2022-11-09, 01:03:15, 9.38e-13, 6.74e-11
2022-11-09, 01:03:19, 8.62e-13, 6.76e-11
2022-11-09, 01:03:23, 8.58e-13, 6.77e-11
2022-11-09, 01:03:27, 8.99e-13, 6.76e-11
2022-11-09, 01:03:32, 9.06e-13, 6.73e-11
2022-11-09, 01:03:36, 8.25e-13, 6.72e-11
2022-11-09, 01:03:40, 8.1e-13, 6.71e-11
2022-11-09, 01:03:44, 9.26e-13, 6.72e-11
2022-11-09, 01:03:49, 8.32e-13, 6.72e-11
2022-11-09, 01:03:53, 8.87e-13, 6.73e-11
2022-11-09, 01:03:57, 9.49e-13, 6.72e-11
2022-11-09, 01:04:01, 8.21e-13, 6.75e-11
2022-11-09, 01:04:05, 8.34e-13, 6.75e-11
2022-11-09, 01:04:10, 8.91e-13, 6.76e-11
2022-11-09, 01:04:14, 8.7e-13, 6.78e-11
2022-11-09, 01:04:18, 8.92e-13, 6.79e-11
2022-11-09, 01:04:22, 8.54e-13, 6.8e-11
2022-11-09, 01:04:27, 8.72e-13, 6.79e-11
2022-11-09, 01:04:31, 8.42e-13, 6.78e-11
2022-11-09, 01:04:35, 8.12e-13, 6.78e-11
2022-11-09, 01:04:39, 8.46e-13, 6.77e-11
2022-11-09, 01:04:43, 9.29e-13, 6.73e-11
2022-11-09, 01:04:48, 8.98e-13, 6.75e-11
2022-11-09, 01:04:52, 8.35e-13, 6.77e-11
2022-11-09, 01:04:56, 8.76e-13, 6.76e-11
2022-11-09, 01:05:00, 8.82e-13, 6.74e-11
2022-11-09, 01:05:05, 8.72e-13, 6.77e-11
2022-11-09, 01:05:09, 1.01e-12, 6.79e-11
2022-11-09, 01:05:13, 8.69e-13, 6.76e-11
2022-11-09, 01:05:17, 9.17e-13, 6.79e-11
2022-11-09, 01:05:21, 8.87e-13, 6.77e-11
2022-11-09, 01:05:26, 7.71e-13, 6.73e-11
2022-11-09, 01:05:30, 7.97e-13, 6.78e-11
2022-11-09, 01:05:34, 7.9e-13, 6.75e-11
2022-11-09, 01:05:38, 8.87e-13, 6.72e-11
2022-11-09, 01:05:43, 8.7e-13, 6.75e-11
2022-11-09, 01:05:47, 8.75e-13, 6.77e-11
2022-11-09, 01:05:51, 8.97e-13, 6.77e-11
2022-11-09, 01:05:55, 8.93e-13, 6.74e-11
2022-11-09, 01:05:59, 9e-13, 6.74e-11
2022-11-09, 01:06:04, 8.65e-13, 6.74e-11
2022-11-09, 01:06:08, 8.52e-13, 6.77e-11
2022-11-09, 01:06:12, 8.96e-13, 6.73e-11
2022-11-09, 01:06:16, 9.28e-13, 6.74e-11
2022-11-09, 01:06:21, 8.62e-13, 6.75e-11
2022-11-09, 01:06:25, 8.87e-13, 6.77e-11
2022-11-09, 01:06:29, 8.6e-13, 6.77e-11
2022-11-09, 01:06:33, 7.67e-13, 6.72e-11
2022-11-09, 01:06:37, 8.89e-13, 6.74e-11
2022-11-09, 01:06:42, 8.78e-13, 6.75e-11
2022-11-09, 01:06:46, 7.7e-13, 6.73e-11
2022-11-09, 01:06:50, 8.83e-13, 6.72e-11
2022-11-09, 01:06:54, 8.61e-13, 6.72e-11
2022-11-09, 01:06:59, 8.84e-13, 6.71e-11
2022-11-09, 01:07:03, 8.42e-13, 6.73e-11
2022-11-09, 01:07:07, 8.65e-13, 6.71e-11
2022-11-09, 01:07:11, 9.66e-13, 6.74e-11
2022-11-09, 01:07:15, 8.41e-13, 6.77e-11
2022-11-09, 01:07:20, 1.03e-12, 6.69e-11
2022-11-09, 01:07:24, 8.37e-13, 6.7e-11
2022-11-09, 01:07:28, 8.68e-13, 6.72e-11
2022-11-09, 01:07:32, 8.34e-13, 6.71e-11
2022-11-09, 01:07:36, 9.09e-13, 6.75e-11
2022-11-09, 01:07:41, 8.37e-13, 6.73e-11
2022-11-09, 01:07:45, 8.52e-13, 6.71e-11
2022-11-09, 01:07:49, 8.55e-13, 6.7e-11
2022-11-09, 01:07:53, 8.81e-13, 6.74e-11
2022-11-09, 01:07:58, 9.1e-13, 6.71e-11
2022-11-09, 01:08:02, 8.95e-13, 6.73e-11
2022-11-09, 01:08:06, 8.48e-13, 6.7e-11
2022-11-09, 01:08:10, 8.46e-13, 6.75e-11
2022-11-09, 01:08:14, 8.94e-13, 6.69e-11
2022-11-09, 01:08:19, 8.59e-13, 6.71e-11
2022-11-09, 01:08:23, 9.61e-13, 6.72e-11
2022-11-09, 01:08:27, 7.65e-13, 6.75e-11
2022-11-09, 01:08:31, 9.96e-13, 6.76e-11
2022-11-09, 01:08:36, 8.73e-13, 6.7e-11
2022-11-09, 01:08:40, 9.04e-13, 6.71e-11
2022-11-09, 01:08:44, 8.25e-13, 6.72e-11
2022-11-09, 01:08:48, 8.32e-13, 6.78e-11
2022-11-09, 01:08:52, 9.09e-13, 6.74e-11
2022-11-09, 01:08:57, 9.16e-13, 6.73e-11
2022-11-09, 01:09:01, 8.52e-13, 6.73e-11
2022-11-09, 01:09:05, 8.16e-13, 6.7e-11
2022-11-09, 01:09:09, 8.65e-13, 6.68e-11
2022-11-09, 01:09:14, 8.89e-13, 6.71e-11
2022-11-09, 01:09:18, 8.54e-13, 6.75e-11
2022-11-09, 01:09:22, 8.39e-13, 6.68e-11
2022-11-09, 01:09:26, 8.8e-13, 6.69e-11
2022-11-09, 01:09:30, 8.73e-13, 6.66e-11
2022-11-09, 01:09:35, 8.59e-13, 6.67e-11
2022-11-09, 01:09:39, 9.06e-13, 6.66e-11
2022-11-09, 01:09:43, 8.73e-13, 6.69e-11
2022-11-09, 01:09:47, 8.61e-13, 6.74e-11
2022-11-09, 01:09:52, 7.99e-13, 6.75e-11
2022-11-09, 01:09:56, 8.75e-13, 6.72e-11
2022-11-09, 01:10:00, 9.2e-13, 6.68e-11
2022-11-09, 01:10:04, 7.62e-13, 6.68e-11
2022-11-09, 01:10:08, 8.75e-13, 6.67e-11
2022-11-09, 01:10:13, 9.39e-13, 6.69e-11
2022-11-09, 01:10:17, 9.28e-13, 6.75e-11
2022-11-09, 01:10:21, 8.64e-13, 6.7e-11
2022-11-09, 01:10:25, 9.07e-13, 6.71e-11
2022-11-09, 01:10:30, 9.08e-13, 6.73e-11
2022-11-09, 01:10:34, 8.83e-13, 6.67e-11
2022-11-09, 01:10:38, 8.9e-13, 6.65e-11
2022-11-09, 01:10:42, 8.28e-13, 6.69e-11
2022-11-09, 01:10:46, 8.93e-13, 7.31e-11
2022-11-09, 01:10:51, 9.03e-13, 6.77e-11
2022-11-09, 01:10:55, 9.05e-13, 6.75e-11
2022-11-09, 01:10:59, 8.67e-13, 6.86e-11
2022-11-09, 01:11:03, 8.44e-13, 6.82e-11
2022-11-09, 01:11:08, 8.62e-13, 6.83e-11
2022-11-09, 01:11:12, 8.31e-13, 6.81e-11
2022-11-09, 01:11:16, 8.46e-13, 6.74e-11
2022-11-09, 01:11:20, 8.8e-13, 6.81e-11
2022-11-09, 01:11:24, 9.25e-13, 6.83e-11
2022-11-09, 01:11:29, 8.6e-13, 6.91e-11
2022-11-09, 01:11:33, 8.53e-13, 6.77e-11
2022-11-09, 01:11:37, 7.7e-13, 6.81e-11
2022-11-09, 01:11:41, 8.59e-13, 6.85e-11
2022-11-09, 01:11:46, 8.76e-13, 6.8e-11
2022-11-09, 01:11:50, 9.29e-13, 6.76e-11
2022-11-09, 01:11:54, 8.72e-13, 6.84e-11
2022-11-09, 01:11:58, 8.41e-13, 6.81e-11
2022-11-09, 01:12:02, 8.66e-13, 6.76e-11
2022-11-09, 01:12:07, 9.03e-13, 6.62e-11
2022-11-09, 01:12:11, 8.76e-13, 6.85e-11
2022-11-09, 01:12:15, 8.97e-13, 6.8e-11
2022-11-09, 01:12:19, 8.58e-13, 6.83e-11
2022-11-09, 01:12:23, 9.07e-13, 6.86e-11
2022-11-09, 01:12:28, 9.06e-13, 6.73e-11
2022-11-09, 01:12:32, 8.48e-13, 6.81e-11
2022-11-09, 01:12:36, 9.12e-13, 6.86e-11
2022-11-09, 01:12:40, 8.65e-13, 6.8e-11
2022-11-09, 01:12:45, 8.19e-13, 6.82e-11
2022-11-09, 01:12:49, 8.59e-13, 6.87e-11
2022-11-09, 01:12:53, 6.81e-13, 6.83e-11
2022-11-09, 01:12:57, 8.41e-13, 6.85e-11
2022-11-09, 01:13:02, 9.08e-13, 6.82e-11
2022-11-09, 01:13:06, 8.7e-13, 6.85e-11
2022-11-09, 01:13:10, 8.51e-13, 6.71e-11
2022-11-09, 01:13:14, 9.77e-13, 6.85e-11
2022-11-09, 01:13:18, 8.76e-13, 6.86e-11
2022-11-09, 01:13:23, 9.26e-13, 6.9e-11
2022-11-09, 01:13:27, 8.17e-13, 6.82e-11
2022-11-09, 01:13:31, 9.83e-13, 6.86e-11
2022-11-09, 01:13:35, 8.84e-13, 6.86e-11
2022-11-09, 01:13:40, 1.02e-12, 6.85e-11
2022-11-09, 01:13:44, 8.91e-13, 6.87e-11
2022-11-09, 01:13:48, 8.89e-13, 6.9e-11
2022-11-09, 01:13:52, 8.39e-13, 6.86e-11
2022-11-09, 01:13:56, 8.8e-13, 6.89e-11
2022-11-09, 01:14:01, 8.76e-13, 6.75e-11
2022-11-09, 01:14:05, 8.42e-13, 6.84e-11
2022-11-09, 01:14:09, 8.62e-13, 6.86e-11
2022-11-09, 01:14:13, 8.38e-13, 6.82e-11
2022-11-09, 01:14:18, 8.99e-13, 6.89e-11
2022-11-09, 01:14:22, 9.11e-13, 6.88e-11
2022-11-09, 01:14:26, 8.55e-13, 6.83e-11
2022-11-09, 01:14:30, 8.35e-13, 6.82e-11
2022-11-09, 01:14:34, 9.07e-13, 6.88e-11
2022-11-09, 01:14:39, 8.45e-13, 6.91e-11
2022-11-09, 01:14:43, 8.33e-13, 6.92e-11
2022-11-09, 01:14:47, 9.65e-13, 6.84e-11
2022-11-09, 01:14:51, 8.65e-13, 6.89e-11
2022-11-09, 01:14:56, 8.42e-13, 6.88e-11
2022-11-09, 01:15:00, 8.2e-13, 6.89e-11
2022-11-09, 01:15:04, 9.27e-13, 6.83e-11
2022-11-09, 01:15:08, 8.54e-13, 6.81e-11
2022-11-09, 01:15:12, 8.05e-13, 6.86e-11
2022-11-09, 01:15:17, 8.89e-13, 6.89e-11
2022-11-09, 01:15:21, 8.35e-13, 6.86e-11
2022-11-09, 01:15:25, 8.84e-13, 6.85e-11
2022-11-09, 01:15:29, 8.73e-13, 6.81e-11
2022-11-09, 01:15:33, 8.23e-13, 6.84e-11
2022-11-09, 01:15:38, 9.11e-13, 6.85e-11
2022-11-09, 01:15:42, 8.4e-13, 6.83e-11
2022-11-09, 01:15:46, 8.98e-13, 6.82e-11
2022-11-09, 01:15:50, 8.26e-13, 6.85e-11
2022-11-09, 01:15:55, 9.16e-13, 6.85e-11
2022-11-09, 01:15:59, 8.61e-13, 6.89e-11
2022-11-09, 01:16:03, 9.12e-13, 6.86e-11
2022-11-09, 01:16:07, 8.32e-13, 6.83e-11
2022-11-09, 01:16:11, 8.5e-13, 6.91e-11
2022-11-09, 01:16:16, 8.41e-13, 6.91e-11
2022-11-09, 01:16:20, 8.55e-13, 6.81e-11
2022-11-09, 01:16:24, 9.51e-13, 6.82e-11
2022-11-09, 01:16:28, 8.51e-13, 6.82e-11
2022-11-09, 01:16:33, 9.17e-13, 6.82e-11
2022-11-09, 01:16:37, 8.63e-13, 6.83e-11
2022-11-09, 01:16:41, 8.02e-13, 6.81e-11
2022-11-09, 01:16:45, 9.16e-13, 6.81e-11
2022-11-09, 01:16:49, 8.88e-13, 6.8e-11
2022-11-09, 01:16:54, 8.74e-13, 6.83e-11
2022-11-09, 01:16:58, 8.52e-13, 6.87e-11
2022-11-09, 01:17:02, 7.96e-13, 6.85e-11
2022-11-09, 01:17:06, 8.69e-13, 6.85e-11
2022-11-09, 01:17:11, 8.64e-13, 6.86e-11
2022-11-09, 01:17:15, 9.12e-13, 6.84e-11
2022-11-09, 01:17:19, 8.68e-13, 6.84e-11
2022-11-09, 01:17:23, 9.59e-13, 6.84e-11
2022-11-09, 01:17:27, 8.76e-13, 6.82e-11
2022-11-09, 01:17:32, 8.54e-13, 6.77e-11
2022-11-09, 01:17:36, 8.37e-13, 6.81e-11
2022-11-09, 01:17:40, 8.89e-13, 6.81e-11
2022-11-09, 01:17:44, 9.14e-13, 6.86e-11
2022-11-09, 01:17:49, 8.56e-13, 6.83e-11
2022-11-09, 01:17:53, 9.17e-13, 6.79e-11
2022-11-09, 01:17:57, 7.79e-13, 6.84e-11
2022-11-09, 01:18:01, 8.66e-13, 6.8e-11
2022-11-09, 01:18:05, 8.2e-13, 6.78e-11
2022-11-09, 01:18:10, 8.59e-13, 6.85e-11
2022-11-09, 01:18:14, 8.75e-13, 6.82e-11
2022-11-09, 01:18:18, 8.15e-13, 6.79e-11
2022-11-09, 01:18:22, 8.18e-13, 6.78e-11
2022-11-09, 01:18:27, 8.84e-13, 6.76e-11
2022-11-09, 01:18:31, 8.53e-13, 6.74e-11
2022-11-09, 01:18:35, 9.15e-13, 6.79e-11
2022-11-09, 01:18:39, 8.78e-13, 6.77e-11
2022-11-09, 01:18:43, 8.21e-13, 6.83e-11
2022-11-09, 01:18:48, 8.68e-13, 6.8e-11
2022-11-09, 01:18:52, 7.98e-13, 6.79e-11
2022-11-09, 01:18:56, 8.84e-13, 6.8e-11
2022-11-09, 01:19:00, 8.17e-13, 6.8e-11
2022-11-09, 01:19:05, 8.93e-13, 6.81e-11
2022-11-09, 01:19:09, 8.62e-13, 6.79e-11
2022-11-09, 01:19:13, 9.23e-13, 6.79e-11
2022-11-09, 01:19:17, 9.74e-13, 6.76e-11
2022-11-09, 01:19:21, 8.84e-13, 6.75e-11
2022-11-09, 01:19:26, 8.43e-13, 6.72e-11
2022-11-09, 01:19:30, 8.56e-13, 6.73e-11
2022-11-09, 01:19:34, 8.64e-13, 6.7e-11
2022-11-09, 01:19:38, 1.02e-12, 7.06e-11
2022-11-09, 01:19:42, 8.7e-13, 6.9e-11
2022-11-09, 01:19:47, 8.7e-13, 6.86e-11
2022-11-09, 01:19:51, 9.07e-13, 6.84e-11
2022-11-09, 01:19:55, 8.41e-13, 6.83e-11
2022-11-09, 01:19:59, 7.98e-13, 6.83e-11
2022-11-09, 01:20:04, 1.03e-12, 6.83e-11
2022-11-09, 01:20:08, 8.66e-13, 6.82e-11
2022-11-09, 01:20:12, 8.71e-13, 6.82e-11
2022-11-09, 01:20:16, 8.62e-13, 6.82e-11
2022-11-09, 01:20:20, 9.77e-13, 6.78e-11
2022-11-09, 01:20:25, 8.1e-13, 6.78e-11
2022-11-09, 01:20:29, 9.01e-13, 6.76e-11
2022-11-09, 01:20:33, 8.92e-13, 6.76e-11
2022-11-09, 01:20:37, 8.58e-13, 6.77e-11
2022-11-09, 01:20:42, 9.49e-13, 6.79e-11
2022-11-09, 01:20:46, 8.83e-13, 6.77e-11
2022-11-09, 01:20:50, 8.68e-13, 6.81e-11
2022-11-09, 01:20:54, 1.03e-12, 6.8e-11
2022-11-09, 01:20:58, 8.06e-13, 6.83e-11
2022-11-09, 01:21:03, 8.54e-13, 6.83e-11
2022-11-09, 01:21:07, 8.51e-13, 6.83e-11
2022-11-09, 01:21:11, 8.89e-13, 6.79e-11
2022-11-09, 01:21:15, 8.65e-13, 6.81e-11
2022-11-09, 01:21:20, 8.2e-13, 6.84e-11
2022-11-09, 01:21:24, 8.83e-13, 6.76e-11
2022-11-09, 01:21:28, 9.59e-13, 6.73e-11
2022-11-09, 01:21:32, 8.26e-13, 6.78e-11
2022-11-09, 01:21:36, 8.94e-13, 6.77e-11
2022-11-09, 01:21:41, 8.85e-13, 6.75e-11
2022-11-09, 01:21:45, 8.77e-13, 6.78e-11
2022-11-09, 01:21:49, 8.49e-13, 6.74e-11
2022-11-09, 01:21:53, 8.57e-13, 6.77e-11
2022-11-09, 01:21:58, 9.34e-13, 6.77e-11
2022-11-09, 01:22:02, 8.93e-13, 6.78e-11
2022-11-09, 01:22:06, 8.05e-13, 6.76e-11
2022-11-09, 01:22:10, 9.2e-13, 6.79e-11
2022-11-09, 01:22:14, 8.61e-13, 6.84e-11
2022-11-09, 01:22:19, 9.11e-13, 6.76e-11
2022-11-09, 01:22:23, 8.32e-13, 6.85e-11
2022-11-09, 01:22:27, 9.01e-13, 6.82e-11
2022-11-09, 01:22:31, 8.44e-13, 6.87e-11
2022-11-09, 01:22:36, 9.42e-13, 6.85e-11
2022-11-09, 01:22:40, 8.33e-13, 6.82e-11
2022-11-09, 01:22:44, 8.54e-13, 6.75e-11
2022-11-09, 01:22:48, 8.7e-13, 6.77e-11
2022-11-09, 01:22:52, 8.46e-13, 6.76e-11
2022-11-09, 01:22:57, 8.33e-13, 6.74e-11
2022-11-09, 01:23:01, 8.72e-13, 6.78e-11
2022-11-09, 01:23:05, 8.77e-13, 6.81e-11
2022-11-09, 01:23:09, 8.84e-13, 6.76e-11
2022-11-09, 01:23:14, 9.42e-13, 6.74e-11
2022-11-09, 01:23:18, 8.51e-13, 6.82e-11
2022-11-09, 01:23:22, 8.38e-13, 6.8e-11
2022-11-09, 01:23:26, 1.09e-12, 6.85e-11
2022-11-09, 01:23:30, 8.38e-13, 6.84e-11
2022-11-09, 01:23:35, 8.43e-13, 6.8e-11
2022-11-09, 01:23:39, 8.69e-13, 6.75e-11
2022-11-09, 01:23:43, 8.5e-13, 6.79e-11
2022-11-09, 01:23:47, 8.25e-13, 6.79e-11
2022-11-09, 01:23:51, 1.02e-12, 6.76e-11
2022-11-09, 01:23:56, 8.32e-13, 6.78e-11
2022-11-09, 01:24:00, 8.17e-13, 6.76e-11
2022-11-09, 01:24:04, 8.94e-13, 6.75e-11
2022-11-09, 01:24:08, 9.03e-13, 6.75e-11
2022-11-09, 01:24:13, 8.34e-13, 6.78e-11
2022-11-09, 01:24:17, 7.16e-13, 6.75e-11
2022-11-09, 01:24:21, 8.18e-13, 6.79e-11
2022-11-09, 01:24:25, 8.86e-13, 6.8e-11
2022-11-09, 01:24:29, 9.14e-13, 6.82e-11
2022-11-09, 01:24:34, 8.11e-13, 6.74e-11
2022-11-09, 01:24:38, 8.77e-13, 6.8e-11
2022-11-09, 01:24:42, 8.57e-13, 6.76e-11
2022-11-09, 01:24:46, 9.11e-13, 6.84e-11
2022-11-09, 01:24:51, 8.4e-13, 6.79e-11
2022-11-09, 01:24:55, 8.6e-13, 6.77e-11
2022-11-09, 01:24:59, 8.84e-13, 6.77e-11
2022-11-09, 01:25:03, 8.62e-13, 6.76e-11
2022-11-09, 01:25:07, 9.34e-13, 6.82e-11
2022-11-09, 01:25:12, 7.8e-13, 6.77e-11
2022-11-09, 01:25:16, 8.32e-13, 6.77e-11
2022-11-09, 01:25:20, 8.56e-13, 6.79e-11
2022-11-09, 01:25:24, 8.74e-13, 6.8e-11
2022-11-09, 01:25:29, 8.72e-13, 6.82e-11
2022-11-09, 01:25:33, 8.05e-13, 6.88e-11
2022-11-09, 01:25:37, 8.48e-13, 6.89e-11
2022-11-09, 01:25:41, 9.02e-13, 6.82e-11
2022-11-09, 01:25:45, 8.37e-13, 6.77e-11
2022-11-09, 01:25:50, 8.91e-13, 6.84e-11
2022-11-09, 01:25:54, 8.78e-13, 6.79e-11
2022-11-09, 01:25:58, 8.37e-13, 6.77e-11
2022-11-09, 01:26:02, 8.76e-13, 6.75e-11
2022-11-09, 01:26:07, 8.54e-13, 6.74e-11
2022-11-09, 01:26:11, 8.54e-13, 6.75e-11
2022-11-09, 01:26:15, 8.18e-13, 6.76e-11
2022-11-09, 01:26:19, 8.2e-13, 6.86e-11
2022-11-09, 01:26:23, 7.98e-13, 6.84e-11
2022-11-09, 01:26:28, 8.32e-13, 6.81e-11
2022-11-09, 01:26:32, 9.09e-13, 6.81e-11
2022-11-09, 01:26:36, 8.64e-13, 6.87e-11
2022-11-09, 01:26:40, 9.11e-13, 6.75e-11
2022-11-09, 01:26:45, 8.84e-13, 6.85e-11
2022-11-09, 01:26:49, 8.57e-13, 6.86e-11
2022-11-09, 01:26:53, 7.26e-13, 6.85e-11
2022-11-09, 01:26:57, 8.96e-13, 6.89e-11
2022-11-09, 01:27:01, 8.72e-13, 6.75e-11
2022-11-09, 01:27:06, 9.12e-13, 6.79e-11
2022-11-09, 01:27:10, 9.64e-13, 6.72e-11
2022-11-09, 01:27:14, 8.74e-13, 6.77e-11
2022-11-09, 01:27:18, 8.85e-13, 6.79e-11
2022-11-09, 01:27:22, 8.33e-13, 6.8e-11
2022-11-09, 01:27:27, 8.32e-13, 6.78e-11
2022-11-09, 01:27:31, 8.84e-13, 6.77e-11
2022-11-09, 01:27:35, 7.69e-13, 6.77e-11
2022-11-09, 01:27:39, 8.94e-13, 6.78e-11
2022-11-09, 01:27:44, 9.21e-13, 6.77e-11
2022-11-09, 01:27:48, 9.11e-13, 6.79e-11
2022-11-09, 01:27:52, 9.08e-13, 6.78e-11
2022-11-09, 01:27:56, 8.91e-13, 6.79e-11
2022-11-09, 01:28:00, 8.58e-13, 6.8e-11
2022-11-09, 01:28:05, 8.75e-13, 6.78e-11
2022-11-09, 01:28:09, 8.06e-13, 6.78e-11
2022-11-09, 01:28:13, 9.24e-13, 6.77e-11
2022-11-09, 01:28:17, 8.26e-13, 6.78e-11
2022-11-09, 01:28:22, 9.07e-13, 6.78e-11
2022-11-09, 01:28:26, 8.48e-13, 6.74e-11
2022-11-09, 01:28:30, 8.85e-13, 6.74e-11
2022-11-09, 01:28:34, 8.36e-13, 6.77e-11
2022-11-09, 01:28:38, 8.57e-13, 6.72e-11
2022-11-09, 01:28:43, 8.65e-13, 6.73e-11
2022-11-09, 01:28:47, 8.11e-13, 6.84e-11
2022-11-09, 01:28:51, 8.58e-13, 6.79e-11
2022-11-09, 01:28:55, 8.7e-13, 6.8e-11
2022-11-09, 01:29:00, 8.25e-13, 6.78e-11
2022-11-09, 01:29:04, 7.78e-13, 6.82e-11
2022-11-09, 01:29:08, 8.6e-13, 6.75e-11
2022-11-09, 01:29:12, 8.2e-13, 6.71e-11
2022-11-09, 01:29:16, 8.27e-13, 6.74e-11
2022-11-09, 01:29:21, 8.71e-13, 6.73e-11
2022-11-09, 01:29:25, 8.45e-13, 6.73e-11
2022-11-09, 01:29:29, 8.38e-13, 6.73e-11
2022-11-09, 01:29:33, 9.03e-13, 6.74e-11
2022-11-09, 01:29:38, 8.95e-13, 6.7e-11
2022-11-09, 01:29:42, 8.69e-13, 6.72e-11
2022-11-09, 01:29:46, 8.77e-13, 6.75e-11
2022-11-09, 01:29:50, 8.27e-13, 6.77e-11
2022-11-09, 01:29:54, 8.2e-13, 6.76e-11
2022-11-09, 01:29:59, 8.86e-13, 6.72e-11
2022-11-09, 01:30:03, 8.29e-13, 6.74e-11
2022-11-09, 01:30:07, 8.55e-13, 6.73e-11
2022-11-09, 01:30:11, 8.64e-13, 6.76e-11
2022-11-09, 01:30:16, 9.01e-13, 6.73e-11
2022-11-09, 01:30:20, 8.55e-13, 6.75e-11
2022-11-09, 01:30:24, 9.38e-13, 6.78e-11
2022-11-09, 01:30:28, 8.62e-13, 6.78e-11
2022-11-09, 01:30:32, 1.07e-12, 6.72e-11
2022-11-09, 01:30:37, 8.74e-13, 6.71e-11
2022-11-09, 01:30:41, 8.89e-13, 6.73e-11
2022-11-09, 01:30:45, 8.93e-13, 6.74e-11
2022-11-09, 01:30:49, 9.52e-13, 6.75e-11
2022-11-09, 01:30:53, 8.05e-13, 6.75e-11
2022-11-09, 01:30:58, 8.51e-13, 6.74e-11
2022-11-09, 01:31:02, 9.13e-13, 6.74e-11
2022-11-09, 01:31:06, 9.3e-13, 6.77e-11
2022-11-09, 01:31:10, 8.9e-13, 6.71e-11
2022-11-09, 01:31:15, 8.59e-13, 6.78e-11
2022-11-09, 01:31:19, 8.61e-13, 6.75e-11
2022-11-09, 01:31:23, 8.8e-13, 6.72e-11
2022-11-09, 01:31:27, 9.82e-13, 6.75e-11
2022-11-09, 01:31:31, 8.21e-13, 6.75e-11
2022-11-09, 01:31:36, 8.88e-13, 6.73e-11
2022-11-09, 01:31:40, 9.2e-13, 6.68e-11
2022-11-09, 01:31:44, 8.54e-13, 6.72e-11
2022-11-09, 01:31:48, 9.19e-13, 6.81e-11
2022-11-09, 01:31:53, 8.9e-13, 6.76e-11
2022-11-09, 01:31:57, 8.25e-13, 6.79e-11
2022-11-09, 01:32:01, 8.22e-13, 6.75e-11
2022-11-09, 01:32:05, 8.43e-13, 6.79e-11
2022-11-09, 01:32:09, 8.26e-13, 6.8e-11
2022-11-09, 01:32:14, 8.54e-13, 6.73e-11
2022-11-09, 01:32:18, 8.75e-13, 6.81e-11
2022-11-09, 01:32:22, 7.14e-13, 6.74e-11
2022-11-09, 01:32:26, 8.42e-13, 6.79e-11
2022-11-09, 01:32:31, 8.21e-13, 6.76e-11
2022-11-09, 01:32:35, 8.88e-13, 6.71e-11
2022-11-09, 01:32:39, 8.34e-13, 6.7e-11
2022-11-09, 01:32:43, 8.31e-13, 6.7e-11
2022-11-09, 01:32:47, 8.61e-13, 6.72e-11
2022-11-09, 01:32:52, 9.52e-13, 6.7e-11
2022-11-09, 01:32:56, 8.23e-13, 6.69e-11
2022-11-09, 01:33:00, 8.89e-13, 6.75e-11
2022-11-09, 01:33:04, 8.48e-13, 6.7e-11
2022-11-09, 01:33:09, 8.3e-13, 6.75e-11
2022-11-09, 01:33:13, 7.98e-13, 6.71e-11
2022-11-09, 01:33:17, 8.46e-13, 6.67e-11
2022-11-09, 01:33:21, 9.05e-13, 6.78e-11
2022-11-09, 01:33:25, 9.21e-13, 6.83e-11
2022-11-09, 01:33:30, 7.59e-13, 6.77e-11
2022-11-09, 01:33:34, 8.94e-13, 6.83e-11
2022-11-09, 01:33:38, 8.89e-13, 6.81e-11
2022-11-09, 01:33:42, 9.5e-13, 6.83e-11
2022-11-09, 01:33:47, 8.75e-13, 6.77e-11
2022-11-09, 01:33:51, 8.7e-13, 6.78e-11
2022-11-09, 01:33:55, 8.86e-13, 6.82e-11
2022-11-09, 01:33:59, 8.32e-13, 6.85e-11
2022-11-09, 01:34:03, 9.03e-13, 6.79e-11
2022-11-09, 01:34:08, 8.63e-13, 6.79e-11
2022-11-09, 01:34:12, 8.74e-13, 6.83e-11
2022-11-09, 01:34:16, 8.74e-13, 6.8e-11
2022-11-09, 01:34:20, 8.43e-13, 6.79e-11
2022-11-09, 01:34:24, 8.61e-13, 6.77e-11
2022-11-09, 01:34:29, 8.99e-13, 6.74e-11
2022-11-09, 01:34:33, 8.32e-13, 6.79e-11
2022-11-09, 01:34:37, 8.68e-13, 6.7e-11
2022-11-09, 01:34:41, 8.43e-13, 6.78e-11
2022-11-09, 01:34:46, 9.02e-13, 6.77e-11
2022-11-09, 01:34:50, 8.86e-13, 6.8e-11
2022-11-09, 01:34:54, 8.32e-13, 6.83e-11
2022-11-09, 01:34:58, 7.8e-13, 6.83e-11
2022-11-09, 01:35:03, 8.91e-13, 6.8e-11
2022-11-09, 01:35:07, 8.59e-13, 6.8e-11
2022-11-09, 01:35:11, 8.3e-13, 6.73e-11
2022-11-09, 01:35:15, 8.29e-13, 6.8e-11
2022-11-09, 01:35:19, 9.24e-13, 6.73e-11
2022-11-09, 01:35:24, 8.5e-13, 6.75e-11
2022-11-09, 01:35:28, 8.19e-13, 6.79e-11
2022-11-09, 01:35:32, 8.97e-13, 6.75e-11
2022-11-09, 01:35:36, 8.9e-13, 6.78e-11
2022-11-09, 01:35:41, 8.79e-13, 6.76e-11
2022-11-09, 01:35:45, 8.14e-13, 6.75e-11
2022-11-09, 01:35:49, 8.39e-13, 6.75e-11
2022-11-09, 01:35:53, 8.16e-13, 6.77e-11
2022-11-09, 01:35:57, 9.29e-13, 6.76e-11
2022-11-09, 01:36:02, 8.75e-13, 6.7e-11
2022-11-09, 01:36:06, 8.48e-13, 6.77e-11
2022-11-09, 01:36:10, 6.92e-13, 6.77e-11
2022-11-09, 01:36:14, 7.65e-13, 6.8e-11
2022-11-09, 01:36:18, 8.68e-13, 6.75e-11
2022-11-09, 01:36:23, 8.51e-13, 6.75e-11
2022-11-09, 01:36:27, 8.97e-13, 6.77e-11
2022-11-09, 01:36:31, 8.57e-13, 6.81e-11
2022-11-09, 01:36:35, 8.39e-13, 6.78e-11
2022-11-09, 01:36:40, 8.61e-13, 6.78e-11
2022-11-09, 01:36:44, 8.6e-13, 6.81e-11
2022-11-09, 01:36:48, 9.95e-13, 6.79e-11
2022-11-09, 01:36:52, 8.96e-13, 6.76e-11
2022-11-09, 01:36:56, 8.3e-13, 6.77e-11
2022-11-09, 01:37:01, 1.04e-12, 6.78e-11
2022-11-09, 01:37:05, 8.38e-13, 6.77e-11
2022-11-09, 01:37:09, 8.49e-13, 6.8e-11
2022-11-09, 01:37:13, 8.95e-13, 6.79e-11
2022-11-09, 01:37:18, 9.1e-13, 6.79e-11
2022-11-09, 01:37:22, 8.86e-13, 6.84e-11
2022-11-09, 01:37:26, 8.46e-13, 6.78e-11
2022-11-09, 01:37:30, 8.84e-13, 6.8e-11
2022-11-09, 01:37:34, 9.13e-13, 6.77e-11
2022-11-09, 01:37:39, 8.53e-13, 6.78e-11
2022-11-09, 01:37:43, 8.53e-13, 6.8e-11
2022-11-09, 01:37:47, 8.77e-13, 6.86e-11
2022-11-09, 01:37:51, 8.83e-13, 6.78e-11
2022-11-09, 01:37:56, 8.7e-13, 6.68e-11
2022-11-09, 01:38:00, 9.3e-13, 6.78e-11
2022-11-09, 01:38:04, 8.47e-13, 6.74e-11
2022-11-09, 01:38:08, 9.25e-13, 6.77e-11
2022-11-09, 01:38:12, 8.65e-13, 6.74e-11
2022-11-09, 01:38:17, 9.55e-13, 6.75e-11
2022-11-09, 01:38:21, 8.4e-13, 6.74e-11
2022-11-09, 01:38:25, 8.52e-13, 6.78e-11
2022-11-09, 01:38:29, 8.35e-13, 6.75e-11
2022-11-09, 01:38:34, 8.67e-13, 6.75e-11
2022-11-09, 01:38:38, 9.15e-13, 6.76e-11
2022-11-09, 01:38:42, 8.92e-13, 6.73e-11
2022-11-09, 01:38:46, 9.17e-13, 6.74e-11
2022-11-09, 01:38:50, 8.47e-13, 6.79e-11
2022-11-09, 01:38:55, 8.83e-13, 6.73e-11
2022-11-09, 01:38:59, 8.56e-13, 6.68e-11
2022-11-09, 01:39:03, 7.96e-13, 6.69e-11
2022-11-09, 01:39:07, 9.71e-13, 6.69e-11
2022-11-09, 01:39:12, 9.11e-13, 6.69e-11
2022-11-09, 01:39:16, 8.36e-13, 6.73e-11
2022-11-09, 01:39:20, 8.03e-13, 6.67e-11
2022-11-09, 01:39:24, 8.47e-13, 6.73e-11
2022-11-09, 01:39:28, 9.27e-13, 6.72e-11
2022-11-09, 01:39:33, 8.26e-13, 6.73e-11
2022-11-09, 01:39:37, 9.08e-13, 6.72e-11
2022-11-09, 01:39:41, 8.25e-13, 6.61e-11
2022-11-09, 01:39:45, 7.72e-13, 6.67e-11
2022-11-09, 01:39:50, 8.71e-13, 6.69e-11
2022-11-09, 01:39:54, 8.45e-13, 6.7e-11
2022-11-09, 01:39:58, 8.41e-13, 6.73e-11
2022-11-09, 01:40:02, 8.57e-13, 6.81e-11
2022-11-09, 01:40:06, 8.88e-13, 6.66e-11
2022-11-09, 01:40:11, 8.61e-13, 6.81e-11
2022-11-09, 01:40:15, 8.59e-13, 6.78e-11
2022-11-09, 01:40:19, 9.4e-13, 6.79e-11
2022-11-09, 01:40:23, 8.84e-13, 6.8e-11
2022-11-09, 01:40:28, 8.97e-13, 6.72e-11
2022-11-09, 01:40:32, 8.84e-13, 6.8e-11
2022-11-09, 01:40:36, 8.12e-13, 6.78e-11
2022-11-09, 01:40:40, 9.08e-13, 6.75e-11
2022-11-09, 01:40:44, 9.38e-13, 6.77e-11
2022-11-09, 01:40:49, 8.58e-13, 6.75e-11
2022-11-09, 01:40:53, 8.24e-13, 6.72e-11
2022-11-09, 01:40:57, 8.34e-13, 6.65e-11
2022-11-09, 01:41:01, 8.63e-13, 6.77e-11
2022-11-09, 01:41:06, 8.25e-13, 6.82e-11
2022-11-09, 01:41:10, 8.35e-13, 6.81e-11
2022-11-09, 01:41:14, 8.7e-13, 6.79e-11
2022-11-09, 01:41:18, 7.23e-13, 6.77e-11
2022-11-09, 01:41:22, 7.81e-13, 6.73e-11
2022-11-09, 01:41:27, 8.28e-13, 6.77e-11
2022-11-09, 01:41:31, 9.71e-13, 6.71e-11
2022-11-09, 01:41:35, 8.35e-13, 6.8e-11
2022-11-09, 01:41:39, 9.02e-13, 6.77e-11
2022-11-09, 01:41:44, 9.05e-13, 6.76e-11
2022-11-09, 01:41:48, 8.36e-13, 6.8e-11
2022-11-09, 01:41:52, 8.1e-13, 6.77e-11
2022-11-09, 01:41:56, 8.14e-13, 6.73e-11
2022-11-09, 01:42:00, 8.67e-13, 6.82e-11
2022-11-09, 01:42:05, 8.29e-13, 6.77e-11
2022-11-09, 01:42:09, 8.67e-13, 6.84e-11
2022-11-09, 01:42:13, 8.29e-13, 6.78e-11
2022-11-09, 01:42:17, 8.43e-13, 6.75e-11
2022-11-09, 01:42:21, 8.56e-13, 6.66e-11
2022-11-09, 01:42:26, 8.34e-13, 6.79e-11
2022-11-09, 01:42:30, 8.94e-13, 6.74e-11
2022-11-09, 01:42:34, 9.31e-13, 6.74e-11
2022-11-09, 01:42:38, 1.01e-12, 6.73e-11
2022-11-09, 01:42:43, 7.72e-13, 6.79e-11
2022-11-09, 01:42:47, 8.69e-13, 6.74e-11
2022-11-09, 01:42:51, 8.75e-13, 6.76e-11
2022-11-09, 01:42:55, 8.24e-13, 6.75e-11
2022-11-09, 01:42:59, 9.28e-13, 6.76e-11
2022-11-09, 01:43:04, 1.03e-12, 6.7e-11
2022-11-09, 01:43:08, 8.47e-13, 6.79e-11
2022-11-09, 01:43:12, 8.98e-13, 6.66e-11
2022-11-09, 01:43:16, 9.37e-13, 6.65e-11
2022-11-09, 01:43:21, 8.25e-13, 6.66e-11
2022-11-09, 01:43:25, 7.36e-13, 6.65e-11
2022-11-09, 01:43:29, 8.61e-13, 6.69e-11
2022-11-09, 01:43:33, 8.23e-13, 6.7e-11
2022-11-09, 01:43:37, 8.77e-13, 6.67e-11
2022-11-09, 01:43:42, 8.81e-13, 6.66e-11
2022-11-09, 01:43:46, 8.19e-13, 6.67e-11
2022-11-09, 01:43:50, 9.23e-13, 6.7e-11
2022-11-09, 01:43:54, 8.67e-13, 6.64e-11
2022-11-09, 01:43:59, 8.69e-13, 6.71e-11
2022-11-09, 01:44:03, 8.93e-13, 6.69e-11
2022-11-09, 01:44:07, 8.55e-13, 6.68e-11
2022-11-09, 01:44:11, 9.09e-13, 6.7e-11
2022-11-09, 01:44:15, 8.94e-13, 6.68e-11
2022-11-09, 01:44:20, 7.26e-13, 6.75e-11
2022-11-09, 01:44:24, 8.3e-13, 6.65e-11
2022-11-09, 01:44:28, 8.34e-13, 6.67e-11
2022-11-09, 01:44:32, 9.03e-13, 6.68e-11
2022-11-09, 01:44:37, 8.05e-13, 6.74e-11
2022-11-09, 01:44:41, 8.25e-13, 6.79e-11
2022-11-09, 01:44:45, 7.61e-13, 6.78e-11
2022-11-09, 01:44:49, 8.89e-13, 6.76e-11
2022-11-09, 01:44:53, 8.69e-13, 6.76e-11
2022-11-09, 01:44:58, 8.78e-13, 6.67e-11
2022-11-09, 01:45:02, 7.43e-13, 6.73e-11
2022-11-09, 01:45:06, 8.92e-13, 6.7e-11
2022-11-09, 01:45:10, 8.16e-13, 6.69e-11
2022-11-09, 01:45:14, 8.57e-13, 6.68e-11
2022-11-09, 01:45:19, 8.13e-13, 6.67e-11
2022-11-09, 01:45:23, 8.82e-13, 6.69e-11
2022-11-09, 01:45:27, 7.84e-13, 6.68e-11
2022-11-09, 01:45:31, 8.69e-13, 6.7e-11
2022-11-09, 01:45:36, 7.84e-13, 6.68e-11
2022-11-09, 01:45:40, 8.69e-13, 6.67e-11
2022-11-09, 01:45:44, 9.05e-13, 6.67e-11
2022-11-09, 01:45:48, 8.2e-13, 6.71e-11
2022-11-09, 01:45:52, 8.24e-13, 6.68e-11
2022-11-09, 01:45:57, 8.68e-13, 6.66e-11
2022-11-09, 01:46:01, 8.82e-13, 6.7e-11
2022-11-09, 01:46:05, 8.7e-13, 6.65e-11
2022-11-09, 01:46:09, 9.57e-13, 6.67e-11
2022-11-09, 01:46:14, 8.26e-13, 6.68e-11
2022-11-09, 01:46:18, 8.51e-13, 6.68e-11
2022-11-09, 01:46:22, 7.95e-13, 6.69e-11
2022-11-09, 01:46:26, 8.08e-13, 6.66e-11
2022-11-09, 01:46:30, 8.06e-13, 6.67e-11
2022-11-09, 01:46:35, 8.19e-13, 6.7e-11
2022-11-09, 01:46:39, 8.55e-13, 6.69e-11
2022-11-09, 01:46:43, 9.33e-13, 6.7e-11
2022-11-09, 01:46:47, 8.43e-13, 6.8e-11
2022-11-09, 01:46:52, 8.84e-13, 6.68e-11
2022-11-09, 01:46:56, 1e-12, 6.68e-11
2022-11-09, 01:47:00, 8.86e-13, 6.67e-11
2022-11-09, 01:47:04, 8.91e-13, 6.68e-11
2022-11-09, 01:47:08, 8.42e-13, 6.66e-11
2022-11-09, 01:47:13, 1.02e-12, 6.68e-11
2022-11-09, 01:47:17, 8.54e-13, 6.69e-11
2022-11-09, 01:47:21, 9.8e-13, 6.62e-11
2022-11-09, 01:47:25, 8.63e-13, 6.69e-11
2022-11-09, 01:47:30, 8.36e-13, 6.67e-11
2022-11-09, 01:47:34, 8.63e-13, 6.64e-11
2022-11-09, 01:47:38, 8.76e-13, 6.68e-11
2022-11-09, 01:47:42, 9.16e-13, 6.65e-11
2022-11-09, 01:47:46, 9.12e-13, 6.68e-11
2022-11-09, 01:47:51, 8.76e-13, 6.68e-11
2022-11-09, 01:47:55, 7.42e-13, 6.67e-11
2022-11-09, 01:47:59, 9.34e-13, 6.68e-11
2022-11-09, 01:48:03, 7.79e-13, 6.71e-11
2022-11-09, 01:48:08, 8.8e-13, 6.69e-11
2022-11-09, 01:48:12, 8.81e-13, 6.73e-11
2022-11-09, 01:48:16, 8.49e-13, 6.64e-11
2022-11-09, 01:48:20, 8.15e-13, 6.66e-11
2022-11-09, 01:48:24, 9.46e-13, 6.67e-11
2022-11-09, 01:48:29, 8.79e-13, 6.68e-11
2022-11-09, 01:48:33, 8.18e-13, 6.67e-11
2022-11-09, 01:48:37, 8.05e-13, 6.66e-11
2022-11-09, 01:48:41, 8.71e-13, 6.64e-11
2022-11-09, 01:48:45, 8.59e-13, 6.62e-11
2022-11-09, 01:48:50, 8.56e-13, 6.67e-11
2022-11-09, 01:48:54, 8.35e-13, 6.67e-11
2022-11-09, 01:48:58, 8.37e-13, 6.64e-11
2022-11-09, 01:49:02, 8.77e-13, 6.66e-11
2022-11-09, 01:49:07, 8.94e-13, 6.66e-11
2022-11-09, 01:49:11, 8.89e-13, 6.65e-11
2022-11-09, 01:49:15, 8.26e-13, 6.64e-11
2022-11-09, 01:49:19, 8.54e-13, 6.66e-11
2022-11-09, 01:49:23, 8.67e-13, 6.67e-11
2022-11-09, 01:49:28, 9.79e-13, 6.69e-11
2022-11-09, 01:49:32, 8.44e-13, 6.67e-11
2022-11-09, 01:49:36, 8.89e-13, 6.74e-11
2022-11-09, 01:49:40, 8.47e-13, 6.69e-11
2022-11-09, 01:49:45, 8.86e-13, 6.71e-11
2022-11-09, 01:49:49, 8.24e-13, 6.7e-11
2022-11-09, 01:49:53, 8.51e-13, 6.64e-11
2022-11-09, 01:49:57, 8.54e-13, 6.67e-11
2022-11-09, 01:50:01, 8.32e-13, 6.68e-11
2022-11-09, 01:50:06, 8.82e-13, 6.68e-11
2022-11-09, 01:50:10, 8.83e-13, 6.66e-11
2022-11-09, 01:50:14, 9.2e-13, 6.69e-11
2022-11-09, 01:50:18, 8.21e-13, 6.66e-11
2022-11-09, 01:50:23, 8.77e-13, 6.75e-11
2022-11-09, 01:50:27, 9.69e-13, 6.77e-11
2022-11-09, 01:50:31, 8.67e-13, 6.78e-11
2022-11-09, 01:50:35, 7.65e-13, 6.72e-11
2022-11-09, 01:50:39, 8.44e-13, 6.7e-11
2022-11-09, 01:50:44, 9.21e-13, 6.72e-11
2022-11-09, 01:50:48, 8.66e-13, 6.78e-11
2022-11-09, 01:50:52, 8.88e-13, 6.63e-11
2022-11-09, 01:50:56, 8.19e-13, 6.75e-11
2022-11-09, 01:51:01, 8.72e-13, 6.76e-11
2022-11-09, 01:51:05, 8.01e-13, 6.75e-11
2022-11-09, 01:51:09, 8.52e-13, 6.73e-11
2022-11-09, 01:51:13, 7.84e-13, 6.77e-11
2022-11-09, 01:51:17, 8.26e-13, 6.78e-11
2022-11-09, 01:51:22, 8.79e-13, 6.77e-11
2022-11-09, 01:51:26, 7.92e-13, 6.74e-11
2022-11-09, 01:51:30, 8.59e-13, 6.7e-11
2022-11-09, 01:51:34, 8.72e-13, 6.73e-11
2022-11-09, 01:51:39, 8.41e-13, 6.75e-11
2022-11-09, 01:51:43, 8.57e-13, 6.7e-11
2022-11-09, 01:51:47, 8.84e-13, 6.74e-11
2022-11-09, 01:51:51, 8.72e-13, 6.76e-11
2022-11-09, 01:51:55, 9.3e-13, 6.7e-11
2022-11-09, 01:52:00, 8.74e-13, 6.72e-11
2022-11-09, 01:52:04, 8.23e-13, 6.68e-11
2022-11-09, 01:52:08, 8.63e-13, 6.67e-11
2022-11-09, 01:52:12, 9.01e-13, 6.76e-11
2022-11-09, 01:52:17, 8.86e-13, 6.73e-11
2022-11-09, 01:52:21, 8.22e-13, 6.74e-11
2022-11-09, 01:52:25, 9.22e-13, 6.71e-11
2022-11-09, 01:52:29, 8.71e-13, 6.63e-11
2022-11-09, 01:52:33, 8.09e-13, 6.73e-11
2022-11-09, 01:52:38, 8.67e-13, 6.65e-11
2022-11-09, 01:52:42, 8.4e-13, 6.72e-11
2022-11-09, 01:52:46, 8.97e-13, 6.76e-11
2022-11-09, 01:52:50, 7.64e-13, 6.77e-11
2022-11-09, 01:52:54, 8.13e-13, 6.62e-11
2022-11-09, 01:52:59, 8.05e-13, 6.71e-11
2022-11-09, 01:53:03, 8.69e-13, 6.72e-11
2022-11-09, 01:53:07, 8.91e-13, 6.75e-11
2022-11-09, 01:53:11, 8.77e-13, 6.73e-11
2022-11-09, 01:53:16, 8.1e-13, 6.62e-11
2022-11-09, 01:53:20, 8.77e-13, 6.77e-11
2022-11-09, 01:53:24, 1.07e-12, 6.72e-11
2022-11-09, 01:53:28, 8.19e-13, 6.59e-11
2022-11-09, 01:53:32, 8.49e-13, 6.6e-11
2022-11-09, 01:53:37, 9.36e-13, 6.7e-11
2022-11-09, 01:53:41, 8.73e-13, 6.72e-11
2022-11-09, 01:53:45, 8.4e-13, 6.59e-11
2022-11-09, 01:53:49, 9.36e-13, 6.64e-11
2022-11-09, 01:53:54, 8.76e-13, 6.66e-11
2022-11-09, 01:53:58, 8.17e-13, 6.65e-11
2022-11-09, 01:54:02, 8.32e-13, 6.67e-11
2022-11-09, 01:54:06, 7.19e-13, 6.63e-11
2022-11-09, 01:54:10, 8.59e-13, 6.62e-11
2022-11-09, 01:54:15, 8.51e-13, 6.66e-11
2022-11-09, 01:54:19, 8.54e-13, 6.67e-11
2022-11-09, 01:54:23, 9.12e-13, 6.73e-11
2022-11-09, 01:54:27, 8.84e-13, 6.67e-11
2022-11-09, 01:54:32, 9.16e-13, 6.58e-11
2022-11-09, 01:54:36, 9.09e-13, 6.61e-11
2022-11-09, 01:54:40, 7.6e-13, 6.62e-11
2022-11-09, 01:54:44, 8.39e-13, 6.64e-11
2022-11-09, 01:54:48, 8.33e-13, 6.65e-11
2022-11-09, 01:54:53, 8.77e-13, 6.67e-11
2022-11-09, 01:54:57, 8.88e-13, 6.7e-11
2022-11-09, 01:55:01, 8.76e-13, 6.64e-11
2022-11-09, 01:55:05, 8.31e-13, 6.66e-11
2022-11-09, 01:55:10, 8.88e-13, 6.71e-11
2022-11-09, 01:55:14, 8.38e-13, 6.66e-11
2022-11-09, 01:55:18, 8.83e-13, 6.65e-11
2022-11-09, 01:55:22, 8.32e-13, 6.63e-11
2022-11-09, 01:55:26, 8.4e-13, 6.69e-11
2022-11-09, 01:55:31, 9.5e-13, 6.65e-11
2022-11-09, 01:55:35, 8.33e-13, 6.69e-11
2022-11-09, 01:55:39, 7.78e-13, 6.73e-11
2022-11-09, 01:55:43, 9.14e-13, 6.68e-11
2022-11-09, 01:55:48, 8.06e-13, 6.66e-11
2022-11-09, 01:55:52, 1.02e-12, 6.64e-11
2022-11-09, 01:55:56, 8.78e-13, 6.68e-11
2022-11-09, 01:56:00, 8.51e-13, 6.64e-11
2022-11-09, 01:56:04, 8.93e-13, 6.65e-11
2022-11-09, 01:56:09, 8.46e-13, 6.65e-11
2022-11-09, 01:56:13, 8.64e-13, 6.64e-11
2022-11-09, 01:56:17, 9.55e-13, 6.65e-11
2022-11-09, 01:56:21, 8.74e-13, 6.66e-11
2022-11-09, 01:56:25, 1.01e-12, 6.65e-11
2022-11-09, 01:56:30, 8.58e-13, 6.65e-11
2022-11-09, 01:56:34, 8.38e-13, 6.65e-11
2022-11-09, 01:56:38, 8.86e-13, 6.71e-11
2022-11-09, 01:56:42, 8.31e-13, 6.65e-11
2022-11-09, 01:56:47, 8.23e-13, 6.68e-11
2022-11-09, 01:56:51, 8.33e-13, 6.73e-11
2022-11-09, 01:56:55, 8.67e-13, 6.64e-11
2022-11-09, 01:56:59, 8.9e-13, 6.66e-11
2022-11-09, 01:57:03, 8.1e-13, 6.65e-11
2022-11-09, 01:57:08, 8.13e-13, 6.67e-11
2022-11-09, 01:57:12, 8.65e-13, 6.64e-11
2022-11-09, 01:57:16, 9.08e-13, 6.68e-11
2022-11-09, 01:57:20, 8.79e-13, 6.69e-11
2022-11-09, 01:57:25, 8.39e-13, 6.65e-11
2022-11-09, 01:57:29, 9.05e-13, 6.62e-11
2022-11-09, 01:57:33, 8.85e-13, 6.66e-11
2022-11-09, 01:57:37, 1.01e-12, 6.66e-11
2022-11-09, 01:57:41, 8.68e-13, 6.65e-11
2022-11-09, 01:57:46, 8.64e-13, 6.72e-11
2022-11-09, 01:57:50, 9.23e-13, 6.63e-11
2022-11-09, 01:57:54, 8.91e-13, 6.65e-11
2022-11-09, 01:57:58, 8.61e-13, 6.65e-11
2022-11-09, 01:58:03, 8.67e-13, 6.64e-11
2022-11-09, 01:58:07, 8.25e-13, 6.75e-11
2022-11-09, 01:58:11, 8.63e-13, 6.66e-11
2022-11-09, 01:58:15, 9.05e-13, 6.65e-11
2022-11-09, 01:58:19, 8.64e-13, 6.66e-11
2022-11-09, 01:58:24, 8.65e-13, 6.64e-11
2022-11-09, 01:58:28, 7.12e-13, 6.67e-11
2022-11-09, 01:58:32, 9.2e-13, 6.67e-11
2022-11-09, 01:58:36, 8.56e-13, 6.69e-11
2022-11-09, 01:58:41, 9.2e-13, 6.68e-11
2022-11-09, 01:58:45, 8.2e-13, 6.64e-11
2022-11-09, 01:58:49, 9.04e-13, 6.69e-11
2022-11-09, 01:58:53, 7.61e-13, 6.64e-11
2022-11-09, 01:58:57, 9e-13, 6.68e-11
2022-11-09, 01:59:02, 8.59e-13, 6.66e-11
2022-11-09, 01:59:06, 8.94e-13, 6.61e-11
2022-11-09, 01:59:10, 9.06e-13, 6.71e-11
2022-11-09, 01:59:14, 8e-13, 6.64e-11
2022-11-09, 01:59:19, 8.52e-13, 6.64e-11
2022-11-09, 01:59:23, 9.09e-13, 6.63e-11
2022-11-09, 01:59:27, 8.07e-13, 6.66e-11
2022-11-09, 01:59:31, 9.79e-13, 6.62e-11
2022-11-09, 01:59:35, 8.7e-13, 6.65e-11
2022-11-09, 01:59:40, 8.4e-13, 6.63e-11
2022-11-09, 01:59:44, 8.82e-13, 6.64e-11
2022-11-09, 01:59:48, 8.71e-13, 6.65e-11
2022-11-09, 01:59:52, 8.97e-13, 6.64e-11
2022-11-09, 01:59:57, 9.2e-13, 6.62e-11
2022-11-09, 02:00:01, 9.05e-13, 6.65e-11
2022-11-09, 02:00:05, 7.85e-13, 6.64e-11
2022-11-09, 02:00:09, 8.89e-13, 6.62e-11
2022-11-09, 02:00:13, 8.61e-13, 6.64e-11
2022-11-09, 02:00:18, 9.01e-13, 6.63e-11
2022-11-09, 02:00:22, 8.64e-13, 6.64e-11
2022-11-09, 02:00:26, 8.68e-13, 6.72e-11
2022-11-09, 02:00:30, 8.34e-13, 6.63e-11
2022-11-09, 02:00:34, 8.55e-13, 6.61e-11
2022-11-09, 02:00:39, 8.5e-13, 6.64e-11
2022-11-09, 02:00:52, 8.5e-13, 6.67e-11
2022-11-09, 02:00:56, 8.13e-13, 6.61e-11
2022-11-09, 02:01:00, 8.43e-13, 6.62e-11
2022-11-09, 02:01:04, 8.18e-13, 6.64e-11
2022-11-09, 02:01:09, 8.13e-13, 6.65e-11
2022-11-09, 02:01:13, 8.49e-13, 6.68e-11
2022-11-09, 02:01:17, 7.92e-13, 6.72e-11
2022-11-09, 02:01:21, 8.68e-13, 6.67e-11
2022-11-09, 02:01:26, 9.07e-13, 6.64e-11
2022-11-09, 02:01:30, 8.8e-13, 6.65e-11
2022-11-09, 02:01:34, 8.18e-13, 6.66e-11
2022-11-09, 02:01:38, 8.86e-13, 6.62e-11
2022-11-09, 02:01:42, 8.74e-13, 6.61e-11
2022-11-09, 02:01:47, 9.03e-13, 6.62e-11
2022-11-09, 02:01:51, 8.88e-13, 6.66e-11
2022-11-09, 02:01:55, 8.33e-13, 6.66e-11
2022-11-09, 02:01:59, 8.49e-13, 6.65e-11
2022-11-09, 02:02:04, 8.18e-13, 6.63e-11
2022-11-09, 02:02:08, 9.53e-13, 6.63e-11
2022-11-09, 02:02:12, 8.4e-13, 6.63e-11
2022-11-09, 02:02:16, 8.09e-13, 6.65e-11
2022-11-09, 02:02:20, 8.45e-13, 6.61e-11
2022-11-09, 02:02:25, 8.22e-13, 6.61e-11
2022-11-09, 02:02:29, 7.83e-13, 6.6e-11
2022-11-09, 02:02:33, 8.63e-13, 6.59e-11
2022-11-09, 02:02:37, 8.35e-13, 6.67e-11
2022-11-09, 02:02:41, 8.01e-13, 6.6e-11
2022-11-09, 02:02:46, 8.63e-13, 6.63e-11
2022-11-09, 02:02:50, 8.21e-13, 6.65e-11
2022-11-09, 02:02:54, 8.25e-13, 6.63e-11
2022-11-09, 02:02:58, 8.66e-13, 6.66e-11
2022-11-09, 02:03:03, 8.6e-13, 6.61e-11
2022-11-09, 02:03:07, 8.74e-13, 6.63e-11
2022-11-09, 02:03:11, 8.75e-13, 6.61e-11
2022-11-09, 02:03:15, 1.03e-12, 6.61e-11
2022-11-09, 02:03:19, 8.61e-13, 6.62e-11
2022-11-09, 02:03:24, 8.65e-13, 6.67e-11
2022-11-09, 02:03:28, 7.82e-13, 6.68e-11
2022-11-09, 02:03:32, 8.69e-13, 6.66e-11
2022-11-09, 02:03:36, 8.64e-13, 6.65e-11
2022-11-09, 02:03:41, 8.92e-13, 6.63e-11
2022-11-09, 02:03:45, 9.85e-13, 6.63e-11
2022-11-09, 02:03:49, 9.03e-13, 6.74e-11
2022-11-09, 02:03:53, 8.64e-13, 6.6e-11
2022-11-09, 02:03:57, 9.03e-13, 6.62e-11
2022-11-09, 02:04:02, 8.31e-13, 6.6e-11
2022-11-09, 02:04:06, 8.29e-13, 6.61e-11
2022-11-09, 02:04:10, 8.49e-13, 6.6e-11
2022-11-09, 02:04:14, 8.9e-13, 6.62e-11
2022-11-09, 02:04:19, 8.43e-13, 6.61e-11
2022-11-09, 02:04:23, 8.49e-13, 6.6e-11
2022-11-09, 02:04:27, 8.75e-13, 6.66e-11
2022-11-09, 02:04:31, 9.34e-13, 6.62e-11
2022-11-09, 02:04:35, 9.06e-13, 6.61e-11
2022-11-09, 02:04:40, 8.32e-13, 6.61e-11
2022-11-09, 02:04:44, 8.76e-13, 6.61e-11
2022-11-09, 02:04:48, 9.49e-13, 6.65e-11
2022-11-09, 02:04:52, 8.9e-13, 6.6e-11
2022-11-09, 02:04:57, 8.87e-13, 6.63e-11
2022-11-09, 02:05:01, 8.51e-13, 6.63e-11
2022-11-09, 02:05:05, 8.87e-13, 6.64e-11
2022-11-09, 02:05:09, 8.71e-13, 6.61e-11
2022-11-09, 02:05:13, 9.56e-13, 6.61e-11
2022-11-09, 02:05:18, 7.82e-13, 6.7e-11
2022-11-09, 02:05:22, 9.15e-13, 6.63e-11
2022-11-09, 02:05:26, 8.93e-13, 6.65e-11
2022-11-09, 02:05:30, 9.67e-13, 6.64e-11
2022-11-09, 02:05:35, 8.65e-13, 6.65e-11
2022-11-09, 02:05:39, 8.69e-13, 6.69e-11
2022-11-09, 02:05:43, 9.56e-13, 6.65e-11
2022-11-09, 02:05:47, 8.53e-13, 6.64e-11
2022-11-09, 02:05:51, 8.2e-13, 6.68e-11
2022-11-09, 02:05:56, 9.57e-13, 6.68e-11
2022-11-09, 02:06:00, 9.14e-13, 6.65e-11
2022-11-09, 02:06:04, 8.36e-13, 6.63e-11
2022-11-09, 02:06:08, 8.86e-13, 6.64e-11
2022-11-09, 02:06:13, 8.44e-13, 6.64e-11
2022-11-09, 02:06:17, 8.09e-13, 6.61e-11
2022-11-09, 02:06:21, 8.74e-13, 6.63e-11
2022-11-09, 02:06:25, 8.01e-13, 6.63e-11
2022-11-09, 02:06:29, 8.08e-13, 6.62e-11
2022-11-09, 02:06:34, 8.49e-13, 6.64e-11
2022-11-09, 02:06:38, 9.83e-13, 6.63e-11
2022-11-09, 02:06:42, 9.2e-13, 6.62e-11
2022-11-09, 02:06:46, 8.42e-13, 6.64e-11
2022-11-09, 02:06:51, 8.91e-13, 6.63e-11
2022-11-09, 02:06:55, 9.25e-13, 6.65e-11
2022-11-09, 02:06:59, 8.39e-13, 6.65e-11
2022-11-09, 02:07:03, 9.71e-13, 6.64e-11
2022-11-09, 02:07:07, 9.15e-13, 6.65e-11
2022-11-09, 02:07:12, 8.58e-13, 6.64e-11
2022-11-09, 02:07:16, 8.53e-13, 6.61e-11
2022-11-09, 02:07:20, 7.75e-13, 6.62e-11
2022-11-09, 02:07:24, 8.86e-13, 6.65e-11
2022-11-09, 02:07:29, 8.92e-13, 6.7e-11
2022-11-09, 02:07:33, 8.47e-13, 6.66e-11
2022-11-09, 02:07:37, 8.46e-13, 6.68e-11
2022-11-09, 02:07:41, 8.21e-13, 6.66e-11
2022-11-09, 02:07:45, 9.41e-13, 6.65e-11
2022-11-09, 02:07:50, 9e-13, 6.64e-11
2022-11-09, 02:07:54, 9.02e-13, 6.64e-11
2022-11-09, 02:07:58, 9.6e-13, 6.67e-11
2022-11-09, 02:08:02, 8.66e-13, 6.66e-11
2022-11-09, 02:08:06, 8.09e-13, 6.66e-11
2022-11-09, 02:08:11, 8.82e-13, 6.64e-11
2022-11-09, 02:08:15, 8.84e-13, 6.63e-11
2022-11-09, 02:08:19, 8.68e-13, 6.67e-11
2022-11-09, 02:08:23, 9.25e-13, 6.64e-11
2022-11-09, 02:08:28, 8.87e-13, 6.64e-11
2022-11-09, 02:08:32, 8.44e-13, 6.65e-11
2022-11-09, 02:08:36, 9.05e-13, 6.6e-11
2022-11-09, 02:08:40, 8.67e-13, 6.63e-11
2022-11-09, 02:08:44, 9.55e-13, 6.64e-11
2022-11-09, 02:08:49, 8.03e-13, 6.64e-11
2022-11-09, 02:08:53, 8.39e-13, 6.66e-11
2022-11-09, 02:08:57, 8.45e-13, 6.64e-11
2022-11-09, 02:09:01, 8.83e-13, 6.67e-11
2022-11-09, 02:09:06, 9.39e-13, 6.61e-11
2022-11-09, 02:09:10, 8.9e-13, 6.63e-11
2022-11-09, 02:09:14, 9.34e-13, 6.64e-11
2022-11-09, 02:09:18, 8.05e-13, 6.71e-11
2022-11-09, 02:09:22, 8.96e-13, 6.62e-11
2022-11-09, 02:09:27, 9.02e-13, 6.66e-11
2022-11-09, 02:09:31, 8.23e-13, 6.66e-11
2022-11-09, 02:09:35, 8.61e-13, 6.62e-11
2022-11-09, 02:09:39, 8.45e-13, 6.63e-11
2022-11-09, 02:09:44, 8.69e-13, 6.62e-11
2022-11-09, 02:09:48, 8.95e-13, 6.61e-11
2022-11-09, 02:09:52, 9.05e-13, 6.63e-11
2022-11-09, 02:09:56, 8.48e-13, 6.6e-11
2022-11-09, 02:10:00, 8.88e-13, 6.63e-11
2022-11-09, 02:10:05, 8.48e-13, 6.69e-11
2022-11-09, 02:10:09, 8.82e-13, 6.68e-11
2022-11-09, 02:10:13, 8.03e-13, 6.62e-11
2022-11-09, 02:10:17, 8.95e-13, 6.64e-11
2022-11-09, 02:10:22, 8.04e-13, 6.67e-11
2022-11-09, 02:10:26, 8.83e-13, 6.62e-11
2022-11-09, 02:10:30, 8.8e-13, 6.66e-11
2022-11-09, 02:10:34, 8.94e-13, 6.63e-11
2022-11-09, 02:10:38, 7.7e-13, 6.69e-11
2022-11-09, 02:10:43, 8.59e-13, 6.66e-11
2022-11-09, 02:10:47, 8.56e-13, 6.64e-11
2022-11-09, 02:10:51, 9.29e-13, 6.65e-11
2022-11-09, 02:10:55, 8.92e-13, 6.62e-11
2022-11-09, 02:11:00, 9.93e-13, 6.62e-11
2022-11-09, 02:11:04, 9.18e-13, 6.64e-11
2022-11-09, 02:11:08, 8.71e-13, 6.61e-11
2022-11-09, 02:11:12, 9.3e-13, 6.64e-11
2022-11-09, 02:11:16, 7.49e-13, 6.62e-11
2022-11-09, 02:11:21, 8.32e-13, 6.62e-11
2022-11-09, 02:11:25, 9.77e-13, 6.62e-11
2022-11-09, 02:11:29, 8.76e-13, 6.62e-11
2022-11-09, 02:11:33, 8.39e-13, 6.6e-11
2022-11-09, 02:11:38, 8.84e-13, 6.62e-11
2022-11-09, 02:11:42, 8.67e-13, 6.69e-11
2022-11-09, 02:11:46, 8.85e-13, 6.68e-11
2022-11-09, 02:11:50, 8.83e-13, 6.68e-11
2022-11-09, 02:11:54, 8.55e-13, 6.65e-11
2022-11-09, 02:11:59, 8.34e-13, 6.64e-11
2022-11-09, 02:12:03, 8.58e-13, 6.61e-11
2022-11-09, 02:12:07, 8.08e-13, 6.67e-11
2022-11-09, 02:12:11, 8.67e-13, 6.64e-11
2022-11-09, 02:12:15, 8.74e-13, 6.62e-11
2022-11-09, 02:12:20, 8.87e-13, 6.61e-11
2022-11-09, 02:12:24, 8.84e-13, 6.63e-11
2022-11-09, 02:12:28, 8.58e-13, 6.62e-11
2022-11-09, 02:12:32, 8.41e-13, 6.64e-11
2022-11-09, 02:12:37, 9.2e-13, 6.61e-11
2022-11-09, 02:12:41, 8.44e-13, 6.62e-11
2022-11-09, 02:12:45, 8.05e-13, 6.66e-11
2022-11-09, 02:12:49, 8.03e-13, 6.66e-11
2022-11-09, 02:12:53, 8.97e-13, 6.61e-11
2022-11-09, 02:12:58, 9.29e-13, 6.62e-11
2022-11-09, 02:13:02, 7.95e-13, 6.61e-11
2022-11-09, 02:13:06, 8.47e-13, 6.63e-11
2022-11-09, 02:13:10, 8.59e-13, 6.64e-11
2022-11-09, 02:13:15, 9.06e-13, 6.64e-11
2022-11-09, 02:13:19, 9.27e-13, 6.62e-11
2022-11-09, 02:13:23, 7.81e-13, 6.62e-11
2022-11-09, 02:13:27, 8.8e-13, 6.64e-11
2022-11-09, 02:13:31, 9.04e-13, 6.66e-11
2022-11-09, 02:13:36, 8.8e-13, 6.7e-11
2022-11-09, 02:13:40, 9.18e-13, 6.64e-11
2022-11-09, 02:13:44, 9.35e-13, 6.7e-11
2022-11-09, 02:13:48, 8.89e-13, 6.62e-11
2022-11-09, 02:13:53, 8.43e-13, 6.62e-11
2022-11-09, 02:13:57, 8.72e-13, 6.62e-11
2022-11-09, 02:14:01, 8.36e-13, 6.67e-11
2022-11-09, 02:14:05, 9.27e-13, 6.67e-11
2022-11-09, 02:14:09, 7.85e-13, 6.66e-11
2022-11-09, 02:14:14, 9.06e-13, 6.64e-11
2022-11-09, 02:14:18, 8.98e-13, 6.64e-11
2022-11-09, 02:14:22, 8.3e-13, 6.66e-11
2022-11-09, 02:14:26, 8.61e-13, 6.64e-11
2022-11-09, 02:14:31, 9.67e-13, 6.67e-11
2022-11-09, 02:14:35, 8.87e-13, 6.67e-11
2022-11-09, 02:14:39, 9.08e-13, 6.67e-11
2022-11-09, 02:14:43, 9.3e-13, 6.64e-11
2022-11-09, 02:14:47, 9.23e-13, 6.63e-11
2022-11-09, 02:14:52, 9.25e-13, 6.67e-11
2022-11-09, 02:14:56, 9.31e-13, 6.66e-11
2022-11-09, 02:15:00, 8.03e-13, 6.61e-11
2022-11-09, 02:15:04, 8.93e-13, 6.56e-11
2022-11-09, 02:15:09, 8.64e-13, 6.62e-11
2022-11-09, 02:15:13, 8.89e-13, 6.63e-11
2022-11-09, 02:15:17, 9.59e-13, 6.6e-11
2022-11-09, 02:15:21, 8.47e-13, 6.65e-11
2022-11-09, 02:15:25, 8.93e-13, 6.63e-11
2022-11-09, 02:15:30, 9.6e-13, 6.62e-11
2022-11-09, 02:15:34, 8.38e-13, 6.62e-11
2022-11-09, 02:15:38, 8.04e-13, 6.62e-11
2022-11-09, 02:15:42, 9.01e-13, 6.61e-11
2022-11-09, 02:15:47, 8.65e-13, 6.62e-11
2022-11-09, 02:15:51, 8.34e-13, 6.65e-11
2022-11-09, 02:15:55, 8.5e-13, 6.64e-11
2022-11-09, 02:15:59, 8.83e-13, 6.65e-11
2022-11-09, 02:16:03, 8.25e-13, 6.65e-11
2022-11-09, 02:16:08, 9.04e-13, 6.65e-11
2022-11-09, 02:16:12, 8.66e-13, 6.64e-11
2022-11-09, 02:16:16, 9.24e-13, 6.64e-11
2022-11-09, 02:16:20, 8.44e-13, 6.64e-11
2022-11-09, 02:16:25, 9.19e-13, 6.65e-11
2022-11-09, 02:16:29, 8.54e-13, 6.65e-11
2022-11-09, 02:16:33, 8.2e-13, 6.62e-11
2022-11-09, 02:16:37, 8.69e-13, 6.61e-11
2022-11-09, 02:16:41, 9.88e-13, 6.61e-11
2022-11-09, 02:16:46, 8.76e-13, 6.62e-11
2022-11-09, 02:16:50, 7.22e-13, 6.61e-11
2022-11-09, 02:16:54, 8.58e-13, 6.62e-11
2022-11-09, 02:16:58, 8e-13, 6.62e-11
2022-11-09, 02:17:02, 8.5e-13, 6.62e-11
2022-11-09, 02:17:07, 8.84e-13, 6.61e-11
2022-11-09, 02:17:11, 8.63e-13, 6.61e-11
2022-11-09, 02:17:15, 9.08e-13, 6.64e-11
2022-11-09, 02:17:19, 8.46e-13, 6.61e-11
2022-11-09, 02:17:24, 9.44e-13, 6.6e-11
2022-11-09, 02:17:28, 8.93e-13, 6.6e-11
2022-11-09, 02:17:32, 8.74e-13, 6.64e-11
2022-11-09, 02:17:36, 9.63e-13, 6.62e-11
2022-11-09, 02:17:40, 8.94e-13, 6.65e-11
2022-11-09, 02:17:45, 9.31e-13, 6.62e-11
2022-11-09, 02:17:49, 9.57e-13, 6.62e-11
2022-11-09, 02:17:53, 8.38e-13, 6.63e-11
2022-11-09, 02:17:57, 8.22e-13, 6.61e-11
2022-11-09, 02:18:02, 8.66e-13, 6.66e-11
2022-11-09, 02:18:06, 8.72e-13, 6.63e-11
2022-11-09, 02:18:10, 8.72e-13, 6.59e-11
2022-11-09, 02:18:14, 9.08e-13, 6.6e-11
2022-11-09, 02:18:18, 8.84e-13, 6.62e-11
2022-11-09, 02:18:23, 9.3e-13, 6.58e-11
2022-11-09, 02:18:27, 9.27e-13, 6.63e-11
2022-11-09, 02:18:31, 8.14e-13, 6.62e-11
2022-11-09, 02:18:35, 9.32e-13, 6.64e-11
2022-11-09, 02:18:40, 9.37e-13, 6.61e-11
2022-11-09, 02:18:44, 8.61e-13, 6.64e-11
2022-11-09, 02:18:48, 9.27e-13, 6.52e-11
2022-11-09, 02:18:52, 7.67e-13, 6.64e-11
2022-11-09, 02:18:56, 8.38e-13, 6.62e-11
2022-11-09, 02:19:01, 8.82e-13, 6.57e-11
2022-11-09, 02:19:05, 8.15e-13, 6.65e-11
2022-11-09, 02:19:09, 8.75e-13, 6.66e-11
2022-11-09, 02:19:13, 9.15e-13, 6.56e-11
2022-11-09, 02:19:18, 8.77e-13, 6.66e-11
2022-11-09, 02:19:22, 9.27e-13, 6.66e-11
2022-11-09, 02:19:26, 7.91e-13, 6.64e-11
2022-11-09, 02:19:30, 8.91e-13, 6.65e-11
2022-11-09, 02:19:34, 8.79e-13, 6.68e-11
2022-11-09, 02:19:39, 8.15e-13, 6.63e-11
2022-11-09, 02:19:43, 9.1e-13, 6.59e-11
2022-11-09, 02:19:47, 8.56e-13, 6.63e-11
2022-11-09, 02:19:51, 8.29e-13, 6.62e-11
2022-11-09, 02:19:56, 7.86e-13, 6.63e-11
2022-11-09, 02:20:00, 8.68e-13, 6.61e-11
2022-11-09, 02:20:04, 8.16e-13, 6.63e-11
2022-11-09, 02:20:08, 8.77e-13, 6.62e-11
2022-11-09, 02:20:12, 9.3e-13, 6.61e-11
2022-11-09, 02:20:17, 8.72e-13, 6.62e-11
2022-11-09, 02:20:21, 8.33e-13, 6.64e-11
2022-11-09, 02:20:25, 8.31e-13, 6.61e-11
2022-11-09, 02:20:29, 8.41e-13, 6.57e-11
2022-11-09, 02:20:33, 9.02e-13, 6.61e-11
2022-11-09, 02:20:38, 8.64e-13, 6.57e-11
2022-11-09, 02:20:42, 8.54e-13, 6.6e-11
2022-11-09, 02:20:46, 9.09e-13, 6.58e-11
2022-11-09, 02:20:50, 7.73e-13, 6.61e-11
2022-11-09, 02:20:55, 8.98e-13, 6.6e-11
2022-11-09, 02:20:59, 8.3e-13, 6.61e-11
2022-11-09, 02:21:03, 8.27e-13, 6.61e-11
2022-11-09, 02:21:07, 9.34e-13, 6.58e-11
2022-11-09, 02:21:11, 9.08e-13, 6.58e-11
2022-11-09, 02:21:16, 8.17e-13, 6.6e-11
2022-11-09, 02:21:20, 8.09e-13, 6.6e-11
2022-11-09, 02:21:24, 9.26e-13, 6.59e-11
2022-11-09, 02:21:28, 9.01e-13, 6.59e-11
2022-11-09, 02:21:33, 9.05e-13, 6.59e-11
2022-11-09, 02:21:37, 9.67e-13, 6.6e-11
2022-11-09, 02:21:41, 8.33e-13, 6.59e-11
2022-11-09, 02:21:45, 8.53e-13, 6.61e-11
2022-11-09, 02:21:49, 8.45e-13, 6.58e-11
2022-11-09, 02:21:54, 8.62e-13, 6.59e-11
2022-11-09, 02:21:58, 8.52e-13, 6.6e-11
2022-11-09, 02:22:02, 8.46e-13, 6.6e-11
2022-11-09, 02:22:06, 8.52e-13, 6.61e-11
2022-11-09, 02:22:11, 8.34e-13, 6.6e-11
2022-11-09, 02:22:15, 8.67e-13, 6.6e-11
2022-11-09, 02:22:19, 7.85e-13, 6.58e-11
2022-11-09, 02:22:23, 9.25e-13, 6.63e-11
2022-11-09, 02:22:27, 9.5e-13, 6.59e-11
2022-11-09, 02:22:32, 8.43e-13, 6.59e-11
2022-11-09, 02:22:36, 8.66e-13, 6.6e-11
2022-11-09, 02:22:40, 8.62e-13, 6.57e-11
2022-11-09, 02:22:44, 9.04e-13, 6.57e-11
2022-11-09, 02:22:49, 9.78e-13, 6.6e-11
2022-11-09, 02:22:53, 8.96e-13, 6.6e-11
2022-11-09, 02:22:57, 8.64e-13, 6.59e-11
2022-11-09, 02:23:01, 8.37e-13, 6.6e-11
2022-11-09, 02:23:05, 9.86e-13, 6.57e-11
2022-11-09, 02:23:10, 8.68e-13, 6.6e-11
2022-11-09, 02:23:14, 8.31e-13, 6.59e-11
2022-11-09, 02:23:18, 9.99e-13, 6.59e-11
2022-11-09, 02:23:22, 8.42e-13, 6.6e-11
2022-11-09, 02:23:27, 8.84e-13, 6.59e-11
2022-11-09, 02:23:31, 8.61e-13, 6.64e-11
2022-11-09, 02:23:35, 8.26e-13, 6.63e-11
2022-11-09, 02:23:39, 8.47e-13, 6.61e-11
2022-11-09, 02:23:43, 9.17e-13, 6.58e-11
2022-11-09, 02:23:48, 8.95e-13, 6.59e-11
2022-11-09, 02:23:52, 8.44e-13, 6.58e-11
2022-11-09, 02:23:56, 8.92e-13, 6.6e-11
2022-11-09, 02:24:00, 8.43e-13, 6.6e-11
2022-11-09, 02:24:05, 8.73e-13, 6.6e-11
2022-11-09, 02:24:09, 8.9e-13, 6.58e-11
2022-11-09, 02:24:13, 8.46e-13, 6.6e-11
2022-11-09, 02:24:17, 8.66e-13, 6.59e-11
2022-11-09, 02:24:21, 9.88e-13, 6.6e-11
2022-11-09, 02:24:26, 8.13e-13, 6.58e-11
2022-11-09, 02:24:30, 8.79e-13, 6.58e-11
2022-11-09, 02:24:34, 8.41e-13, 6.57e-11
2022-11-09, 02:24:38, 8.49e-13, 6.57e-11
2022-11-09, 02:24:43, 8.7e-13, 6.57e-11
2022-11-09, 02:24:47, 8.06e-13, 6.62e-11
2022-11-09, 02:24:51, 9.27e-13, 6.59e-11
2022-11-09, 02:24:55, 8.71e-13, 6.6e-11
2022-11-09, 02:24:59, 8.4e-13, 6.61e-11
2022-11-09, 02:25:04, 8.3e-13, 6.6e-11
2022-11-09, 02:25:08, 9.33e-13, 6.58e-11
2022-11-09, 02:25:12, 7.94e-13, 6.6e-11
2022-11-09, 02:25:16, 7.61e-13, 6.6e-11
2022-11-09, 02:25:21, 8.12e-13, 6.58e-11
2022-11-09, 02:25:25, 8.85e-13, 6.6e-11
2022-11-09, 02:25:29, 8.69e-13, 6.6e-11
2022-11-09, 02:25:33, 8.98e-13, 6.56e-11
2022-11-09, 02:25:37, 8.7e-13, 6.58e-11
2022-11-09, 02:25:42, 8.37e-13, 6.63e-11
2022-11-09, 02:25:46, 8.48e-13, 6.6e-11
2022-11-09, 02:25:50, 8.85e-13, 6.58e-11
2022-11-09, 02:25:54, 9.06e-13, 6.59e-11
2022-11-09, 02:25:59, 8.97e-13, 6.6e-11
2022-11-09, 02:26:03, 9.51e-13, 6.61e-11
2022-11-09, 02:26:07, 8.25e-13, 6.6e-11
2022-11-09, 02:26:11, 8.45e-13, 6.58e-11
2022-11-09, 02:26:15, 8.57e-13, 6.57e-11
2022-11-09, 02:26:20, 8.24e-13, 6.54e-11
2022-11-09, 02:26:24, 8.41e-13, 6.61e-11
2022-11-09, 02:26:28, 8.74e-13, 6.59e-11
2022-11-09, 02:26:32, 8.72e-13, 6.58e-11
2022-11-09, 02:26:37, 8.38e-13, 6.56e-11
2022-11-09, 02:26:41, 8.1e-13, 6.62e-11
2022-11-09, 02:26:45, 8.11e-13, 6.56e-11
2022-11-09, 02:26:49, 8.12e-13, 6.56e-11
2022-11-09, 02:26:53, 8.97e-13, 6.61e-11
2022-11-09, 02:26:58, 8.93e-13, 6.58e-11
2022-11-09, 02:27:02, 8.64e-13, 6.55e-11
2022-11-09, 02:27:06, 8.18e-13, 6.6e-11
2022-11-09, 02:27:10, 8.42e-13, 6.65e-11
2022-11-09, 02:27:14, 8.61e-13, 6.59e-11
2022-11-09, 02:27:19, 8.43e-13, 6.59e-11
2022-11-09, 02:27:23, 8e-13, 6.55e-11
2022-11-09, 02:27:27, 8.03e-13, 6.58e-11
2022-11-09, 02:27:31, 8.62e-13, 6.6e-11
2022-11-09, 02:27:36, 8.59e-13, 6.57e-11
2022-11-09, 02:27:40, 8.46e-13, 6.57e-11
2022-11-09, 02:27:44, 8.3e-13, 6.57e-11
2022-11-09, 02:27:48, 8.92e-13, 6.6e-11
2022-11-09, 02:27:52, 7.94e-13, 6.58e-11
2022-11-09, 02:27:57, 8.94e-13, 6.58e-11
2022-11-09, 02:28:01, 9.15e-13, 6.61e-11
2022-11-09, 02:28:05, 8.66e-13, 6.5e-11
2022-11-09, 02:28:09, 8.69e-13, 6.53e-11
2022-11-09, 02:28:14, 8.51e-13, 6.51e-11
2022-11-09, 02:28:18, 8.81e-13, 6.63e-11
2022-11-09, 02:28:22, 8.04e-13, 6.65e-11
2022-11-09, 02:28:26, 8.44e-13, 6.52e-11
2022-11-09, 02:28:30, 8.4e-13, 6.62e-11
2022-11-09, 02:28:35, 9.64e-13, 6.61e-11
2022-11-09, 02:28:39, 8.9e-13, 6.62e-11
2022-11-09, 02:28:43, 9e-13, 6.61e-11
2022-11-09, 02:28:47, 8.58e-13, 6.54e-11
2022-11-09, 02:28:52, 8.25e-13, 6.6e-11
2022-11-09, 02:28:56, 8.81e-13, 6.61e-11
2022-11-09, 02:29:00, 8.67e-13, 6.61e-11
2022-11-09, 02:29:04, 8.57e-13, 6.61e-11
2022-11-09, 02:29:08, 8.71e-13, 6.6e-11
2022-11-09, 02:29:13, 8.77e-13, 6.63e-11
2022-11-09, 02:29:17, 9.31e-13, 6.67e-11
2022-11-09, 02:29:21, 8.57e-13, 6.59e-11
2022-11-09, 02:29:25, 8.27e-13, 6.55e-11
2022-11-09, 02:29:30, 8.53e-13, 6.55e-11
2022-11-09, 02:29:34, 8.44e-13, 6.57e-11
2022-11-09, 02:29:38, 8.34e-13, 6.61e-11
2022-11-09, 02:29:42, 8.57e-13, 6.64e-11
2022-11-09, 02:29:46, 9.24e-13, 6.6e-11
2022-11-09, 02:29:51, 8.72e-13, 6.61e-11
2022-11-09, 02:29:55, 8.75e-13, 6.59e-11
2022-11-09, 02:29:59, 8.34e-13, 6.61e-11
2022-11-09, 02:30:03, 8.81e-13, 6.58e-11
2022-11-09, 02:30:08, 8.5e-13, 6.61e-11
2022-11-09, 02:30:12, 9.26e-13, 6.61e-11
2022-11-09, 02:30:16, 8.27e-13, 6.58e-11
2022-11-09, 02:30:20, 8.66e-13, 6.58e-11
2022-11-09, 02:30:24, 9.08e-13, 6.62e-11
2022-11-09, 02:30:29, 9.4e-13, 6.59e-11
2022-11-09, 02:30:33, 8.06e-13, 6.6e-11
2022-11-09, 02:30:37, 8.95e-13, 6.59e-11
2022-11-09, 02:30:44, 8.89e-13, 6.7e-11
2022-11-09, 02:30:48, 8.61e-13, 6.59e-11
2022-11-09, 02:30:53, 8.72e-13, 6.61e-11
2022-11-09, 02:30:57, 7.9e-13, 6.6e-11
2022-11-09, 02:31:01, 9.32e-13, 6.6e-11
2022-11-09, 02:31:05, 8.1e-13, 6.57e-11
2022-11-09, 02:31:10, 8.1e-13, 6.58e-11
2022-11-09, 02:31:14, 9.12e-13, 6.56e-11
2022-11-09, 02:31:18, 8.47e-13, 6.61e-11
2022-11-09, 02:31:22, 7.94e-13, 6.59e-11
2022-11-09, 02:31:26, 8.51e-13, 6.6e-11
2022-11-09, 02:31:31, 9.01e-13, 6.59e-11
2022-11-09, 02:31:35, 7.88e-13, 6.6e-11
2022-11-09, 02:31:39, 9.16e-13, 6.59e-11
2022-11-09, 02:31:43, 8.82e-13, 6.59e-11
2022-11-09, 02:31:47, 1.01e-12, 6.59e-11
2022-11-09, 02:31:52, 8.71e-13, 6.62e-11
2022-11-09, 02:31:56, 8.22e-13, 6.59e-11
2022-11-09, 02:32:00, 9.33e-13, 6.59e-11
2022-11-09, 02:32:04, 8.54e-13, 6.62e-11
2022-11-09, 02:32:09, 8.78e-13, 6.58e-11
2022-11-09, 02:32:13, 8.75e-13, 6.59e-11
2022-11-09, 02:32:17, 8.95e-13, 6.57e-11
2022-11-09, 02:32:21, 8.16e-13, 6.61e-11
2022-11-09, 02:32:25, 8.84e-13, 6.58e-11
2022-11-09, 02:32:30, 8.51e-13, 6.58e-11
2022-11-09, 02:32:34, 8.79e-13, 6.59e-11
2022-11-09, 02:32:38, 9.02e-13, 6.55e-11
2022-11-09, 02:32:42, 8.4e-13, 6.55e-11
2022-11-09, 02:32:47, 8.2e-13, 6.57e-11
2022-11-09, 02:32:51, 8.49e-13, 6.57e-11
2022-11-09, 02:32:55, 8.7e-13, 6.6e-11
2022-11-09, 02:32:59, 8.51e-13, 6.59e-11
2022-11-09, 02:33:03, 8.48e-13, 6.54e-11
2022-11-09, 02:33:08, 8.94e-13, 6.59e-11
2022-11-09, 02:33:12, 9.38e-13, 6.59e-11
2022-11-09, 02:33:16, 8.86e-13, 6.59e-11
2022-11-09, 02:33:20, 9.26e-13, 6.61e-11
2022-11-09, 02:33:25, 8.85e-13, 6.61e-11
2022-11-09, 02:33:29, 8.32e-13, 6.6e-11
2022-11-09, 02:33:33, 8.4e-13, 6.62e-11
2022-11-09, 02:33:37, 8.49e-13, 6.62e-11
2022-11-09, 02:33:41, 8.53e-13, 6.6e-11
2022-11-09, 02:33:46, 8.51e-13, 6.59e-11
2022-11-09, 02:33:50, 8.36e-13, 6.62e-11
2022-11-09, 02:33:54, 7.65e-13, 6.58e-11
2022-11-09, 02:33:58, 8.92e-13, 6.6e-11
2022-11-09, 02:34:03, 8.74e-13, 6.59e-11
2022-11-09, 02:34:07, 9.04e-13, 6.6e-11
2022-11-09, 02:34:11, 8.53e-13, 6.6e-11
2022-11-09, 02:34:15, 8.62e-13, 6.6e-11
2022-11-09, 02:34:19, 8.78e-13, 6.67e-11
2022-11-09, 02:34:24, 8.74e-13, 6.6e-11
2022-11-09, 02:34:28, 8.81e-13, 6.61e-11
2022-11-09, 02:34:32, 8.36e-13, 6.61e-11
2022-11-09, 02:34:36, 9.35e-13, 6.64e-11
2022-11-09, 02:34:41, 7.5e-13, 6.6e-11
2022-11-09, 02:34:45, 8.66e-13, 6.6e-11
2022-11-09, 02:34:49, 8.3e-13, 6.64e-11
2022-11-09, 02:34:53, 8.56e-13, 6.6e-11
2022-11-09, 02:34:57, 9.09e-13, 6.62e-11
2022-11-09, 02:35:02, 8.87e-13, 6.6e-11
2022-11-09, 02:35:06, 8.94e-13, 6.6e-11
2022-11-09, 02:35:10, 8.25e-13, 6.62e-11
2022-11-09, 02:35:14, 8.87e-13, 6.62e-11
2022-11-09, 02:35:18, 9.12e-13, 6.58e-11
2022-11-09, 02:35:23, 8.46e-13, 6.59e-11
2022-11-09, 02:35:27, 8.54e-13, 6.59e-11
2022-11-09, 02:35:31, 8.6e-13, 6.6e-11
2022-11-09, 02:35:35, 8.67e-13, 6.6e-11
2022-11-09, 02:35:40, 8.22e-13, 6.66e-11
2022-11-09, 02:35:44, 8.31e-13, 6.59e-11
2022-11-09, 02:35:48, 1.03e-12, 6.65e-11
2022-11-09, 02:35:52, 8.4e-13, 6.62e-11
2022-11-09, 02:35:56, 8.22e-13, 6.61e-11
2022-11-09, 02:36:01, 8.35e-13, 6.63e-11
2022-11-09, 02:36:05, 9.29e-13, 6.66e-11
2022-11-09, 02:36:09, 8.87e-13, 6.64e-11
2022-11-09, 02:36:13, 9.19e-13, 6.57e-11
2022-11-09, 02:36:18, 8.63e-13, 6.76e-11
2022-11-09, 02:36:22, 8.22e-13, 6.59e-11
2022-11-09, 02:36:26, 8.23e-13, 6.59e-11
2022-11-09, 02:36:30, 8.92e-13, 6.66e-11
2022-11-09, 02:36:34, 7.83e-13, 6.62e-11
2022-11-09, 02:36:39, 8.47e-13, 6.67e-11
2022-11-09, 02:36:43, 8.91e-13, 6.61e-11
2022-11-09, 02:36:47, 8.91e-13, 6.67e-11
2022-11-09, 02:36:51, 8.43e-13, 6.66e-11
2022-11-09, 02:36:56, 8.52e-13, 6.67e-11
2022-11-09, 02:37:00, 8.94e-13, 6.63e-11
2022-11-09, 02:37:04, 8.77e-13, 6.58e-11
2022-11-09, 02:37:08, 8.41e-13, 6.59e-11
2022-11-09, 02:37:12, 9.07e-13, 6.58e-11
2022-11-09, 02:37:17, 8.76e-13, 6.58e-11
2022-11-09, 02:37:21, 8.84e-13, 6.62e-11
2022-11-09, 02:37:25, 8.38e-13, 6.62e-11
2022-11-09, 02:37:29, 8.28e-13, 6.62e-11
2022-11-09, 02:37:34, 9.55e-13, 6.61e-11
2022-11-09, 02:37:38, 8.85e-13, 6.61e-11
2022-11-09, 02:37:42, 8.65e-13, 6.63e-11
2022-11-09, 02:37:46, 8.88e-13, 6.65e-11
2022-11-09, 02:37:50, 8.45e-13, 6.61e-11
2022-11-09, 02:37:55, 8.32e-13, 6.61e-11
2022-11-09, 02:37:59, 8.78e-13, 6.63e-11
2022-11-09, 02:38:03, 8.91e-13, 6.64e-11
2022-11-09, 02:38:07, 8.25e-13, 6.63e-11
2022-11-09, 02:38:12, 8.88e-13, 6.63e-11
2022-11-09, 02:38:16, 8.26e-13, 6.65e-11
2022-11-09, 02:38:20, 8.85e-13, 6.64e-11
2022-11-09, 02:38:24, 9.27e-13, 6.62e-11
2022-11-09, 02:38:28, 8.06e-13, 6.65e-11
2022-11-09, 02:38:33, 8.71e-13, 6.63e-11
2022-11-09, 02:38:37, 8.78e-13, 6.65e-11
2022-11-09, 02:38:41, 8.38e-13, 6.64e-11
2022-11-09, 02:38:45, 8.83e-13, 6.61e-11
2022-11-09, 02:38:50, 8.4e-13, 6.62e-11
2022-11-09, 02:38:54, 9.32e-13, 6.63e-11
2022-11-09, 02:38:58, 8.38e-13, 6.6e-11
2022-11-09, 02:39:02, 7.25e-13, 6.63e-11
2022-11-09, 02:39:06, 8.93e-13, 6.63e-11
2022-11-09, 02:39:11, 9.03e-13, 6.61e-11
2022-11-09, 02:39:15, 9.71e-13, 6.63e-11
2022-11-09, 02:39:19, 9.02e-13, 6.64e-11
2022-11-09, 02:39:23, 8.75e-13, 6.62e-11
2022-11-09, 02:39:27, 8.88e-13, 6.6e-11
2022-11-09, 02:39:32, 8.52e-13, 6.62e-11
2022-11-09, 02:39:36, 8.76e-13, 6.63e-11
2022-11-09, 02:39:40, 8.85e-13, 6.66e-11
2022-11-09, 02:39:44, 8.61e-13, 6.61e-11
2022-11-09, 02:39:49, 1.01e-12, 6.64e-11
2022-11-09, 02:39:53, 8.52e-13, 6.62e-11
2022-11-09, 02:39:57, 9.39e-13, 6.62e-11
2022-11-09, 02:40:01, 9.02e-13, 6.64e-11
2022-11-09, 02:40:05, 9.64e-13, 6.67e-11
2022-11-09, 02:40:10, 8.56e-13, 6.63e-11
2022-11-09, 02:40:14, 9.25e-13, 6.65e-11
2022-11-09, 02:40:18, 8.83e-13, 6.64e-11
2022-11-09, 02:40:22, 8.39e-13, 6.62e-11
2022-11-09, 02:40:27, 8.23e-13, 6.62e-11
2022-11-09, 02:40:31, 8.51e-13, 6.64e-11
2022-11-09, 02:40:35, 8.84e-13, 6.66e-11
2022-11-09, 02:40:39, 8.72e-13, 6.66e-11
2022-11-09, 02:40:43, 9.1e-13, 6.66e-11
2022-11-09, 02:40:48, 8.97e-13, 6.66e-11
2022-11-09, 02:40:52, 7.45e-13, 6.65e-11
2022-11-09, 02:40:56, 8.32e-13, 6.62e-11
2022-11-09, 02:41:00, 8.95e-13, 6.6e-11
2022-11-09, 02:41:05, 8.73e-13, 6.59e-11
2022-11-09, 02:41:09, 1.01e-12, 6.61e-11
2022-11-09, 02:41:13, 7.78e-13, 6.63e-11
2022-11-09, 02:41:17, 8.57e-13, 6.62e-11
2022-11-09, 02:41:21, 9.04e-13, 6.6e-11
2022-11-09, 02:41:26, 8.53e-13, 6.57e-11
2022-11-09, 02:41:30, 8.98e-13, 6.61e-11
2022-11-09, 02:41:34, 8.84e-13, 6.65e-11
2022-11-09, 02:41:38, 8.22e-13, 6.64e-11
2022-11-09, 02:41:43, 8.57e-13, 6.64e-11
2022-11-09, 02:41:47, 8.59e-13, 6.64e-11
2022-11-09, 02:41:51, 8.23e-13, 6.65e-11
2022-11-09, 02:41:55, 9.01e-13, 6.64e-11
2022-11-09, 02:41:59, 8.61e-13, 6.62e-11
2022-11-09, 02:42:04, 9.44e-13, 6.66e-11
2022-11-09, 02:42:08, 8.69e-13, 6.61e-11
2022-11-09, 02:42:12, 9e-13, 6.62e-11
2022-11-09, 02:42:16, 7.66e-13, 6.64e-11
2022-11-09, 02:42:21, 9.4e-13, 6.64e-11
2022-11-09, 02:42:25, 8.95e-13, 6.61e-11
2022-11-09, 02:42:29, 9.53e-13, 6.64e-11
2022-11-09, 02:42:33, 8.66e-13, 6.64e-11
2022-11-09, 02:42:37, 8.64e-13, 6.61e-11
2022-11-09, 02:42:42, 8.6e-13, 6.63e-11
2022-11-09, 02:42:46, 9.44e-13, 6.65e-11
2022-11-09, 02:42:50, 8.87e-13, 6.67e-11
2022-11-09, 02:42:54, 9.02e-13, 6.6e-11
2022-11-09, 02:42:59, 8.57e-13, 6.65e-11
2022-11-09, 02:43:03, 8.83e-13, 6.67e-11
2022-11-09, 02:43:07, 9.96e-13, 6.63e-11
2022-11-09, 02:43:11, 8.13e-13, 6.62e-11
2022-11-09, 02:43:15, 8.44e-13, 6.61e-11
2022-11-09, 02:43:20, 8.23e-13, 6.65e-11
2022-11-09, 02:43:24, 7.43e-13, 6.63e-11
2022-11-09, 02:43:28, 8.46e-13, 6.64e-11
2022-11-09, 02:43:32, 8.98e-13, 6.63e-11
2022-11-09, 02:43:36, 8.41e-13, 6.62e-11
2022-11-09, 02:43:41, 8.98e-13, 6.63e-11
2022-11-09, 02:43:45, 9.38e-13, 6.65e-11
2022-11-09, 02:43:49, 8.48e-13, 6.62e-11
2022-11-09, 02:43:53, 9.2e-13, 6.63e-11
2022-11-09, 02:43:58, 8.66e-13, 6.6e-11
2022-11-09, 02:44:02, 8.67e-13, 6.62e-11
2022-11-09, 02:44:06, 8.78e-13, 6.64e-11
2022-11-09, 02:44:10, 7.78e-13, 6.6e-11
2022-11-09, 02:44:14, 8.54e-13, 6.65e-11
2022-11-09, 02:44:19, 9.29e-13, 6.64e-11
2022-11-09, 02:44:23, 9.12e-13, 6.62e-11
2022-11-09, 02:44:27, 8.73e-13, 6.63e-11
2022-11-09, 02:44:31, 8.5e-13, 6.69e-11
2022-11-09, 02:44:36, 8.83e-13, 6.64e-11
2022-11-09, 02:44:40, 8.39e-13, 6.66e-11
2022-11-09, 02:44:44, 8.41e-13, 6.66e-11
2022-11-09, 02:44:48, 8.85e-13, 6.65e-11
2022-11-09, 02:44:52, 8.55e-13, 6.63e-11
2022-11-09, 02:44:57, 8.53e-13, 6.63e-11
2022-11-09, 02:45:01, 9.11e-13, 6.62e-11
2022-11-09, 02:45:05, 8.65e-13, 6.65e-11
2022-11-09, 02:45:09, 8.67e-13, 6.61e-11
2022-11-09, 02:45:14, 8.8e-13, 6.64e-11
2022-11-09, 02:45:18, 8.62e-13, 6.62e-11
2022-11-09, 02:45:22, 9.21e-13, 6.64e-11
2022-11-09, 02:45:26, 8.67e-13, 6.65e-11
2022-11-09, 02:45:30, 8.74e-13, 6.59e-11
2022-11-09, 02:45:35, 8.64e-13, 6.62e-11
2022-11-09, 02:45:39, 9.76e-13, 6.63e-11
2022-11-09, 02:45:43, 8.28e-13, 6.62e-11
2022-11-09, 02:45:47, 8.44e-13, 6.64e-11
2022-11-09, 02:45:52, 8.4e-13, 6.64e-11
2022-11-09, 02:45:56, 7.93e-13, 6.65e-11
2022-11-09, 02:46:00, 8.77e-13, 6.62e-11
2022-11-09, 02:46:04, 8.28e-13, 6.61e-11
2022-11-09, 02:46:08, 8.91e-13, 6.61e-11
2022-11-09, 02:46:13, 8.71e-13, 6.61e-11
2022-11-09, 02:46:17, 8.62e-13, 6.64e-11
2022-11-09, 02:46:21, 8.31e-13, 6.61e-11
2022-11-09, 02:46:25, 8.22e-13, 6.62e-11
2022-11-09, 02:46:30, 8.92e-13, 6.62e-11
2022-11-09, 02:46:34, 8.87e-13, 6.62e-11
2022-11-09, 02:46:38, 8.64e-13, 6.62e-11
2022-11-09, 02:46:42, 1.01e-12, 6.63e-11
2022-11-09, 02:46:46, 8.91e-13, 6.63e-11
2022-11-09, 02:46:51, 8.55e-13, 6.63e-11
2022-11-09, 02:46:55, 8.99e-13, 6.61e-11
2022-11-09, 02:46:59, 8.71e-13, 6.62e-11
2022-11-09, 02:47:03, 8.83e-13, 6.63e-11
2022-11-09, 02:47:07, 9.08e-13, 6.62e-11
2022-11-09, 02:47:12, 8.75e-13, 6.61e-11
2022-11-09, 02:47:16, 9.6e-13, 6.58e-11
2022-11-09, 02:47:20, 8.96e-13, 6.62e-11
2022-11-09, 02:47:24, 8.92e-13, 6.6e-11
2022-11-09, 02:47:29, 8.75e-13, 6.61e-11
2022-11-09, 02:47:33, 8.19e-13, 6.66e-11
2022-11-09, 02:47:37, 9.14e-13, 6.67e-11
2022-11-09, 02:47:41, 9.08e-13, 6.67e-11
2022-11-09, 02:47:46, 9.36e-13, 6.63e-11
2022-11-09, 02:47:50, 9.03e-13, 6.61e-11
2022-11-09, 02:47:54, 8.97e-13, 6.63e-11
2022-11-09, 02:47:58, 8.35e-13, 6.59e-11
2022-11-09, 02:48:02, 8.91e-13, 6.6e-11
2022-11-09, 02:48:07, 8.66e-13, 6.61e-11
2022-11-09, 02:48:11, 9.61e-13, 6.61e-11
2022-11-09, 02:48:15, 9.3e-13, 6.61e-11
2022-11-09, 02:48:19, 8.59e-13, 6.57e-11
2022-11-09, 02:48:23, 8.62e-13, 6.61e-11
2022-11-09, 02:48:28, 9.42e-13, 6.63e-11
2022-11-09, 02:48:32, 9.16e-13, 6.61e-11
2022-11-09, 02:48:36, 8.26e-13, 6.61e-11
2022-11-09, 02:48:40, 8.57e-13, 6.64e-11
2022-11-09, 02:48:45, 8.66e-13, 6.63e-11
2022-11-09, 02:48:49, 8.9e-13, 6.62e-11
2022-11-09, 02:48:53, 9.02e-13, 6.6e-11
2022-11-09, 02:48:57, 8.75e-13, 6.62e-11
2022-11-09, 02:49:01, 8.7e-13, 6.63e-11
2022-11-09, 02:49:06, 8.87e-13, 6.61e-11
2022-11-09, 02:49:10, 8.93e-13, 6.61e-11
2022-11-09, 02:49:14, 8.73e-13, 6.62e-11
2022-11-09, 02:49:18, 8.05e-13, 6.63e-11
2022-11-09, 02:49:23, 9.06e-13, 6.61e-11
2022-11-09, 02:49:27, 7.14e-13, 6.6e-11
2022-11-09, 02:49:31, 8.71e-13, 6.61e-11
2022-11-09, 02:49:35, 9.4e-13, 6.61e-11
2022-11-09, 02:49:39, 8.75e-13, 6.59e-11
2022-11-09, 02:49:44, 8.55e-13, 6.62e-11
2022-11-09, 02:49:48, 9.33e-13, 6.6e-11
2022-11-09, 02:49:52, 8.61e-13, 6.61e-11
2022-11-09, 02:49:56, 8.88e-13, 6.64e-11
2022-11-09, 02:50:01, 8.62e-13, 6.62e-11
2022-11-09, 02:50:05, 8.42e-13, 6.63e-11
2022-11-09, 02:50:09, 8.78e-13, 6.63e-11
2022-11-09, 02:50:13, 8.59e-13, 6.65e-11
2022-11-09, 02:50:17, 9.58e-13, 6.63e-11
2022-11-09, 02:50:22, 8.24e-13, 6.61e-11
2022-11-09, 02:50:26, 8.63e-13, 6.62e-11
2022-11-09, 02:50:30, 8.22e-13, 6.61e-11
2022-11-09, 02:50:34, 8.6e-13, 6.63e-11
2022-11-09, 02:50:39, 9.03e-13, 6.66e-11
2022-11-09, 02:50:43, 8.81e-13, 6.63e-11
2022-11-09, 02:50:47, 7.72e-13, 6.62e-11
2022-11-09, 02:50:51, 8.48e-13, 6.65e-11
2022-11-09, 02:50:55, 8.61e-13, 6.62e-11
2022-11-09, 02:51:00, 8.06e-13, 6.63e-11
2022-11-09, 02:51:04, 9.17e-13, 6.61e-11
2022-11-09, 02:51:08, 9.64e-13, 6.53e-11
2022-11-09, 02:51:12, 8.1e-13, 6.61e-11
2022-11-09, 02:51:17, 9.41e-13, 6.61e-11
2022-11-09, 02:51:21, 8.34e-13, 6.61e-11
2022-11-09, 02:51:25, 8.15e-13, 6.62e-11
2022-11-09, 02:51:29, 8.73e-13, 6.65e-11
2022-11-09, 02:51:33, 8.41e-13, 6.67e-11
2022-11-09, 02:51:38, 8.39e-13, 6.6e-11
2022-11-09, 02:51:42, 8.38e-13, 6.62e-11
2022-11-09, 02:51:46, 9.03e-13, 6.62e-11
2022-11-09, 02:51:50, 8.42e-13, 6.62e-11
2022-11-09, 02:51:54, 8.85e-13, 6.63e-11
2022-11-09, 02:51:59, 8.23e-13, 6.62e-11
2022-11-09, 02:52:03, 8.91e-13, 6.63e-11
2022-11-09, 02:52:07, 8.45e-13, 6.62e-11
2022-11-09, 02:52:11, 9.25e-13, 6.63e-11
2022-11-09, 02:52:16, 8.23e-13, 6.6e-11
2022-11-09, 02:52:20, 9.47e-13, 6.64e-11
2022-11-09, 02:52:24, 9.41e-13, 6.64e-11
2022-11-09, 02:52:28, 8.97e-13, 6.6e-11
2022-11-09, 02:52:32, 8.55e-13, 6.6e-11
2022-11-09, 02:52:37, 8.53e-13, 6.62e-11
2022-11-09, 02:52:41, 8.31e-13, 6.64e-11
2022-11-09, 02:52:45, 8.18e-13, 6.61e-11
2022-11-09, 02:52:49, 7.45e-13, 6.61e-11
2022-11-09, 02:52:54, 9.16e-13, 6.61e-11
2022-11-09, 02:52:58, 8.9e-13, 6.61e-11
2022-11-09, 02:53:02, 8.06e-13, 6.62e-11
2022-11-09, 02:53:06, 8.95e-13, 6.64e-11
2022-11-09, 02:53:10, 9.31e-13, 6.67e-11
2022-11-09, 02:53:15, 8.48e-13, 6.62e-11
2022-11-09, 02:53:19, 8.71e-13, 6.62e-11
2022-11-09, 02:53:23, 8.75e-13, 6.67e-11
2022-11-09, 02:53:27, 9.58e-13, 6.65e-11
2022-11-09, 02:53:32, 8.55e-13, 6.58e-11
2022-11-09, 02:53:36, 8.79e-13, 6.62e-11
2022-11-09, 02:53:40, 8.14e-13, 6.62e-11
2022-11-09, 02:53:44, 8.33e-13, 6.62e-11
2022-11-09, 02:53:48, 8.79e-13, 6.65e-11
2022-11-09, 02:53:53, 8.9e-13, 6.64e-11
2022-11-09, 02:53:57, 8.34e-13, 6.62e-11
2022-11-09, 02:54:01, 9.09e-13, 6.64e-11
2022-11-09, 02:54:05, 8.29e-13, 6.68e-11
2022-11-09, 02:54:10, 8.48e-13, 6.64e-11
2022-11-09, 02:54:14, 8.75e-13, 6.63e-11
2022-11-09, 02:54:18, 8.69e-13, 6.63e-11
2022-11-09, 02:54:22, 8.97e-13, 6.63e-11
2022-11-09, 02:54:26, 8.83e-13, 6.61e-11
2022-11-09, 02:54:31, 9.31e-13, 6.69e-11
2022-11-09, 02:54:35, 9.27e-13, 6.64e-11
2022-11-09, 02:54:39, 7.88e-13, 6.7e-11
2022-11-09, 02:54:43, 7.62e-13, 6.67e-11
2022-11-09, 02:54:48, 9.15e-13, 6.68e-11
2022-11-09, 02:54:52, 8.66e-13, 6.71e-11
2022-11-09, 02:54:56, 9.16e-13, 6.67e-11
2022-11-09, 02:55:00, 8.28e-13, 6.65e-11
2022-11-09, 02:55:04, 7.76e-13, 6.65e-11
2022-11-09, 02:55:09, 8.16e-13, 6.69e-11
2022-11-09, 02:55:13, 8.93e-13, 6.64e-11
2022-11-09, 02:55:17, 9.12e-13, 6.65e-11
2022-11-09, 02:55:21, 8.84e-13, 6.67e-11
2022-11-09, 02:55:26, 8.23e-13, 6.66e-11
2022-11-09, 02:55:30, 8.5e-13, 6.68e-11
2022-11-09, 02:55:34, 1.01e-12, 6.61e-11
2022-11-09, 02:55:38, 8.68e-13, 6.62e-11
2022-11-09, 02:55:42, 8.75e-13, 6.64e-11
2022-11-09, 02:55:47, 8.54e-13, 6.67e-11
2022-11-09, 02:55:51, 8.83e-13, 6.62e-11
2022-11-09, 02:55:55, 8.68e-13, 6.64e-11
2022-11-09, 02:55:59, 8.22e-13, 6.64e-11
2022-11-09, 02:56:03, 8.72e-13, 6.64e-11
2022-11-09, 02:56:08, 8.82e-13, 6.61e-11
2022-11-09, 02:56:12, 8.74e-13, 6.63e-11
2022-11-09, 02:56:16, 8.41e-13, 6.64e-11
2022-11-09, 02:56:20, 9.04e-13, 6.63e-11
2022-11-09, 02:56:25, 8.48e-13, 6.63e-11
2022-11-09, 02:56:29, 8.26e-13, 6.62e-11
2022-11-09, 02:56:33, 8.94e-13, 6.63e-11
2022-11-09, 02:56:37, 9.06e-13, 6.64e-11
2022-11-09, 02:56:41, 8e-13, 6.66e-11
2022-11-09, 02:56:46, 7.38e-13, 6.64e-11
2022-11-09, 02:56:50, 8.77e-13, 6.65e-11
2022-11-09, 02:56:54, 8.51e-13, 6.62e-11
2022-11-09, 02:56:58, 8.24e-13, 6.65e-11
2022-11-09, 02:57:03, 8.83e-13, 6.63e-11
2022-11-09, 02:57:07, 8.18e-13, 6.64e-11
2022-11-09, 02:57:11, 8.67e-13, 6.64e-11
2022-11-09, 02:57:15, 8.63e-13, 6.64e-11
2022-11-09, 02:57:19, 8.72e-13, 6.6e-11
2022-11-09, 02:57:24, 8.62e-13, 6.61e-11
2022-11-09, 02:57:28, 9.18e-13, 6.65e-11
2022-11-09, 02:57:32, 7.79e-13, 6.65e-11
2022-11-09, 02:57:36, 8.71e-13, 6.66e-11
2022-11-09, 02:57:41, 8.59e-13, 6.65e-11
2022-11-09, 02:57:45, 8.47e-13, 6.66e-11
2022-11-09, 02:57:49, 8.4e-13, 6.64e-11
2022-11-09, 02:57:53, 8.74e-13, 6.64e-11
2022-11-09, 02:57:57, 9.41e-13, 6.71e-11
2022-11-09, 02:58:02, 9.05e-13, 6.65e-11
2022-11-09, 02:58:06, 8.95e-13, 6.64e-11
2022-11-09, 02:58:10, 8.53e-13, 6.59e-11
2022-11-09, 02:58:14, 8.24e-13, 6.69e-11
2022-11-09, 02:58:19, 8.87e-13, 6.66e-11
2022-11-09, 02:58:23, 9.14e-13, 6.63e-11
2022-11-09, 02:58:27, 7.78e-13, 6.67e-11
2022-11-09, 02:58:31, 8.68e-13, 6.65e-11
2022-11-09, 02:58:35, 7.94e-13, 6.69e-11
2022-11-09, 02:58:40, 8.6e-13, 6.65e-11
2022-11-09, 02:58:44, 9.44e-13, 6.64e-11
2022-11-09, 02:58:48, 8.17e-13, 6.65e-11
2022-11-09, 02:58:52, 8.72e-13, 6.6e-11
2022-11-09, 02:58:57, 8.35e-13, 6.64e-11
2022-11-09, 02:59:01, 8.66e-13, 6.61e-11
2022-11-09, 02:59:05, 8.95e-13, 6.68e-11
2022-11-09, 02:59:09, 8.51e-13, 6.68e-11
2022-11-09, 02:59:13, 8.22e-13, 6.65e-11
2022-11-09, 02:59:18, 8.87e-13, 6.65e-11
2022-11-09, 02:59:22, 8.77e-13, 6.74e-11
2022-11-09, 02:59:26, 7.98e-13, 6.67e-11
2022-11-09, 02:59:30, 8.63e-13, 6.69e-11
2022-11-09, 02:59:35, 8.89e-13, 6.69e-11
2022-11-09, 02:59:39, 9.14e-13, 6.63e-11
2022-11-09, 02:59:43, 8.42e-13, 6.64e-11
2022-11-09, 02:59:47, 8.67e-13, 6.63e-11
2022-11-09, 02:59:51, 8.31e-13, 6.61e-11
2022-11-09, 02:59:56, 9.17e-13, 6.61e-11
2022-11-09, 03:00:00, 8.69e-13, 6.63e-11
2022-11-09, 03:00:04, 8.95e-13, 6.69e-11
2022-11-09, 03:00:08, 8.4e-13, 6.66e-11
2022-11-09, 03:00:13, 8.7e-13, 6.65e-11
2022-11-09, 03:00:17, 8.46e-13, 6.63e-11
2022-11-09, 03:00:21, 8.67e-13, 6.6e-11
2022-11-09, 03:00:25, 8.89e-13, 6.62e-11
2022-11-09, 03:00:29, 8.47e-13, 6.62e-11
2022-11-09, 03:00:34, 8.19e-13, 6.57e-11
2022-11-09, 03:00:38, 8.21e-13, 6.62e-11
2022-11-09, 03:00:42, 8.64e-13, 6.65e-11
2022-11-09, 03:00:46, 8.54e-13, 6.59e-11
2022-11-09, 03:00:51, 6.95e-13, 6.6e-11
2022-11-09, 03:00:55, 9.93e-13, 6.59e-11
2022-11-09, 03:00:59, 8.73e-13, 6.61e-11
2022-11-09, 03:01:03, 9.44e-13, 6.58e-11
2022-11-09, 03:01:08, 8.44e-13, 6.63e-11
2022-11-09, 03:01:12, 8.26e-13, 6.59e-11
2022-11-09, 03:01:16, 8.51e-13, 6.59e-11
2022-11-09, 03:01:20, 8.07e-13, 6.59e-11
2022-11-09, 03:01:24, 8.8e-13, 6.62e-11
2022-11-09, 03:01:29, 9.14e-13, 6.63e-11
2022-11-09, 03:01:33, 8.69e-13, 6.61e-11
2022-11-09, 03:01:37, 8.87e-13, 6.55e-11
2022-11-09, 03:01:41, 8.7e-13, 6.63e-11
2022-11-09, 03:01:45, 8.55e-13, 6.61e-11
2022-11-09, 03:01:50, 8.55e-13, 6.6e-11
2022-11-09, 03:01:54, 7.95e-13, 6.56e-11
2022-11-09, 03:01:58, 8.64e-13, 6.62e-11
2022-11-09, 03:02:02, 8.55e-13, 6.52e-11
2022-11-09, 03:02:07, 8.83e-13, 6.62e-11
2022-11-09, 03:02:11, 8.54e-13, 6.6e-11
2022-11-09, 03:02:15, 8.4e-13, 6.57e-11
2022-11-09, 03:02:19, 8.7e-13, 6.61e-11
2022-11-09, 03:02:23, 8.37e-13, 6.61e-11
2022-11-09, 03:02:28, 8.77e-13, 6.61e-11
2022-11-09, 03:02:32, 8.33e-13, 6.62e-11
2022-11-09, 03:02:36, 8.28e-13, 6.6e-11
2022-11-09, 03:02:40, 8.51e-13, 6.62e-11
2022-11-09, 03:02:45, 8.57e-13, 6.62e-11
2022-11-09, 03:02:49, 8.87e-13, 6.6e-11
2022-11-09, 03:02:53, 9.01e-13, 6.6e-11
2022-11-09, 03:02:57, 8.32e-13, 6.63e-11
2022-11-09, 03:03:01, 9.05e-13, 6.64e-11
2022-11-09, 03:03:06, 8.5e-13, 6.61e-11
2022-11-09, 03:03:10, 8.32e-13, 6.62e-11
2022-11-09, 03:03:14, 8.31e-13, 6.61e-11
2022-11-09, 03:03:18, 8.28e-13, 6.6e-11
2022-11-09, 03:03:23, 8.8e-13, 6.58e-11
2022-11-09, 03:03:27, 8.95e-13, 6.63e-11
2022-11-09, 03:03:31, 8.28e-13, 6.66e-11
2022-11-09, 03:03:35, 8.89e-13, 6.62e-11
2022-11-09, 03:03:39, 8.33e-13, 6.6e-11
2022-11-09, 03:03:44, 7.96e-13, 6.62e-11
2022-11-09, 03:03:48, 9.22e-13, 6.52e-11
2022-11-09, 03:03:52, 8.82e-13, 6.66e-11
2022-11-09, 03:03:56, 9.01e-13, 6.56e-11
2022-11-09, 03:04:01, 8.53e-13, 6.63e-11
2022-11-09, 03:04:05, 8.74e-13, 6.65e-11
2022-11-09, 03:04:09, 8.27e-13, 6.59e-11
2022-11-09, 03:04:13, 8.84e-13, 6.58e-11
2022-11-09, 03:04:17, 8.17e-13, 6.61e-11
2022-11-09, 03:04:22, 9.45e-13, 6.58e-11
2022-11-09, 03:04:26, 8.98e-13, 6.62e-11
2022-11-09, 03:04:30, 8.21e-13, 6.55e-11
2022-11-09, 03:04:34, 8.69e-13, 6.76e-11
2022-11-09, 03:04:39, 8.47e-13, 6.6e-11
2022-11-09, 03:04:43, 9.73e-13, 6.52e-11
2022-11-09, 03:04:47, 8.46e-13, 6.64e-11
2022-11-09, 03:04:51, 7.3e-13, 6.62e-11
2022-11-09, 03:04:55, 8.32e-13, 6.6e-11
2022-11-09, 03:05:00, 8.98e-13, 6.64e-11
2022-11-09, 03:05:04, 8.04e-13, 6.53e-11
2022-11-09, 03:05:08, 9.03e-13, 6.72e-11
2022-11-09, 03:05:12, 8.96e-13, 6.64e-11
2022-11-09, 03:05:16, 8.51e-13, 6.59e-11
2022-11-09, 03:05:21, 9.04e-13, 6.62e-11
2022-11-09, 03:05:25, 9.1e-13, 6.59e-11
2022-11-09, 03:05:29, 7.85e-13, 6.62e-11
2022-11-09, 03:05:33, 8.33e-13, 6.6e-11
2022-11-09, 03:05:38, 8.93e-13, 6.64e-11
2022-11-09, 03:05:42, 8.34e-13, 6.6e-11
2022-11-09, 03:05:46, 8.09e-13, 6.58e-11
2022-11-09, 03:05:50, 8.38e-13, 6.61e-11
2022-11-09, 03:05:54, 8.23e-13, 6.65e-11
2022-11-09, 03:05:59, 9.27e-13, 6.58e-11
2022-11-09, 03:06:03, 8.56e-13, 6.61e-11
2022-11-09, 03:06:07, 9.34e-13, 6.59e-11
2022-11-09, 03:06:11, 8.7e-13, 6.56e-11
2022-11-09, 03:06:16, 8.41e-13, 6.6e-11
2022-11-09, 03:06:20, 8.25e-13, 6.62e-11
2022-11-09, 03:06:24, 8.26e-13, 6.57e-11
2022-11-09, 03:06:28, 9.94e-13, 6.6e-11
2022-11-09, 03:06:32, 8.87e-13, 6.63e-11
2022-11-09, 03:06:37, 7.79e-13, 6.69e-11
2022-11-09, 03:06:41, 9.11e-13, 6.61e-11
2022-11-09, 03:06:45, 8.76e-13, 6.59e-11
2022-11-09, 03:06:49, 8.95e-13, 6.59e-11
2022-11-09, 03:06:54, 8.77e-13, 6.59e-11
2022-11-09, 03:06:58, 8.51e-13, 6.57e-11
2022-11-09, 03:07:02, 8.21e-13, 6.6e-11
2022-11-09, 03:07:06, 9.96e-13, 6.63e-11
2022-11-09, 03:07:10, 8.65e-13, 6.61e-11
2022-11-09, 03:07:15, 8.42e-13, 6.62e-11
2022-11-09, 03:07:19, 8.31e-13, 6.6e-11
2022-11-09, 03:07:23, 8.71e-13, 6.6e-11
2022-11-09, 03:07:27, 8.63e-13, 6.59e-11
2022-11-09, 03:07:32, 7.34e-13, 6.62e-11
2022-11-09, 03:07:36, 9.15e-13, 6.64e-11
2022-11-09, 03:07:40, 8.63e-13, 6.62e-11
2022-11-09, 03:07:44, 7.92e-13, 6.63e-11
2022-11-09, 03:07:48, 7.63e-13, 6.61e-11
2022-11-09, 03:07:53, 8.98e-13, 6.59e-11
2022-11-09, 03:07:57, 8.61e-13, 6.6e-11
2022-11-09, 03:08:01, 8.34e-13, 6.64e-11
2022-11-09, 03:08:05, 8.4e-13, 6.62e-11
2022-11-09, 03:08:10, 8.38e-13, 6.61e-11
2022-11-09, 03:08:14, 8.05e-13, 6.62e-11
2022-11-09, 03:08:18, 8.36e-13, 6.61e-11
2022-11-09, 03:08:22, 9.07e-13, 6.59e-11
2022-11-09, 03:08:26, 8.49e-13, 6.63e-11
2022-11-09, 03:08:31, 8.12e-13, 6.59e-11
2022-11-09, 03:08:35, 8.34e-13, 6.59e-11
2022-11-09, 03:08:39, 8.94e-13, 6.61e-11
2022-11-09, 03:08:43, 8.76e-13, 6.6e-11
2022-11-09, 03:08:47, 8.66e-13, 6.58e-11
2022-11-09, 03:08:52, 9.46e-13, 6.7e-11
2022-11-09, 03:08:56, 8.6e-13, 6.57e-11
2022-11-09, 03:09:00, 8.75e-13, 6.61e-11
2022-11-09, 03:09:04, 8.83e-13, 6.6e-11
2022-11-09, 03:09:09, 8.34e-13, 6.6e-11
2022-11-09, 03:09:13, 8.63e-13, 6.64e-11
2022-11-09, 03:09:17, 8.65e-13, 6.61e-11
2022-11-09, 03:09:21, 8.04e-13, 6.62e-11
2022-11-09, 03:09:25, 8.88e-13, 6.51e-11
2022-11-09, 03:09:30, 9.08e-13, 6.6e-11
2022-11-09, 03:09:34, 8.61e-13, 6.68e-11
2022-11-09, 03:09:38, 8.28e-13, 6.6e-11
2022-11-09, 03:09:42, 8.26e-13, 6.65e-11
2022-11-09, 03:09:47, 8.22e-13, 6.64e-11
2022-11-09, 03:09:51, 8.74e-13, 6.62e-11
2022-11-09, 03:09:55, 8.92e-13, 6.61e-11
2022-11-09, 03:09:59, 8.35e-13, 6.63e-11
2022-11-09, 03:10:03, 8.61e-13, 6.62e-11
2022-11-09, 03:10:08, 8.46e-13, 6.62e-11
2022-11-09, 03:10:12, 8.85e-13, 6.62e-11
2022-11-09, 03:10:16, 8.89e-13, 6.61e-11
2022-11-09, 03:10:20, 8.62e-13, 6.63e-11
2022-11-09, 03:10:25, 8.76e-13, 6.63e-11
2022-11-09, 03:10:29, 8.52e-13, 6.79e-11
2022-11-09, 03:10:33, 8.17e-13, 6.61e-11
2022-11-09, 03:10:37, 8.74e-13, 6.62e-11
2022-11-09, 03:10:41, 8.24e-13, 6.6e-11
2022-11-09, 03:10:46, 8.22e-13, 6.58e-11
2022-11-09, 03:10:50, 8.3e-13, 6.6e-11
2022-11-09, 03:10:54, 8.27e-13, 6.63e-11
2022-11-09, 03:10:58, 9.1e-13, 6.6e-11
2022-11-09, 03:11:03, 8.56e-13, 6.61e-11
2022-11-09, 03:11:07, 8.99e-13, 6.62e-11
2022-11-09, 03:11:11, 8.35e-13, 6.62e-11
2022-11-09, 03:11:15, 8.5e-13, 6.6e-11
2022-11-09, 03:11:19, 8.63e-13, 6.61e-11
2022-11-09, 03:11:24, 8.37e-13, 6.63e-11
2022-11-09, 03:11:28, 8.46e-13, 6.64e-11
2022-11-09, 03:11:32, 8.75e-13, 6.65e-11
2022-11-09, 03:11:36, 8.62e-13, 6.63e-11
2022-11-09, 03:11:41, 9.07e-13, 6.63e-11
2022-11-09, 03:11:45, 8.4e-13, 6.6e-11
2022-11-09, 03:11:49, 8.73e-13, 6.65e-11
2022-11-09, 03:11:53, 8.34e-13, 6.61e-11
2022-11-09, 03:11:57, 8.81e-13, 6.64e-11
2022-11-09, 03:12:02, 9.19e-13, 6.65e-11
2022-11-09, 03:12:06, 8.52e-13, 6.66e-11
2022-11-09, 03:12:10, 8.44e-13, 6.65e-11
2022-11-09, 03:12:14, 8.95e-13, 6.62e-11
2022-11-09, 03:12:18, 8.49e-13, 6.62e-11
2022-11-09, 03:12:23, 8.45e-13, 6.63e-11
2022-11-09, 03:12:27, 9.29e-13, 6.63e-11
2022-11-09, 03:12:31, 8.21e-13, 6.65e-11
2022-11-09, 03:12:35, 9.16e-13, 6.63e-11
2022-11-09, 03:12:40, 8.68e-13, 6.63e-11
2022-11-09, 03:12:44, 8.48e-13, 6.59e-11
2022-11-09, 03:12:48, 9.04e-13, 6.62e-11
2022-11-09, 03:12:52, 8.65e-13, 6.63e-11
2022-11-09, 03:12:56, 1.02e-12, 6.65e-11
2022-11-09, 03:13:01, 8.28e-13, 6.62e-11
2022-11-09, 03:13:05, 8.43e-13, 6.65e-11
2022-11-09, 03:13:09, 7.97e-13, 6.62e-11
2022-11-09, 03:13:13, 9.07e-13, 6.61e-11
2022-11-09, 03:13:18, 9.34e-13, 6.6e-11
2022-11-09, 03:13:22, 9.2e-13, 6.61e-11
2022-11-09, 03:13:26, 9.96e-13, 6.61e-11
2022-11-09, 03:13:30, 8.54e-13, 6.61e-11
2022-11-09, 03:13:34, 8.71e-13, 6.6e-11
2022-11-09, 03:13:39, 9.05e-13, 6.6e-11
2022-11-09, 03:13:43, 8.92e-13, 6.6e-11
2022-11-09, 03:13:47, 8.96e-13, 6.59e-11
2022-11-09, 03:13:51, 8.41e-13, 6.58e-11
2022-11-09, 03:13:56, 9e-13, 6.61e-11
2022-11-09, 03:14:00, 8.37e-13, 6.61e-11
2022-11-09, 03:14:04, 8.2e-13, 6.64e-11
2022-11-09, 03:14:08, 9.21e-13, 6.61e-11
2022-11-09, 03:14:12, 8.68e-13, 6.59e-11
2022-11-09, 03:14:17, 8.19e-13, 6.61e-11
2022-11-09, 03:14:21, 8.69e-13, 6.6e-11
2022-11-09, 03:14:25, 8.39e-13, 6.61e-11
2022-11-09, 03:14:29, 8.68e-13, 6.61e-11
2022-11-09, 03:14:34, 8.6e-13, 6.63e-11
2022-11-09, 03:14:38, 8.49e-13, 6.63e-11
2022-11-09, 03:14:42, 8.05e-13, 6.62e-11
2022-11-09, 03:14:46, 8.88e-13, 6.63e-11
2022-11-09, 03:14:50, 8.85e-13, 6.61e-11
2022-11-09, 03:14:55, 9.46e-13, 6.61e-11
2022-11-09, 03:14:59, 8.62e-13, 6.62e-11
2022-11-09, 03:15:03, 8.64e-13, 6.61e-11
2022-11-09, 03:15:07, 7.92e-13, 6.63e-11
2022-11-09, 03:15:12, 8.38e-13, 6.64e-11
2022-11-09, 03:15:16, 8.38e-13, 6.61e-11
2022-11-09, 03:15:20, 8.57e-13, 6.62e-11
2022-11-09, 03:15:24, 8.42e-13, 6.62e-11
2022-11-09, 03:15:28, 8.66e-13, 6.63e-11
2022-11-09, 03:15:33, 8.69e-13, 6.64e-11
2022-11-09, 03:15:37, 8.14e-13, 6.64e-11
2022-11-09, 03:15:41, 8.51e-13, 6.63e-11
2022-11-09, 03:15:45, 8.35e-13, 6.6e-11
2022-11-09, 03:15:50, 8.04e-13, 6.61e-11
2022-11-09, 03:15:54, 9.22e-13, 6.61e-11
2022-11-09, 03:15:58, 8.46e-13, 6.6e-11
2022-11-09, 03:16:02, 8.66e-13, 6.59e-11
2022-11-09, 03:16:07, 9.23e-13, 6.61e-11
2022-11-09, 03:16:11, 8.46e-13, 6.61e-11
2022-11-09, 03:16:15, 8.82e-13, 6.6e-11
2022-11-09, 03:16:19, 9.3e-13, 6.59e-11
2022-11-09, 03:16:23, 8.13e-13, 6.61e-11
2022-11-09, 03:16:28, 8.66e-13, 6.6e-11
2022-11-09, 03:16:32, 8.91e-13, 6.63e-11
2022-11-09, 03:16:36, 9.67e-13, 6.62e-11
2022-11-09, 03:16:40, 8.13e-13, 6.6e-11
2022-11-09, 03:16:45, 8.76e-13, 6.63e-11
2022-11-09, 03:16:49, 9.04e-13, 6.62e-11
2022-11-09, 03:16:53, 8.52e-13, 6.63e-11
2022-11-09, 03:16:57, 9.3e-13, 6.63e-11
2022-11-09, 03:17:01, 8.74e-13, 6.65e-11
2022-11-09, 03:17:06, 8.16e-13, 6.62e-11
2022-11-09, 03:17:10, 9.73e-13, 6.61e-11
2022-11-09, 03:17:14, 8.99e-13, 6.6e-11
2022-11-09, 03:17:18, 8.18e-13, 6.6e-11
2022-11-09, 03:17:23, 9.48e-13, 6.65e-11
2022-11-09, 03:17:27, 8.99e-13, 6.63e-11
2022-11-09, 03:17:31, 8.46e-13, 6.62e-11
2022-11-09, 03:17:35, 8.8e-13, 6.63e-11
2022-11-09, 03:17:39, 9.08e-13, 6.6e-11
2022-11-09, 03:17:44, 8.17e-13, 6.64e-11
2022-11-09, 03:17:48, 8.38e-13, 6.63e-11
2022-11-09, 03:17:52, 8.03e-13, 6.63e-11
2022-11-09, 03:17:56, 8.48e-13, 6.64e-11
2022-11-09, 03:18:01, 8.29e-13, 6.77e-11
2022-11-09, 03:18:05, 8.8e-13, 6.61e-11
2022-11-09, 03:18:09, 9.22e-13, 6.62e-11
2022-11-09, 03:18:13, 8.36e-13, 6.64e-11
2022-11-09, 03:18:17, 8.07e-13, 6.65e-11
2022-11-09, 03:18:22, 8.96e-13, 6.64e-11
2022-11-09, 03:18:26, 8.8e-13, 6.63e-11
2022-11-09, 03:18:30, 9.57e-13, 6.63e-11
2022-11-09, 03:18:34, 8.47e-13, 6.59e-11
2022-11-09, 03:18:39, 8.7e-13, 6.66e-11
2022-11-09, 03:18:43, 8.42e-13, 6.66e-11
2022-11-09, 03:18:47, 9.04e-13, 6.73e-11
2022-11-09, 03:18:51, 8.33e-13, 6.64e-11
2022-11-09, 03:18:55, 8.74e-13, 6.69e-11
2022-11-09, 03:19:00, 9.2e-13, 6.61e-11
2022-11-09, 03:19:04, 8.8e-13, 6.68e-11
2022-11-09, 03:19:08, 8.81e-13, 6.64e-11
2022-11-09, 03:19:12, 8.65e-13, 6.66e-11
2022-11-09, 03:19:17, 8.72e-13, 6.66e-11
2022-11-09, 03:19:21, 8.28e-13, 6.67e-11
2022-11-09, 03:19:25, 8.03e-13, 6.66e-11
2022-11-09, 03:19:29, 9.01e-13, 6.64e-11
2022-11-09, 03:19:33, 8.38e-13, 6.66e-11
2022-11-09, 03:19:38, 8.13e-13, 6.63e-11
2022-11-09, 03:19:42, 9.6e-13, 6.64e-11
2022-11-09, 03:19:46, 8.65e-13, 6.66e-11
2022-11-09, 03:19:50, 8.44e-13, 6.63e-11
2022-11-09, 03:19:54, 9.04e-13, 6.64e-11
2022-11-09, 03:19:59, 9.09e-13, 6.67e-11
2022-11-09, 03:20:03, 8.51e-13, 6.63e-11
2022-11-09, 03:20:07, 8.27e-13, 6.61e-11
2022-11-09, 03:20:11, 8.55e-13, 6.69e-11
2022-11-09, 03:20:16, 8.67e-13, 6.69e-11
2022-11-09, 03:20:20, 8.57e-13, 6.67e-11
2022-11-09, 03:20:24, 8.29e-13, 6.65e-11
2022-11-09, 03:20:28, 9.23e-13, 6.67e-11
2022-11-09, 03:20:32, 9.26e-13, 6.69e-11
2022-11-09, 03:20:37, 9.05e-13, 6.65e-11
2022-11-09, 03:20:41, 1.04e-12, 6.63e-11
2022-11-09, 03:20:45, 8.3e-13, 6.62e-11
2022-11-09, 03:20:49, 8.91e-13, 6.62e-11
2022-11-09, 03:20:54, 8.87e-13, 6.64e-11
2022-11-09, 03:20:58, 9.13e-13, 6.65e-11
2022-11-09, 03:21:02, 9.4e-13, 6.62e-11
2022-11-09, 03:21:06, 8.38e-13, 6.66e-11
2022-11-09, 03:21:10, 9.16e-13, 6.63e-11
2022-11-09, 03:21:15, 8.46e-13, 6.62e-11
2022-11-09, 03:21:19, 8.64e-13, 6.62e-11
2022-11-09, 03:21:23, 8.77e-13, 6.64e-11
2022-11-09, 03:21:27, 9.23e-13, 6.67e-11
2022-11-09, 03:21:32, 8.23e-13, 6.61e-11
2022-11-09, 03:21:36, 9.15e-13, 6.65e-11
2022-11-09, 03:21:40, 8.62e-13, 6.65e-11
2022-11-09, 03:21:44, 8.26e-13, 6.72e-11
2022-11-09, 03:21:48, 8.9e-13, 6.71e-11
2022-11-09, 03:21:53, 8.97e-13, 6.63e-11
2022-11-09, 03:21:57, 9.06e-13, 6.67e-11
2022-11-09, 03:22:01, 1.03e-12, 6.63e-11
2022-11-09, 03:22:05, 8.24e-13, 6.65e-11
2022-11-09, 03:22:10, 8.94e-13, 6.72e-11
2022-11-09, 03:22:14, 8.68e-13, 6.62e-11
2022-11-09, 03:22:18, 8.83e-13, 6.64e-11
2022-11-09, 03:22:22, 9.01e-13, 6.64e-11
2022-11-09, 03:22:26, 8.56e-13, 6.6e-11
2022-11-09, 03:22:31, 8.71e-13, 6.62e-11
2022-11-09, 03:22:35, 9.21e-13, 6.62e-11
2022-11-09, 03:22:39, 9.91e-13, 6.62e-11
2022-11-09, 03:22:43, 8.35e-13, 6.59e-11
2022-11-09, 03:22:48, 8.16e-13, 6.62e-11
2022-11-09, 03:22:52, 8.37e-13, 6.6e-11
2022-11-09, 03:22:56, 9.86e-13, 6.6e-11
2022-11-09, 03:23:00, 8.09e-13, 6.6e-11
2022-11-09, 03:23:04, 8.37e-13, 6.61e-11
2022-11-09, 03:23:09, 8.28e-13, 6.65e-11
2022-11-09, 03:23:13, 8.64e-13, 6.64e-11
2022-11-09, 03:23:17, 8.28e-13, 6.61e-11
2022-11-09, 03:23:21, 8.53e-13, 6.61e-11
2022-11-09, 03:23:26, 8.71e-13, 6.6e-11
2022-11-09, 03:23:30, 7.23e-13, 6.61e-11
2022-11-09, 03:23:34, 8.97e-13, 6.64e-11
2022-11-09, 03:23:38, 8.16e-13, 6.64e-11
2022-11-09, 03:23:42, 8.86e-13, 6.62e-11
2022-11-09, 03:23:47, 8.86e-13, 6.6e-11
2022-11-09, 03:23:51, 8.81e-13, 6.61e-11
2022-11-09, 03:23:55, 8.98e-13, 6.63e-11
2022-11-09, 03:23:59, 8.93e-13, 6.6e-11
2022-11-09, 03:24:03, 9.04e-13, 6.62e-11
2022-11-09, 03:24:08, 8.5e-13, 6.6e-11
2022-11-09, 03:24:12, 8.71e-13, 6.61e-11
2022-11-09, 03:24:16, 8.01e-13, 6.6e-11
2022-11-09, 03:24:20, 8.7e-13, 6.65e-11
2022-11-09, 03:24:25, 8.69e-13, 6.6e-11
2022-11-09, 03:24:29, 8.02e-13, 6.61e-11
2022-11-09, 03:24:33, 9.57e-13, 6.62e-11
2022-11-09, 03:24:37, 8.09e-13, 6.6e-11
2022-11-09, 03:24:41, 8.74e-13, 6.6e-11
2022-11-09, 03:24:46, 9.08e-13, 6.6e-11
2022-11-09, 03:24:50, 8.15e-13, 6.61e-11
2022-11-09, 03:24:54, 8.47e-13, 6.61e-11
2022-11-09, 03:24:58, 9.01e-13, 6.62e-11
2022-11-09, 03:25:03, 8.74e-13, 6.62e-11
2022-11-09, 03:25:07, 8.9e-13, 6.62e-11
2022-11-09, 03:25:11, 8.6e-13, 6.64e-11
2022-11-09, 03:25:15, 8.69e-13, 6.61e-11
2022-11-09, 03:25:19, 9.03e-13, 6.62e-11
2022-11-09, 03:25:24, 9.35e-13, 6.64e-11
2022-11-09, 03:25:28, 8.71e-13, 6.62e-11
2022-11-09, 03:25:32, 8.53e-13, 6.63e-11
2022-11-09, 03:25:36, 8.2e-13, 6.63e-11
2022-11-09, 03:25:41, 8.92e-13, 6.63e-11
2022-11-09, 03:25:45, 8.21e-13, 6.65e-11
2022-11-09, 03:25:49, 9.53e-13, 6.64e-11
2022-11-09, 03:25:53, 9.27e-13, 6.61e-11
2022-11-09, 03:25:57, 8.66e-13, 6.62e-11
2022-11-09, 03:26:02, 8.2e-13, 6.61e-11
2022-11-09, 03:26:06, 9.08e-13, 6.62e-11
2022-11-09, 03:26:10, 9.15e-13, 6.62e-11
2022-11-09, 03:26:14, 9.09e-13, 6.64e-11
2022-11-09, 03:26:19, 8.13e-13, 6.62e-11
2022-11-09, 03:26:23, 8.6e-13, 6.62e-11
2022-11-09, 03:26:27, 7.85e-13, 6.64e-11
2022-11-09, 03:26:31, 8.25e-13, 6.6e-11
2022-11-09, 03:26:35, 9.82e-13, 6.59e-11
2022-11-09, 03:26:40, 8.1e-13, 6.64e-11
2022-11-09, 03:26:44, 9.09e-13, 6.62e-11
2022-11-09, 03:26:48, 8.37e-13, 6.62e-11
2022-11-09, 03:26:52, 8.93e-13, 6.62e-11
2022-11-09, 03:26:57, 8.21e-13, 6.62e-11
2022-11-09, 03:27:01, 8.42e-13, 6.62e-11
2022-11-09, 03:27:05, 8.36e-13, 6.62e-11
2022-11-09, 03:27:09, 8.4e-13, 6.65e-11
2022-11-09, 03:27:13, 8.46e-13, 6.61e-11
2022-11-09, 03:27:18, 8.85e-13, 6.63e-11
2022-11-09, 03:27:22, 9.45e-13, 6.63e-11
2022-11-09, 03:27:26, 8.37e-13, 6.62e-11
2022-11-09, 03:27:30, 8.16e-13, 6.6e-11
2022-11-09, 03:27:34, 9.38e-13, 6.6e-11
2022-11-09, 03:27:39, 8.63e-13, 6.59e-11
2022-11-09, 03:27:43, 8.67e-13, 6.61e-11
2022-11-09, 03:27:47, 9.67e-13, 6.6e-11
2022-11-09, 03:27:51, 8.52e-13, 6.61e-11
2022-11-09, 03:27:56, 8.66e-13, 6.61e-11
2022-11-09, 03:28:00, 8.25e-13, 6.65e-11
2022-11-09, 03:28:04, 8.68e-13, 6.64e-11
2022-11-09, 03:28:08, 8.74e-13, 6.65e-11
2022-11-09, 03:28:12, 8.49e-13, 6.64e-11
2022-11-09, 03:28:17, 8.79e-13, 6.61e-11
2022-11-09, 03:28:21, 8.96e-13, 6.58e-11
2022-11-09, 03:28:25, 8.92e-13, 6.62e-11
2022-11-09, 03:28:29, 8.7e-13, 6.6e-11
2022-11-09, 03:28:34, 9e-13, 6.63e-11
2022-11-09, 03:28:38, 8.78e-13, 6.64e-11
2022-11-09, 03:28:42, 8.17e-13, 6.6e-11
2022-11-09, 03:28:46, 8.65e-13, 6.61e-11
2022-11-09, 03:28:50, 8.04e-13, 6.62e-11
2022-11-09, 03:28:55, 8.89e-13, 6.61e-11
2022-11-09, 03:28:59, 8.48e-13, 6.59e-11
2022-11-09, 03:29:03, 9.04e-13, 6.63e-11
2022-11-09, 03:29:07, 9.15e-13, 6.6e-11
2022-11-09, 03:29:12, 8.85e-13, 6.59e-11
2022-11-09, 03:29:16, 8.97e-13, 6.59e-11
2022-11-09, 03:29:20, 8.59e-13, 6.61e-11
2022-11-09, 03:29:24, 8.23e-13, 6.62e-11
2022-11-09, 03:29:28, 8.8e-13, 6.63e-11
2022-11-09, 03:29:33, 8.38e-13, 6.61e-11
2022-11-09, 03:29:37, 9.71e-13, 6.59e-11
2022-11-09, 03:29:41, 9.34e-13, 6.59e-11
2022-11-09, 03:29:45, 8.71e-13, 6.62e-11
2022-11-09, 03:29:50, 8.49e-13, 6.67e-11
2022-11-09, 03:29:54, 9e-13, 6.68e-11
2022-11-09, 03:29:58, 8.84e-13, 6.67e-11
2022-11-09, 03:30:02, 8.77e-13, 6.65e-11
2022-11-09, 03:30:06, 8.6e-13, 6.61e-11
2022-11-09, 03:30:11, 8.89e-13, 6.61e-11
2022-11-09, 03:30:15, 7.54e-13, 6.58e-11
2022-11-09, 03:30:19, 8.47e-13, 6.61e-11
2022-11-09, 03:30:23, 9.46e-13, 6.59e-11
2022-11-09, 03:30:28, 8.98e-13, 6.67e-11
2022-11-09, 03:30:32, 8.8e-13, 6.64e-11
2022-11-09, 03:30:36, 9.6e-13, 6.72e-11
2022-11-09, 03:30:40, 8.4e-13, 6.65e-11
2022-11-09, 03:30:44, 9.02e-13, 6.64e-11
2022-11-09, 03:30:49, 8.59e-13, 6.63e-11
2022-11-09, 03:30:53, 1.02e-12, 6.66e-11
2022-11-09, 03:30:57, 8.94e-13, 6.62e-11
2022-11-09, 03:31:01, 8.2e-13, 6.62e-11
2022-11-09, 03:31:06, 8.77e-13, 6.63e-11
2022-11-09, 03:31:10, 9.61e-13, 6.61e-11
2022-11-09, 03:31:14, 8.45e-13, 6.62e-11
2022-11-09, 03:31:18, 9.09e-13, 6.62e-11
2022-11-09, 03:31:22, 8.53e-13, 6.61e-11
2022-11-09, 03:31:27, 8.29e-13, 6.62e-11
2022-11-09, 03:31:31, 8.81e-13, 6.6e-11
2022-11-09, 03:31:35, 9.02e-13, 6.59e-11
2022-11-09, 03:31:39, 8.49e-13, 6.61e-11
2022-11-09, 03:31:43, 8.02e-13, 6.6e-11
2022-11-09, 03:31:48, 8.91e-13, 6.68e-11
2022-11-09, 03:31:52, 8.15e-13, 6.61e-11
2022-11-09, 03:31:56, 7.9e-13, 6.62e-11
2022-11-09, 03:32:00, 8.53e-13, 6.6e-11
2022-11-09, 03:32:05, 8.83e-13, 6.62e-11
2022-11-09, 03:32:09, 8.23e-13, 6.62e-11
2022-11-09, 03:32:13, 8.19e-13, 6.64e-11
2022-11-09, 03:32:17, 9.05e-13, 6.64e-11
2022-11-09, 03:32:21, 8.49e-13, 6.67e-11
2022-11-09, 03:32:26, 9.12e-13, 6.66e-11
2022-11-09, 03:32:30, 9.01e-13, 6.61e-11
2022-11-09, 03:32:34, 8.46e-13, 6.61e-11
2022-11-09, 03:32:38, 8.89e-13, 6.6e-11
2022-11-09, 03:32:43, 1.05e-12, 6.61e-11
2022-11-09, 03:32:47, 8.99e-13, 6.6e-11
2022-11-09, 03:32:51, 8.91e-13, 6.63e-11
2022-11-09, 03:32:55, 8.71e-13, 6.62e-11
2022-11-09, 03:32:59, 8.53e-13, 6.61e-11
2022-11-09, 03:33:04, 8.65e-13, 6.61e-11
2022-11-09, 03:33:08, 8.25e-13, 6.61e-11
2022-11-09, 03:33:12, 9.96e-13, 6.61e-11
2022-11-09, 03:33:16, 8.32e-13, 6.64e-11
2022-11-09, 03:33:21, 8.74e-13, 6.59e-11
2022-11-09, 03:33:25, 9.17e-13, 6.59e-11
2022-11-09, 03:33:29, 7.39e-13, 6.61e-11
2022-11-09, 03:33:33, 9.08e-13, 6.61e-11
2022-11-09, 03:33:37, 9.94e-13, 6.6e-11
2022-11-09, 03:33:42, 8.93e-13, 6.63e-11
2022-11-09, 03:33:46, 8.81e-13, 6.66e-11
2022-11-09, 03:33:50, 8.5e-13, 6.61e-11
2022-11-09, 03:33:54, 1.04e-12, 6.63e-11
2022-11-09, 03:33:59, 8.51e-13, 6.6e-11
2022-11-09, 03:34:03, 8.76e-13, 6.61e-11
2022-11-09, 03:34:07, 9.1e-13, 6.61e-11
2022-11-09, 03:34:11, 8.15e-13, 6.67e-11
2022-11-09, 03:34:15, 8.07e-13, 6.61e-11
2022-11-09, 03:34:20, 9.55e-13, 6.65e-11
2022-11-09, 03:34:24, 9.16e-13, 6.65e-11
2022-11-09, 03:34:28, 9.44e-13, 6.64e-11
2022-11-09, 03:34:32, 8.11e-13, 6.61e-11
2022-11-09, 03:34:37, 8.52e-13, 6.63e-11
2022-11-09, 03:34:41, 8.25e-13, 6.62e-11
2022-11-09, 03:34:45, 8.82e-13, 6.61e-11
2022-11-09, 03:34:49, 8.48e-13, 6.61e-11
2022-11-09, 03:34:53, 8.96e-13, 6.61e-11
2022-11-09, 03:34:58, 8.16e-13, 6.61e-11
2022-11-09, 03:35:02, 8.35e-13, 6.66e-11
2022-11-09, 03:35:06, 8.98e-13, 6.61e-11
2022-11-09, 03:35:10, 8.89e-13, 6.61e-11
2022-11-09, 03:35:14, 8.12e-13, 6.6e-11
2022-11-09, 03:35:19, 8.34e-13, 6.63e-11
2022-11-09, 03:35:23, 8.7e-13, 6.61e-11
2022-11-09, 03:35:27, 9.06e-13, 6.59e-11
2022-11-09, 03:35:31, 8.68e-13, 6.6e-11
2022-11-09, 03:35:36, 8.28e-13, 6.59e-11
2022-11-09, 03:35:40, 8.57e-13, 6.6e-11
2022-11-09, 03:35:44, 8.53e-13, 6.59e-11
2022-11-09, 03:35:48, 8.08e-13, 6.59e-11
2022-11-09, 03:35:52, 8.76e-13, 6.64e-11
2022-11-09, 03:35:57, 8.89e-13, 6.58e-11
2022-11-09, 03:36:01, 8.5e-13, 6.62e-11
2022-11-09, 03:36:05, 8.67e-13, 6.64e-11
2022-11-09, 03:36:09, 9.18e-13, 6.6e-11
2022-11-09, 03:36:14, 9.21e-13, 6.66e-11
2022-11-09, 03:36:18, 8.27e-13, 6.66e-11
2022-11-09, 03:36:22, 8.86e-13, 6.63e-11
2022-11-09, 03:36:26, 8.47e-13, 6.64e-11
2022-11-09, 03:36:31, 8.45e-13, 6.62e-11
2022-11-09, 03:36:35, 8.83e-13, 6.64e-11
2022-11-09, 03:36:39, 8.44e-13, 6.64e-11
2022-11-09, 03:36:43, 8.08e-13, 6.65e-11
2022-11-09, 03:36:47, 9.04e-13, 6.61e-11
2022-11-09, 03:36:52, 8.85e-13, 6.63e-11
2022-11-09, 03:36:56, 9.34e-13, 6.63e-11
2022-11-09, 03:37:00, 8.59e-13, 6.58e-11
2022-11-09, 03:37:04, 8.4e-13, 6.64e-11
2022-11-09, 03:37:08, 7.98e-13, 6.6e-11
2022-11-09, 03:37:13, 8.55e-13, 6.61e-11
2022-11-09, 03:37:17, 8.27e-13, 6.6e-11
2022-11-09, 03:37:21, 8.09e-13, 6.62e-11
2022-11-09, 03:37:25, 8.4e-13, 6.59e-11
2022-11-09, 03:37:30, 9.93e-13, 6.59e-11
2022-11-09, 03:37:34, 8.88e-13, 6.58e-11
2022-11-09, 03:37:38, 8.52e-13, 6.61e-11
2022-11-09, 03:37:42, 9.01e-13, 6.6e-11
2022-11-09, 03:37:46, 8.17e-13, 6.59e-11
2022-11-09, 03:37:51, 8.52e-13, 6.6e-11
2022-11-09, 03:37:55, 8.82e-13, 6.62e-11
2022-11-09, 03:37:59, 8.8e-13, 6.61e-11
2022-11-09, 03:38:03, 8.27e-13, 6.62e-11
2022-11-09, 03:38:08, 8.67e-13, 6.61e-11
2022-11-09, 03:38:12, 8.34e-13, 6.63e-11
2022-11-09, 03:38:16, 8.94e-13, 6.62e-11
2022-11-09, 03:38:20, 8.07e-13, 6.56e-11
2022-11-09, 03:38:24, 8.78e-13, 6.63e-11
2022-11-09, 03:38:29, 8.68e-13, 6.63e-11
2022-11-09, 03:38:33, 9.06e-13, 6.58e-11
2022-11-09, 03:38:37, 7.94e-13, 6.56e-11
2022-11-09, 03:38:41, 8.76e-13, 6.61e-11
2022-11-09, 03:38:46, 7.38e-13, 6.63e-11
2022-11-09, 03:38:50, 9.37e-13, 6.59e-11
2022-11-09, 03:38:54, 1.08e-12, 6.61e-11
2022-11-09, 03:38:58, 9.48e-13, 6.63e-11
2022-11-09, 03:39:02, 8.69e-13, 6.59e-11
2022-11-09, 03:39:07, 8.69e-13, 6.63e-11
2022-11-09, 03:39:11, 9.09e-13, 6.64e-11
2022-11-09, 03:39:15, 8.78e-13, 6.62e-11
2022-11-09, 03:39:19, 8.29e-13, 6.64e-11
2022-11-09, 03:39:24, 8.79e-13, 6.61e-11
2022-11-09, 03:39:28, 8.91e-13, 6.59e-11
2022-11-09, 03:39:32, 9.03e-13, 6.63e-11
2022-11-09, 03:39:36, 8.77e-13, 6.61e-11
2022-11-09, 03:39:40, 8.92e-13, 6.55e-11
2022-11-09, 03:39:45, 9.58e-13, 6.61e-11
2022-11-09, 03:39:49, 8.39e-13, 6.64e-11
2022-11-09, 03:39:53, 8.89e-13, 6.63e-11
2022-11-09, 03:39:57, 8.71e-13, 6.61e-11
2022-11-09, 03:40:02, 8.05e-13, 6.65e-11
2022-11-09, 03:40:06, 8.24e-13, 6.65e-11
2022-11-09, 03:40:10, 8.08e-13, 6.63e-11
2022-11-09, 03:40:14, 8.34e-13, 6.65e-11
2022-11-09, 03:40:18, 8.47e-13, 6.67e-11
2022-11-09, 03:40:23, 8.55e-13, 6.65e-11
2022-11-09, 03:40:27, 8.48e-13, 6.64e-11
2022-11-09, 03:40:31, 8.58e-13, 6.7e-11
2022-11-09, 03:40:35, 7.98e-13, 6.62e-11
2022-11-09, 03:40:39, 8.81e-13, 6.61e-11
2022-11-09, 03:40:44, 9.03e-13, 6.62e-11
2022-11-09, 03:40:48, 9.04e-13, 6.75e-11
2022-11-09, 03:40:52, 8.8e-13, 6.63e-11
2022-11-09, 03:40:56, 8.21e-13, 6.62e-11
2022-11-09, 03:41:01, 8.97e-13, 6.66e-11
2022-11-09, 03:41:05, 8.36e-13, 6.68e-11
2022-11-09, 03:41:09, 8.63e-13, 6.67e-11
2022-11-09, 03:41:13, 8.46e-13, 6.62e-11
2022-11-09, 03:41:17, 8.82e-13, 6.67e-11
2022-11-09, 03:41:22, 8.45e-13, 6.62e-11
2022-11-09, 03:41:26, 8e-13, 6.62e-11
2022-11-09, 03:41:30, 8.16e-13, 6.67e-11
2022-11-09, 03:41:34, 9.1e-13, 6.65e-11
2022-11-09, 03:41:39, 9.21e-13, 6.64e-11
2022-11-09, 03:41:43, 9.24e-13, 6.69e-11
2022-11-09, 03:41:47, 8.55e-13, 6.63e-11
2022-11-09, 03:41:51, 8.94e-13, 6.71e-11
2022-11-09, 03:41:55, 8.89e-13, 6.58e-11
2022-11-09, 03:42:00, 8.94e-13, 6.69e-11
2022-11-09, 03:42:04, 8.67e-13, 6.66e-11
2022-11-09, 03:42:08, 8.34e-13, 6.63e-11
2022-11-09, 03:42:12, 8.53e-13, 6.67e-11
2022-11-09, 03:42:17, 9.18e-13, 6.68e-11
2022-11-09, 03:42:21, 8.46e-13, 6.65e-11
2022-11-09, 03:42:25, 8.83e-13, 6.67e-11
2022-11-09, 03:42:29, 8.71e-13, 6.68e-11
2022-11-09, 03:42:33, 9.59e-13, 6.67e-11
2022-11-09, 03:42:38, 8.62e-13, 6.64e-11
2022-11-09, 03:42:42, 8.31e-13, 6.64e-11
2022-11-09, 03:42:46, 8.51e-13, 6.64e-11
2022-11-09, 03:42:50, 8.73e-13, 6.65e-11
2022-11-09, 03:42:55, 8.43e-13, 6.63e-11
2022-11-09, 03:42:59, 9.25e-13, 6.61e-11
2022-11-09, 03:43:03, 8.47e-13, 6.67e-11
2022-11-09, 03:43:07, 8.18e-13, 6.63e-11
2022-11-09, 03:43:11, 8.81e-13, 6.6e-11
2022-11-09, 03:43:16, 8.45e-13, 6.62e-11
2022-11-09, 03:43:20, 9.09e-13, 6.63e-11
2022-11-09, 03:43:24, 8.73e-13, 6.61e-11
2022-11-09, 03:43:28, 8.72e-13, 6.63e-11
2022-11-09, 03:43:33, 8.31e-13, 6.65e-11
2022-11-09, 03:43:37, 8.38e-13, 6.66e-11
2022-11-09, 03:43:41, 8.69e-13, 6.67e-11
2022-11-09, 03:43:45, 9.34e-13, 6.62e-11
2022-11-09, 03:43:49, 9.43e-13, 6.66e-11
2022-11-09, 03:43:54, 8.11e-13, 6.64e-11
2022-11-09, 03:43:58, 8.98e-13, 6.66e-11
2022-11-09, 03:44:02, 9.21e-13, 6.65e-11
2022-11-09, 03:44:06, 8.58e-13, 6.64e-11
2022-11-09, 03:44:11, 7.57e-13, 6.62e-11
2022-11-09, 03:44:15, 8.84e-13, 6.62e-11
2022-11-09, 03:44:19, 8.43e-13, 6.68e-11
2022-11-09, 03:44:23, 8.53e-13, 6.65e-11
2022-11-09, 03:44:27, 8.13e-13, 6.58e-11
2022-11-09, 03:44:32, 8.68e-13, 6.64e-11
2022-11-09, 03:44:36, 8.1e-13, 6.62e-11
2022-11-09, 03:44:40, 8.37e-13, 6.67e-11
2022-11-09, 03:44:44, 9.32e-13, 6.64e-11
2022-11-09, 03:44:49, 8.47e-13, 6.66e-11
2022-11-09, 03:44:53, 8.78e-13, 6.6e-11
2022-11-09, 03:44:57, 9.34e-13, 6.64e-11
2022-11-09, 03:45:01, 8.75e-13, 6.67e-11
2022-11-09, 03:45:05, 8.19e-13, 6.64e-11
2022-11-09, 03:45:10, 8.67e-13, 6.64e-11
2022-11-09, 03:45:14, 9.12e-13, 6.59e-11
2022-11-09, 03:45:18, 8.76e-13, 6.62e-11
2022-11-09, 03:45:22, 8.11e-13, 6.65e-11
2022-11-09, 03:45:27, 8.99e-13, 6.64e-11
2022-11-09, 03:45:31, 9.09e-13, 6.64e-11
2022-11-09, 03:45:35, 8.88e-13, 6.66e-11
2022-11-09, 03:45:39, 8.53e-13, 6.61e-11
2022-11-09, 03:45:43, 9.05e-13, 6.55e-11
2022-11-09, 03:45:48, 8.76e-13, 6.7e-11
2022-11-09, 03:45:52, 7.62e-13, 6.71e-11
2022-11-09, 03:45:56, 8.94e-13, 6.63e-11
2022-11-09, 03:46:00, 7.73e-13, 6.6e-11
2022-11-09, 03:46:04, 7.5e-13, 6.61e-11
2022-11-09, 03:46:09, 8.44e-13, 6.64e-11
2022-11-09, 03:46:13, 8.13e-13, 6.66e-11
2022-11-09, 03:46:17, 8.78e-13, 6.64e-11
2022-11-09, 03:46:21, 9.13e-13, 6.64e-11
2022-11-09, 03:46:26, 8.48e-13, 6.62e-11
2022-11-09, 03:46:30, 8.08e-13, 6.65e-11
2022-11-09, 03:46:34, 8.35e-13, 6.61e-11
2022-11-09, 03:46:38, 9.03e-13, 6.61e-11
2022-11-09, 03:46:42, 9.15e-13, 6.61e-11
2022-11-09, 03:46:47, 9.42e-13, 6.62e-11
2022-11-09, 03:46:51, 8.71e-13, 6.61e-11
2022-11-09, 03:46:55, 8.83e-13, 6.61e-11
2022-11-09, 03:46:59, 7.92e-13, 6.61e-11
2022-11-09, 03:47:04, 7.93e-13, 6.64e-11
2022-11-09, 03:47:08, 9.26e-13, 6.7e-11
2022-11-09, 03:47:12, 8.92e-13, 6.65e-11
2022-11-09, 03:47:16, 8.63e-13, 6.63e-11
2022-11-09, 03:47:20, 8.18e-13, 6.62e-11
2022-11-09, 03:47:25, 8.59e-13, 6.64e-11
2022-11-09, 03:47:29, 8.52e-13, 6.61e-11
2022-11-09, 03:47:33, 9.35e-13, 6.61e-11
2022-11-09, 03:47:37, 8.88e-13, 6.64e-11
2022-11-09, 03:47:42, 8.4e-13, 6.58e-11
2022-11-09, 03:47:46, 9e-13, 6.65e-11
2022-11-09, 03:47:50, 8.46e-13, 6.61e-11
2022-11-09, 03:47:54, 8.47e-13, 6.61e-11
2022-11-09, 03:47:58, 8.86e-13, 6.62e-11
2022-11-09, 03:48:03, 8.66e-13, 6.64e-11
2022-11-09, 03:48:07, 8.54e-13, 6.58e-11
2022-11-09, 03:48:11, 8.57e-13, 6.64e-11
2022-11-09, 03:48:15, 7.82e-13, 6.62e-11
2022-11-09, 03:48:20, 8.76e-13, 6.61e-11
2022-11-09, 03:48:24, 9.63e-13, 6.63e-11
2022-11-09, 03:48:28, 9.14e-13, 6.64e-11
2022-11-09, 03:48:32, 8.69e-13, 6.66e-11
2022-11-09, 03:48:36, 8.59e-13, 6.62e-11
2022-11-09, 03:48:41, 9.35e-13, 6.66e-11
2022-11-09, 03:48:45, 8.49e-13, 6.66e-11
2022-11-09, 03:48:49, 9.08e-13, 6.68e-11
2022-11-09, 03:48:53, 9.52e-13, 6.64e-11
2022-11-09, 03:48:58, 8.7e-13, 6.59e-11
2022-11-09, 03:49:02, 8.14e-13, 6.63e-11
2022-11-09, 03:49:06, 8.31e-13, 6.66e-11
2022-11-09, 03:49:10, 9.58e-13, 6.63e-11
2022-11-09, 03:49:14, 8.83e-13, 6.61e-11
2022-11-09, 03:49:19, 8.3e-13, 6.63e-11
2022-11-09, 03:49:23, 8.62e-13, 6.59e-11
2022-11-09, 03:49:27, 8.78e-13, 6.63e-11
2022-11-09, 03:49:31, 8.28e-13, 6.64e-11
2022-11-09, 03:49:35, 8.23e-13, 6.61e-11
2022-11-09, 03:49:40, 8.83e-13, 6.64e-11
2022-11-09, 03:49:44, 8.71e-13, 6.65e-11
2022-11-09, 03:49:48, 9.04e-13, 6.61e-11
2022-11-09, 03:49:52, 7.95e-13, 6.64e-11
2022-11-09, 03:49:57, 9.3e-13, 6.63e-11
2022-11-09, 03:50:01, 8.65e-13, 6.64e-11
2022-11-09, 03:50:05, 7.31e-13, 6.67e-11
2022-11-09, 03:50:09, 7.3e-13, 6.65e-11
2022-11-09, 03:50:13, 8.46e-13, 6.67e-11
2022-11-09, 03:50:18, 9.02e-13, 6.66e-11
2022-11-09, 03:50:22, 8.98e-13, 6.66e-11
2022-11-09, 03:50:26, 8.52e-13, 6.63e-11
2022-11-09, 03:50:30, 8.44e-13, 6.62e-11
2022-11-09, 03:50:35, 8.59e-13, 6.64e-11
2022-11-09, 03:50:39, 7.92e-13, 6.67e-11
2022-11-09, 03:50:43, 8.25e-13, 6.63e-11
2022-11-09, 03:50:47, 7.82e-13, 6.64e-11
2022-11-09, 03:50:51, 8.61e-13, 6.62e-11
2022-11-09, 03:50:56, 8.51e-13, 6.64e-11
2022-11-09, 03:51:00, 8.73e-13, 6.66e-11
2022-11-09, 03:51:04, 8.75e-13, 6.61e-11
2022-11-09, 03:51:08, 8.22e-13, 6.61e-11
2022-11-09, 03:51:13, 8.41e-13, 6.61e-11
2022-11-09, 03:51:17, 8.26e-13, 6.63e-11
2022-11-09, 03:51:21, 8.69e-13, 6.65e-11
2022-11-09, 03:51:25, 8.66e-13, 6.63e-11
2022-11-09, 03:51:29, 9.02e-13, 6.66e-11
2022-11-09, 03:51:34, 8.95e-13, 6.63e-11
2022-11-09, 03:51:38, 8.64e-13, 6.66e-11
2022-11-09, 03:51:42, 8.81e-13, 6.66e-11
2022-11-09, 03:51:46, 8.34e-13, 6.66e-11
2022-11-09, 03:51:51, 9.03e-13, 6.64e-11
2022-11-09, 03:51:55, 7.54e-13, 6.59e-11
2022-11-09, 03:51:59, 8.62e-13, 6.63e-11
2022-11-09, 03:52:03, 8.41e-13, 6.62e-11
2022-11-09, 03:52:07, 7.99e-13, 6.64e-11
2022-11-09, 03:52:12, 8.37e-13, 6.64e-11
2022-11-09, 03:52:16, 8.54e-13, 6.64e-11
2022-11-09, 03:52:20, 8.82e-13, 6.65e-11
2022-11-09, 03:52:24, 8.77e-13, 6.65e-11
2022-11-09, 03:52:29, 7.94e-13, 6.63e-11
2022-11-09, 03:52:33, 8.05e-13, 6.66e-11
2022-11-09, 03:52:37, 8.62e-13, 6.66e-11
2022-11-09, 03:52:41, 8.54e-13, 6.66e-11
2022-11-09, 03:52:45, 8.73e-13, 6.67e-11
2022-11-09, 03:52:50, 8.21e-13, 6.64e-11
2022-11-09, 03:52:54, 8.33e-13, 6.63e-11
2022-11-09, 03:52:58, 8.38e-13, 6.64e-11
2022-11-09, 03:53:02, 8.51e-13, 6.73e-11
2022-11-09, 03:53:07, 8.56e-13, 6.66e-11
2022-11-09, 03:53:11, 8.46e-13, 6.6e-11
2022-11-09, 03:53:15, 8.91e-13, 6.68e-11
2022-11-09, 03:53:19, 8.78e-13, 6.69e-11
2022-11-09, 03:53:23, 8.82e-13, 6.63e-11
2022-11-09, 03:53:28, 8.43e-13, 6.65e-11
2022-11-09, 03:53:32, 8.46e-13, 6.64e-11
2022-11-09, 03:53:36, 8.28e-13, 6.65e-11
2022-11-09, 03:53:40, 8.64e-13, 6.65e-11
2022-11-09, 03:53:45, 8.77e-13, 6.63e-11
2022-11-09, 03:53:49, 8.47e-13, 6.66e-11
2022-11-09, 03:53:53, 8.41e-13, 6.67e-11
2022-11-09, 03:53:57, 9.1e-13, 6.64e-11
2022-11-09, 03:54:01, 8.08e-13, 6.65e-11
2022-11-09, 03:54:06, 8.45e-13, 6.68e-11
2022-11-09, 03:54:10, 7.96e-13, 6.65e-11
2022-11-09, 03:54:14, 8.14e-13, 6.66e-11
2022-11-09, 03:54:18, 8.96e-13, 6.65e-11
2022-11-09, 03:54:23, 8.22e-13, 6.65e-11
2022-11-09, 03:54:27, 9.34e-13, 6.65e-11
2022-11-09, 03:54:31, 1.02e-12, 6.68e-11
2022-11-09, 03:54:35, 8.99e-13, 6.67e-11
2022-11-09, 03:54:39, 8.81e-13, 6.63e-11
2022-11-09, 03:54:44, 8.58e-13, 6.64e-11
2022-11-09, 03:54:48, 9.2e-13, 6.64e-11
2022-11-09, 03:54:52, 8.54e-13, 6.68e-11
2022-11-09, 03:54:56, 8.07e-13, 6.66e-11
2022-11-09, 03:55:00, 8.77e-13, 6.67e-11
2022-11-09, 03:55:05, 8.47e-13, 6.66e-11
2022-11-09, 03:55:09, 8.52e-13, 6.64e-11
2022-11-09, 03:55:13, 9.29e-13, 6.68e-11
2022-11-09, 03:55:17, 8.41e-13, 6.65e-11
2022-11-09, 03:55:22, 8.31e-13, 6.65e-11
2022-11-09, 03:55:26, 8.42e-13, 6.64e-11
2022-11-09, 03:55:30, 8.45e-13, 6.6e-11
2022-11-09, 03:55:34, 8.51e-13, 6.62e-11
2022-11-09, 03:55:38, 8.71e-13, 6.62e-11
2022-11-09, 03:55:43, 8.78e-13, 6.66e-11
2022-11-09, 03:55:47, 7.68e-13, 6.67e-11
2022-11-09, 03:55:51, 8.75e-13, 6.67e-11
2022-11-09, 03:55:55, 8.63e-13, 6.65e-11
2022-11-09, 03:56:00, 8.14e-13, 6.66e-11
2022-11-09, 03:56:04, 8.02e-13, 6.66e-11
2022-11-09, 03:56:08, 9.35e-13, 6.65e-11
2022-11-09, 03:56:12, 8.32e-13, 6.65e-11
2022-11-09, 03:56:16, 8.44e-13, 6.66e-11
2022-11-09, 03:56:21, 8.21e-13, 6.63e-11
2022-11-09, 03:56:25, 7.75e-13, 6.65e-11
2022-11-09, 03:56:29, 8.69e-13, 6.64e-11
2022-11-09, 03:56:33, 8.73e-13, 6.63e-11
2022-11-09, 03:56:38, 7.94e-13, 6.64e-11
2022-11-09, 03:56:42, 9.16e-13, 6.67e-11
2022-11-09, 03:56:46, 8.67e-13, 6.65e-11
2022-11-09, 03:56:50, 8.61e-13, 6.64e-11
2022-11-09, 03:56:54, 8.49e-13, 6.64e-11
2022-11-09, 03:56:59, 9.55e-13, 6.66e-11
2022-11-09, 03:57:03, 9.05e-13, 6.65e-11
2022-11-09, 03:57:07, 8.11e-13, 6.65e-11
2022-11-09, 03:57:11, 9.43e-13, 6.64e-11
2022-11-09, 03:57:16, 8.86e-13, 6.65e-11
2022-11-09, 03:57:20, 8.17e-13, 6.61e-11
2022-11-09, 03:57:24, 8.86e-13, 6.62e-11
2022-11-09, 03:57:28, 8.45e-13, 6.64e-11
2022-11-09, 03:57:32, 9.26e-13, 6.63e-11
2022-11-09, 03:57:37, 8.62e-13, 6.64e-11
2022-11-09, 03:57:41, 8.89e-13, 6.68e-11
2022-11-09, 03:57:45, 8.58e-13, 6.63e-11
2022-11-09, 03:57:49, 8.55e-13, 6.66e-11
2022-11-09, 03:57:54, 8.44e-13, 6.65e-11
2022-11-09, 03:57:58, 8.77e-13, 6.64e-11
2022-11-09, 03:58:02, 9.72e-13, 6.64e-11
2022-11-09, 03:58:06, 9.07e-13, 6.64e-11
2022-11-09, 03:58:10, 8.39e-13, 6.66e-11
2022-11-09, 03:58:15, 8.28e-13, 6.63e-11
2022-11-09, 03:58:19, 8.48e-13, 6.66e-11
2022-11-09, 03:58:23, 8.75e-13, 6.69e-11
2022-11-09, 03:58:27, 8.39e-13, 6.66e-11
2022-11-09, 03:58:32, 7.83e-13, 6.66e-11
2022-11-09, 03:58:36, 8.95e-13, 6.63e-11
2022-11-09, 03:58:40, 8.4e-13, 6.7e-11
2022-11-09, 03:58:44, 8.78e-13, 6.62e-11
2022-11-09, 03:58:48, 8.97e-13, 6.66e-11
2022-11-09, 03:58:53, 8.14e-13, 6.63e-11
2022-11-09, 03:58:57, 7.48e-13, 6.65e-11
2022-11-09, 03:59:01, 8.4e-13, 6.64e-11
2022-11-09, 03:59:05, 8.94e-13, 6.68e-11
2022-11-09, 03:59:09, 8.66e-13, 6.64e-11
2022-11-09, 03:59:14, 9.85e-13, 6.64e-11
2022-11-09, 03:59:18, 8.36e-13, 6.65e-11
2022-11-09, 03:59:22, 8.68e-13, 6.66e-11
2022-11-09, 03:59:26, 8.53e-13, 6.65e-11
2022-11-09, 03:59:31, 8.42e-13, 6.69e-11
2022-11-09, 03:59:35, 8.24e-13, 6.65e-11
2022-11-09, 03:59:39, 9.36e-13, 6.66e-11
2022-11-09, 03:59:43, 9.4e-13, 6.67e-11
2022-11-09, 03:59:47, 8.15e-13, 6.6e-11
2022-11-09, 03:59:52, 8.02e-13, 6.65e-11
2022-11-09, 03:59:56, 8.31e-13, 6.65e-11
2022-11-09, 04:00:00, 9.03e-13, 6.66e-11
2022-11-09, 04:00:04, 8.14e-13, 6.64e-11
2022-11-09, 04:00:09, 8.19e-13, 6.63e-11
2022-11-09, 04:00:13, 8.73e-13, 6.64e-11
2022-11-09, 04:00:17, 8.56e-13, 6.67e-11
2022-11-09, 04:00:21, 7.57e-13, 6.66e-11
2022-11-09, 04:00:25, 9.14e-13, 6.64e-11
2022-11-09, 04:00:30, 8.46e-13, 6.65e-11
2022-11-09, 04:00:34, 8.3e-13, 6.62e-11
2022-11-09, 04:00:38, 8.93e-13, 6.62e-11
2022-11-09, 04:00:42, 8.29e-13, 6.64e-11
2022-11-09, 04:00:47, 9.15e-13, 6.64e-11
2022-11-09, 04:00:51, 8.89e-13, 6.65e-11
2022-11-09, 04:00:55, 7.93e-13, 6.62e-11
2022-11-09, 04:00:59, 8.08e-13, 6.67e-11
2022-11-09, 04:01:03, 7.43e-13, 6.65e-11
2022-11-09, 04:01:08, 8.71e-13, 6.62e-11
2022-11-09, 04:01:12, 8.64e-13, 6.65e-11
2022-11-09, 04:01:16, 7.91e-13, 6.65e-11
2022-11-09, 04:01:20, 8.64e-13, 6.65e-11
2022-11-09, 04:01:25, 8.65e-13, 6.65e-11
2022-11-09, 04:01:29, 8.59e-13, 6.66e-11
2022-11-09, 04:01:33, 8.76e-13, 6.66e-11
2022-11-09, 04:01:37, 8.73e-13, 6.64e-11
2022-11-09, 04:01:41, 9.02e-13, 6.62e-11
2022-11-09, 04:01:46, 8.39e-13, 6.61e-11
2022-11-09, 04:01:50, 9.05e-13, 6.65e-11
2022-11-09, 04:01:54, 8.79e-13, 6.66e-11
2022-11-09, 04:01:58, 8.39e-13, 6.63e-11
2022-11-09, 04:02:03, 8.2e-13, 6.62e-11
2022-11-09, 04:02:07, 9.94e-13, 6.66e-11
2022-11-09, 04:02:11, 7.28e-13, 6.62e-11
2022-11-09, 04:02:15, 9.3e-13, 6.64e-11
2022-11-09, 04:02:19, 8.86e-13, 6.64e-11
2022-11-09, 04:02:24, 8.71e-13, 6.64e-11
2022-11-09, 04:02:28, 8.47e-13, 6.64e-11
2022-11-09, 04:02:32, 8.53e-13, 6.62e-11
2022-11-09, 04:02:36, 9.49e-13, 6.66e-11
2022-11-09, 04:02:41, 9.2e-13, 6.69e-11
2022-11-09, 04:02:45, 8.72e-13, 6.69e-11
2022-11-09, 04:02:49, 7.94e-13, 6.67e-11
2022-11-09, 04:02:53, 7.63e-13, 6.64e-11
2022-11-09, 04:02:57, 8.79e-13, 6.61e-11
2022-11-09, 04:03:02, 8.53e-13, 6.67e-11
2022-11-09, 04:03:06, 8.62e-13, 6.63e-11
2022-11-09, 04:03:10, 9.01e-13, 6.65e-11
2022-11-09, 04:03:14, 8.62e-13, 6.66e-11
2022-11-09, 04:03:19, 8.67e-13, 6.67e-11
2022-11-09, 04:03:23, 8.63e-13, 6.64e-11
2022-11-09, 04:03:27, 8.96e-13, 6.62e-11
2022-11-09, 04:03:31, 9.04e-13, 6.64e-11
2022-11-09, 04:03:35, 9.07e-13, 6.63e-11
2022-11-09, 04:03:40, 8.88e-13, 6.67e-11
2022-11-09, 04:03:44, 8.86e-13, 6.64e-11
2022-11-09, 04:03:48, 9.01e-13, 6.63e-11
2022-11-09, 04:03:52, 8.49e-13, 6.65e-11
2022-11-09, 04:03:57, 8.6e-13, 6.63e-11
2022-11-09, 04:04:01, 9.4e-13, 6.63e-11
2022-11-09, 04:04:05, 8.39e-13, 6.66e-11
2022-11-09, 04:04:09, 8.4e-13, 6.65e-11
2022-11-09, 04:04:13, 8.21e-13, 6.65e-11
2022-11-09, 04:04:18, 8.56e-13, 6.69e-11
2022-11-09, 04:04:22, 9e-13, 6.64e-11
2022-11-09, 04:04:26, 9.47e-13, 6.65e-11
2022-11-09, 04:04:30, 8.02e-13, 6.64e-11
2022-11-09, 04:04:35, 8.46e-13, 6.65e-11
2022-11-09, 04:04:39, 8.72e-13, 6.66e-11
2022-11-09, 04:04:43, 8.87e-13, 6.64e-11
2022-11-09, 04:04:47, 8.93e-13, 6.66e-11
2022-11-09, 04:04:51, 8.16e-13, 6.64e-11
2022-11-09, 04:04:56, 8.79e-13, 6.64e-11
2022-11-09, 04:05:00, 7.2e-13, 6.62e-11
2022-11-09, 04:05:04, 8.75e-13, 6.62e-11
2022-11-09, 04:05:08, 9.06e-13, 6.63e-11
2022-11-09, 04:05:12, 8.34e-13, 6.64e-11
2022-11-09, 04:05:17, 8.49e-13, 6.68e-11
2022-11-09, 04:05:21, 8.66e-13, 6.63e-11
2022-11-09, 04:05:25, 8.89e-13, 6.67e-11
2022-11-09, 04:05:29, 9.17e-13, 6.66e-11
2022-11-09, 04:05:34, 9.05e-13, 6.72e-11
2022-11-09, 04:05:38, 8.81e-13, 6.71e-11
2022-11-09, 04:05:42, 8.47e-13, 6.58e-11
2022-11-09, 04:05:46, 8.76e-13, 6.63e-11
2022-11-09, 04:05:50, 8.81e-13, 6.63e-11
2022-11-09, 04:05:55, 8.65e-13, 6.63e-11
2022-11-09, 04:05:59, 8.71e-13, 6.63e-11
2022-11-09, 04:06:03, 8.93e-13, 6.63e-11
2022-11-09, 04:06:07, 8.84e-13, 6.6e-11
2022-11-09, 04:06:12, 8.18e-13, 6.62e-11
2022-11-09, 04:06:16, 8.89e-13, 6.62e-11
2022-11-09, 04:06:20, 7.86e-13, 6.62e-11
2022-11-09, 04:06:24, 8.58e-13, 6.6e-11
2022-11-09, 04:06:28, 8.63e-13, 6.6e-11
2022-11-09, 04:06:33, 8.99e-13, 6.6e-11
2022-11-09, 04:06:37, 8.4e-13, 6.61e-11
2022-11-09, 04:06:41, 9.1e-13, 6.62e-11
2022-11-09, 04:06:45, 8.22e-13, 6.61e-11
2022-11-09, 04:06:50, 8.76e-13, 6.64e-11
2022-11-09, 04:06:54, 8.65e-13, 6.64e-11
2022-11-09, 04:06:58, 9.57e-13, 6.6e-11
2022-11-09, 04:07:02, 8.46e-13, 6.66e-11
2022-11-09, 04:07:06, 9.17e-13, 6.65e-11
2022-11-09, 04:07:11, 7.89e-13, 6.61e-11
2022-11-09, 04:07:15, 8.56e-13, 6.61e-11
2022-11-09, 04:07:19, 1e-12, 6.61e-11
2022-11-09, 04:07:23, 9.19e-13, 6.63e-11
2022-11-09, 04:07:28, 7.9e-13, 6.65e-11
2022-11-09, 04:07:32, 8.75e-13, 6.77e-11
2022-11-09, 04:07:36, 8.63e-13, 6.65e-11
2022-11-09, 04:07:40, 8.6e-13, 6.61e-11
2022-11-09, 04:07:44, 9.08e-13, 6.62e-11
2022-11-09, 04:07:49, 8.9e-13, 6.65e-11
2022-11-09, 04:07:53, 8.53e-13, 6.65e-11
2022-11-09, 04:07:57, 7.75e-13, 6.68e-11
2022-11-09, 04:08:01, 7.57e-13, 6.63e-11
2022-11-09, 04:08:06, 8.6e-13, 6.64e-11
2022-11-09, 04:08:10, 8.09e-13, 6.62e-11
2022-11-09, 04:08:14, 9.12e-13, 6.67e-11
2022-11-09, 04:08:18, 9.16e-13, 6.71e-11
2022-11-09, 04:08:22, 8.65e-13, 6.66e-11
2022-11-09, 04:08:27, 7.37e-13, 6.67e-11
2022-11-09, 04:08:31, 9.2e-13, 6.68e-11
2022-11-09, 04:08:35, 8.36e-13, 6.71e-11
2022-11-09, 04:08:39, 8.66e-13, 6.62e-11
2022-11-09, 04:08:44, 8.46e-13, 6.7e-11
2022-11-09, 04:08:48, 8.2e-13, 6.66e-11
2022-11-09, 04:08:52, 8.32e-13, 6.64e-11
2022-11-09, 04:08:56, 9.01e-13, 6.62e-11
2022-11-09, 04:09:00, 8.97e-13, 6.65e-11
2022-11-09, 04:09:05, 9.09e-13, 6.7e-11
2022-11-09, 04:09:09, 8.41e-13, 6.65e-11
2022-11-09, 04:09:13, 8.7e-13, 6.64e-11
2022-11-09, 04:09:17, 8.29e-13, 6.64e-11
2022-11-09, 04:09:21, 8.29e-13, 6.64e-11
2022-11-09, 04:09:26, 1.03e-12, 6.62e-11
2022-11-09, 04:09:30, 8.76e-13, 6.6e-11
2022-11-09, 04:09:34, 8.79e-13, 6.64e-11
2022-11-09, 04:09:38, 8.03e-13, 6.64e-11
2022-11-09, 04:09:43, 1.01e-12, 6.61e-11
2022-11-09, 04:09:47, 1.04e-12, 6.59e-11
2022-11-09, 04:09:51, 9.47e-13, 6.62e-11
2022-11-09, 04:09:55, 8.47e-13, 6.56e-11
2022-11-09, 04:09:59, 8.66e-13, 6.68e-11
2022-11-09, 04:10:04, 8.73e-13, 6.64e-11
2022-11-09, 04:10:08, 8.76e-13, 6.67e-11
2022-11-09, 04:10:12, 8.17e-13, 6.66e-11
2022-11-09, 04:10:16, 8.69e-13, 6.61e-11
2022-11-09, 04:10:21, 8.62e-13, 6.6e-11
2022-11-09, 04:10:25, 8.78e-13, 6.6e-11
2022-11-09, 04:10:29, 8.16e-13, 6.63e-11
2022-11-09, 04:10:33, 8.89e-13, 6.65e-11
2022-11-09, 04:10:37, 8.13e-13, 6.6e-11
2022-11-09, 04:10:42, 8.59e-13, 6.6e-11
2022-11-09, 04:10:46, 9.29e-13, 6.61e-11
2022-11-09, 04:10:50, 8.01e-13, 6.6e-11
2022-11-09, 04:10:54, 8.93e-13, 6.62e-11
2022-11-09, 04:10:59, 8.52e-13, 6.63e-11
2022-11-09, 04:11:03, 8.15e-13, 6.6e-11
2022-11-09, 04:11:07, 8.74e-13, 6.61e-11
2022-11-09, 04:11:11, 8.55e-13, 6.65e-11
2022-11-09, 04:11:15, 8.92e-13, 6.64e-11
2022-11-09, 04:11:20, 8.27e-13, 6.63e-11
2022-11-09, 04:11:24, 8.55e-13, 6.64e-11
2022-11-09, 04:11:28, 7.76e-13, 6.63e-11
2022-11-09, 04:11:32, 8.44e-13, 6.65e-11
2022-11-09, 04:11:37, 7.67e-13, 6.57e-11
2022-11-09, 04:11:41, 8.68e-13, 6.62e-11
2022-11-09, 04:11:45, 8.06e-13, 6.64e-11
2022-11-09, 04:11:49, 9.17e-13, 6.63e-11
2022-11-09, 04:11:53, 9.76e-13, 6.61e-11
2022-11-09, 04:11:58, 8.28e-13, 6.61e-11
2022-11-09, 04:12:02, 8.8e-13, 6.61e-11
2022-11-09, 04:12:06, 8.45e-13, 6.61e-11
2022-11-09, 04:12:10, 8.83e-13, 6.63e-11
2022-11-09, 04:12:15, 9.7e-13, 6.66e-11
2022-11-09, 04:12:19, 7.81e-13, 6.62e-11
2022-11-09, 04:12:23, 8.02e-13, 6.61e-11
2022-11-09, 04:12:27, 9.39e-13, 6.61e-11
2022-11-09, 04:12:31, 7.75e-13, 6.6e-11
2022-11-09, 04:12:36, 8.71e-13, 6.65e-11
2022-11-09, 04:12:40, 9.1e-13, 6.64e-11
2022-11-09, 04:12:44, 8.61e-13, 6.64e-11
2022-11-09, 04:12:48, 8.91e-13, 6.63e-11
2022-11-09, 04:12:52, 9.39e-13, 6.66e-11
2022-11-09, 04:12:57, 8.45e-13, 6.61e-11
2022-11-09, 04:13:01, 8.28e-13, 6.63e-11
2022-11-09, 04:13:05, 8.56e-13, 6.6e-11
2022-11-09, 04:13:09, 8.44e-13, 6.62e-11
2022-11-09, 04:13:14, 8.09e-13, 6.62e-11
2022-11-09, 04:13:18, 8.81e-13, 6.61e-11
2022-11-09, 04:13:22, 8.29e-13, 6.63e-11
2022-11-09, 04:13:26, 9.39e-13, 6.62e-11
2022-11-09, 04:13:30, 8.58e-13, 6.64e-11
2022-11-09, 04:13:35, 9.3e-13, 6.64e-11
2022-11-09, 04:13:39, 8.38e-13, 6.7e-11
2022-11-09, 04:13:43, 8.77e-13, 6.62e-11
2022-11-09, 04:13:47, 9.6e-13, 6.62e-11
2022-11-09, 04:13:52, 8.56e-13, 6.67e-11
2022-11-09, 04:13:56, 8.91e-13, 6.64e-11
2022-11-09, 04:14:00, 7.92e-13, 6.68e-11
2022-11-09, 04:14:04, 9.14e-13, 6.64e-11
2022-11-09, 04:14:08, 8.74e-13, 6.71e-11
2022-11-09, 04:14:13, 8.14e-13, 6.64e-11
2022-11-09, 04:14:17, 8.44e-13, 6.62e-11
2022-11-09, 04:14:21, 8.18e-13, 6.62e-11
2022-11-09, 04:14:25, 9.48e-13, 6.66e-11
2022-11-09, 04:14:30, 8.01e-13, 6.64e-11
2022-11-09, 04:14:34, 8.71e-13, 6.62e-11
2022-11-09, 04:14:38, 7.91e-13, 6.57e-11
2022-11-09, 04:14:42, 8.92e-13, 6.63e-11
2022-11-09, 04:14:46, 9.63e-13, 6.63e-11
2022-11-09, 04:14:51, 8.45e-13, 6.69e-11
2022-11-09, 04:14:55, 9.31e-13, 6.62e-11
2022-11-09, 04:14:59, 8.69e-13, 6.63e-11
2022-11-09, 04:15:03, 8.52e-13, 6.63e-11
2022-11-09, 04:15:08, 9.03e-13, 6.71e-11
2022-11-09, 04:15:12, 9.5e-13, 6.65e-11
2022-11-09, 04:15:16, 8.82e-13, 6.59e-11
2022-11-09, 04:15:20, 8.1e-13, 6.63e-11
2022-11-09, 04:15:24, 8.55e-13, 6.65e-11
2022-11-09, 04:15:29, 7.55e-13, 6.66e-11
2022-11-09, 04:15:33, 8.78e-13, 6.59e-11
2022-11-09, 04:15:37, 8.31e-13, 6.68e-11
2022-11-09, 04:15:41, 8.68e-13, 6.65e-11
2022-11-09, 04:15:46, 8.52e-13, 6.55e-11
2022-11-09, 04:15:50, 8.92e-13, 6.65e-11
2022-11-09, 04:15:54, 8.82e-13, 6.62e-11
2022-11-09, 04:15:58, 8.41e-13, 6.63e-11
2022-11-09, 04:16:02, 9.01e-13, 6.55e-11
2022-11-09, 04:16:07, 7.98e-13, 6.62e-11
2022-11-09, 04:16:11, 8.61e-13, 6.65e-11
2022-11-09, 04:16:15, 8.55e-13, 6.64e-11
2022-11-09, 04:16:19, 8.18e-13, 6.56e-11
2022-11-09, 04:16:24, 8.41e-13, 6.62e-11
2022-11-09, 04:16:28, 8.54e-13, 6.64e-11
2022-11-09, 04:16:32, 9.09e-13, 6.66e-11
2022-11-09, 04:16:36, 8.91e-13, 6.68e-11
2022-11-09, 04:16:40, 8.34e-13, 6.66e-11
2022-11-09, 04:16:45, 8.54e-13, 6.63e-11
2022-11-09, 04:16:49, 8.47e-13, 6.59e-11
2022-11-09, 04:16:53, 8.53e-13, 6.6e-11
2022-11-09, 04:16:57, 8.73e-13, 6.72e-11
2022-11-09, 04:17:01, 8.71e-13, 6.6e-11
2022-11-09, 04:17:06, 8.15e-13, 6.66e-11
2022-11-09, 04:17:10, 8.84e-13, 6.61e-11
2022-11-09, 04:17:14, 8.5e-13, 6.59e-11
2022-11-09, 04:17:18, 8.99e-13, 6.64e-11
2022-11-09, 04:17:23, 8.57e-13, 6.61e-11
2022-11-09, 04:17:27, 8.74e-13, 6.63e-11
2022-11-09, 04:17:31, 8.4e-13, 6.59e-11
2022-11-09, 04:17:35, 1.04e-12, 6.58e-11
2022-11-09, 04:17:40, 9.17e-13, 6.67e-11
2022-11-09, 04:17:44, 8.48e-13, 6.67e-11
2022-11-09, 04:17:48, 8.36e-13, 6.61e-11
2022-11-09, 04:17:52, 8.25e-13, 6.6e-11
2022-11-09, 04:17:56, 8.89e-13, 6.63e-11
2022-11-09, 04:18:01, 9.34e-13, 6.7e-11
2022-11-09, 04:18:05, 8.67e-13, 6.61e-11
2022-11-09, 04:18:09, 8.33e-13, 6.62e-11
2022-11-09, 04:18:13, 9.06e-13, 6.62e-11
2022-11-09, 04:18:18, 8.44e-13, 6.65e-11
2022-11-09, 04:18:22, 8.28e-13, 6.62e-11
2022-11-09, 04:18:26, 9.44e-13, 6.63e-11
2022-11-09, 04:18:30, 9.34e-13, 6.64e-11
2022-11-09, 04:18:34, 9.04e-13, 6.6e-11
2022-11-09, 04:18:39, 9.06e-13, 6.63e-11
2022-11-09, 04:18:43, 8.94e-13, 6.69e-11
2022-11-09, 04:18:47, 8.3e-13, 6.64e-11
2022-11-09, 04:18:51, 9.29e-13, 6.63e-11
2022-11-09, 04:18:56, 8.41e-13, 6.63e-11
2022-11-09, 04:19:00, 8.77e-13, 6.62e-11
2022-11-09, 04:19:04, 8.68e-13, 6.63e-11
2022-11-09, 04:19:08, 8.6e-13, 6.62e-11
2022-11-09, 04:19:12, 8.47e-13, 6.63e-11
2022-11-09, 04:19:17, 7.94e-13, 6.64e-11
2022-11-09, 04:19:21, 7.39e-13, 6.63e-11
2022-11-09, 04:19:25, 8.58e-13, 6.68e-11
2022-11-09, 04:19:29, 8.94e-13, 6.6e-11
2022-11-09, 04:19:34, 9.1e-13, 6.58e-11
2022-11-09, 04:19:38, 8.59e-13, 6.6e-11
2022-11-09, 04:19:42, 8.93e-13, 6.61e-11
2022-11-09, 04:19:46, 8.94e-13, 6.61e-11
2022-11-09, 04:19:50, 9.23e-13, 6.71e-11
2022-11-09, 04:19:55, 8.81e-13, 6.63e-11
2022-11-09, 04:19:59, 8.48e-13, 6.61e-11
2022-11-09, 04:20:03, 8.43e-13, 6.66e-11
2022-11-09, 04:20:07, 8.13e-13, 6.66e-11
2022-11-09, 04:20:12, 8.23e-13, 6.62e-11
2022-11-09, 04:20:16, 8.34e-13, 6.62e-11
2022-11-09, 04:20:20, 8.79e-13, 6.64e-11
2022-11-09, 04:20:24, 8.57e-13, 6.65e-11
2022-11-09, 04:20:28, 8.4e-13, 6.65e-11
2022-11-09, 04:20:33, 8.16e-13, 6.65e-11
2022-11-09, 04:20:37, 8.35e-13, 6.63e-11
2022-11-09, 04:20:41, 8.72e-13, 6.67e-11
2022-11-09, 04:20:45, 8.77e-13, 6.61e-11
2022-11-09, 04:20:50, 8.43e-13, 6.61e-11
2022-11-09, 04:20:54, 8.11e-13, 6.61e-11
2022-11-09, 04:20:58, 8.72e-13, 6.67e-11
2022-11-09, 04:21:02, 9.13e-13, 6.66e-11
2022-11-09, 04:21:06, 8.46e-13, 6.65e-11
2022-11-09, 04:21:11, 8.61e-13, 6.64e-11
2022-11-09, 04:21:15, 8.76e-13, 6.64e-11
2022-11-09, 04:21:19, 7.78e-13, 6.68e-11
2022-11-09, 04:21:23, 8.45e-13, 6.67e-11
2022-11-09, 04:21:28, 9.55e-13, 6.66e-11
2022-11-09, 04:21:32, 8.1e-13, 6.64e-11
2022-11-09, 04:21:36, 9.26e-13, 6.63e-11
2022-11-09, 04:21:40, 1.02e-12, 6.64e-11
2022-11-09, 04:21:44, 8.05e-13, 6.62e-11
2022-11-09, 04:21:49, 8.59e-13, 6.64e-11
2022-11-09, 04:21:53, 8.79e-13, 6.63e-11
2022-11-09, 04:21:57, 8.29e-13, 6.59e-11
2022-11-09, 04:22:01, 9e-13, 6.61e-11
2022-11-09, 04:22:05, 8.53e-13, 6.63e-11
2022-11-09, 04:22:10, 9.03e-13, 6.65e-11
2022-11-09, 04:22:14, 8.75e-13, 6.66e-11
2022-11-09, 04:22:18, 8.55e-13, 6.63e-11
2022-11-09, 04:22:22, 8.42e-13, 6.59e-11
2022-11-09, 04:22:27, 9.03e-13, 6.62e-11
2022-11-09, 04:22:31, 8.3e-13, 6.57e-11
2022-11-09, 04:22:35, 7.98e-13, 6.67e-11
2022-11-09, 04:22:39, 8.32e-13, 6.67e-11
2022-11-09, 04:22:43, 8.47e-13, 6.69e-11
2022-11-09, 04:22:48, 9.22e-13, 6.58e-11
2022-11-09, 04:22:52, 7.27e-13, 6.68e-11
2022-11-09, 04:22:56, 8.05e-13, 6.68e-11
2022-11-09, 04:23:00, 9.43e-13, 6.65e-11
2022-11-09, 04:23:05, 8.9e-13, 6.65e-11
2022-11-09, 04:23:09, 9.19e-13, 6.65e-11
2022-11-09, 04:23:13, 8.48e-13, 6.66e-11
2022-11-09, 04:23:17, 9.16e-13, 6.64e-11
2022-11-09, 04:23:21, 1.05e-12, 6.71e-11
2022-11-09, 04:23:26, 8.92e-13, 6.65e-11
2022-11-09, 04:23:30, 8.25e-13, 6.67e-11
2022-11-09, 04:23:34, 8.75e-13, 6.62e-11
2022-11-09, 04:23:38, 8.7e-13, 6.62e-11
2022-11-09, 04:23:43, 9.34e-13, 6.62e-11
2022-11-09, 04:23:47, 8.41e-13, 6.61e-11
2022-11-09, 04:23:51, 8.75e-13, 6.68e-11
2022-11-09, 04:23:55, 8.72e-13, 6.65e-11
2022-11-09, 04:23:59, 8.75e-13, 6.64e-11
2022-11-09, 04:24:04, 9.78e-13, 6.63e-11
2022-11-09, 04:24:08, 8.58e-13, 6.63e-11
2022-11-09, 04:24:12, 1.03e-12, 6.66e-11
2022-11-09, 04:24:16, 8.65e-13, 6.65e-11
2022-11-09, 04:24:21, 8.93e-13, 6.63e-11
2022-11-09, 04:24:25, 7.97e-13, 6.67e-11
2022-11-09, 04:24:29, 9.08e-13, 6.64e-11
2022-11-09, 04:24:33, 8.3e-13, 6.65e-11
2022-11-09, 04:24:37, 7.56e-13, 6.64e-11
2022-11-09, 04:24:42, 9.19e-13, 6.61e-11
2022-11-09, 04:24:46, 8.03e-13, 6.63e-11
2022-11-09, 04:24:50, 8.63e-13, 6.64e-11
2022-11-09, 04:24:54, 9.2e-13, 6.62e-11
2022-11-09, 04:24:59, 8.56e-13, 6.64e-11
2022-11-09, 04:25:03, 8.3e-13, 6.61e-11
2022-11-09, 04:25:07, 8.4e-13, 6.64e-11
2022-11-09, 04:25:11, 8.61e-13, 6.64e-11
2022-11-09, 04:25:15, 8.48e-13, 6.66e-11
2022-11-09, 04:25:20, 8.87e-13, 6.66e-11
2022-11-09, 04:25:24, 9.22e-13, 6.62e-11
2022-11-09, 04:25:28, 8.35e-13, 6.64e-11
2022-11-09, 04:25:32, 8.84e-13, 6.64e-11
2022-11-09, 04:25:37, 8.33e-13, 6.63e-11
2022-11-09, 04:25:41, 8.88e-13, 6.62e-11
2022-11-09, 04:25:45, 9.61e-13, 6.63e-11
2022-11-09, 04:25:49, 9.08e-13, 6.63e-11
2022-11-09, 04:25:53, 8.79e-13, 6.62e-11
2022-11-09, 04:25:58, 8.7e-13, 6.65e-11
2022-11-09, 04:26:02, 8.47e-13, 6.64e-11
2022-11-09, 04:26:06, 8.9e-13, 6.68e-11
2022-11-09, 04:26:10, 8.3e-13, 6.65e-11
2022-11-09, 04:26:14, 8.85e-13, 6.66e-11
2022-11-09, 04:26:19, 8.36e-13, 6.69e-11
2022-11-09, 04:26:23, 8.51e-13, 6.65e-11
2022-11-09, 04:26:27, 8.14e-13, 6.65e-11
2022-11-09, 04:26:31, 8.93e-13, 6.62e-11
2022-11-09, 04:26:36, 7.97e-13, 6.61e-11
2022-11-09, 04:26:40, 8.73e-13, 6.68e-11
2022-11-09, 04:26:44, 8.93e-13, 6.67e-11
2022-11-09, 04:26:48, 9.46e-13, 6.69e-11
2022-11-09, 04:26:52, 8.54e-13, 6.65e-11
2022-11-09, 04:26:57, 9.34e-13, 6.65e-11
2022-11-09, 04:27:01, 8.82e-13, 6.65e-11
2022-11-09, 04:27:06, 8.83e-13, 6.64e-11
2022-11-09, 04:27:10, 8.46e-13, 6.65e-11
2022-11-09, 04:27:14, 8.36e-13, 6.65e-11
2022-11-09, 04:27:18, 8.83e-13, 6.68e-11
2022-11-09, 04:27:22, 8.66e-13, 6.66e-11
2022-11-09, 04:27:27, 8.43e-13, 6.67e-11
2022-11-09, 04:27:31, 8.88e-13, 6.66e-11
2022-11-09, 04:27:35, 8.8e-13, 6.68e-11
2022-11-09, 04:27:39, 8.49e-13, 6.67e-11
2022-11-09, 04:27:44, 9.29e-13, 6.67e-11
2022-11-09, 04:27:48, 1.03e-12, 6.65e-11
2022-11-09, 04:27:52, 8.41e-13, 6.65e-11
2022-11-09, 04:27:56, 8.75e-13, 6.68e-11
2022-11-09, 04:28:00, 8.4e-13, 6.66e-11
2022-11-09, 04:28:05, 8.21e-13, 6.65e-11
2022-11-09, 04:28:09, 8.79e-13, 6.67e-11
2022-11-09, 04:28:13, 8.94e-13, 6.74e-11
2022-11-09, 04:28:17, 8.9e-13, 6.68e-11
2022-11-09, 04:28:22, 8.73e-13, 6.64e-11
2022-11-09, 04:28:26, 8.31e-13, 6.62e-11
2022-11-09, 04:28:30, 8.08e-13, 6.64e-11
2022-11-09, 04:28:34, 8.98e-13, 6.65e-11
2022-11-09, 04:28:38, 8.31e-13, 6.63e-11
2022-11-09, 04:28:43, 7.94e-13, 6.67e-11
2022-11-09, 04:28:47, 8.9e-13, 6.69e-11
2022-11-09, 04:28:51, 8.4e-13, 6.66e-11
2022-11-09, 04:28:56, 8.79e-13, 6.66e-11
2022-11-09, 04:29:00, 8.61e-13, 6.67e-11
2022-11-09, 04:29:04, 8.42e-13, 6.69e-11
2022-11-09, 04:29:08, 9.02e-13, 6.65e-11
2022-11-09, 04:29:12, 8.9e-13, 6.65e-11
2022-11-09, 04:29:17, 9.12e-13, 6.67e-11
2022-11-09, 04:29:21, 8.55e-13, 6.65e-11
2022-11-09, 04:29:25, 9.15e-13, 6.59e-11
2022-11-09, 04:29:29, 8.92e-13, 6.64e-11
2022-11-09, 04:29:33, 9.16e-13, 6.65e-11
2022-11-09, 04:29:38, 8.88e-13, 6.66e-11
2022-11-09, 04:29:42, 8.86e-13, 6.61e-11
2022-11-09, 04:29:46, 8.81e-13, 6.65e-11
2022-11-09, 04:29:50, 8.85e-13, 6.66e-11
2022-11-09, 04:29:55, 8.77e-13, 6.66e-11
2022-11-09, 04:29:59, 7.4e-13, 6.68e-11
2022-11-09, 04:30:03, 8.89e-13, 6.63e-11
2022-11-09, 04:30:07, 9.43e-13, 6.67e-11
2022-11-09, 04:30:11, 8.84e-13, 6.66e-11
2022-11-09, 04:30:16, 8.37e-13, 6.67e-11
2022-11-09, 04:30:20, 8.24e-13, 6.71e-11
2022-11-09, 04:30:24, 8.59e-13, 6.66e-11
2022-11-09, 04:30:28, 9.03e-13, 6.65e-11
2022-11-09, 04:30:33, 8.65e-13, 6.67e-11
2022-11-09, 04:30:37, 8.61e-13, 6.67e-11
2022-11-09, 04:30:41, 7.68e-13, 6.65e-11
2022-11-09, 04:30:45, 8.68e-13, 6.7e-11
2022-11-09, 04:30:49, 8.67e-13, 6.7e-11
2022-11-09, 04:30:54, 8.52e-13, 6.66e-11
2022-11-09, 04:30:58, 8.8e-13, 6.67e-11
2022-11-09, 04:31:02, 9.01e-13, 6.66e-11
2022-11-09, 04:31:06, 8.1e-13, 6.67e-11
2022-11-09, 04:31:11, 9.54e-13, 6.65e-11
2022-11-09, 04:31:15, 8.8e-13, 6.63e-11
2022-11-09, 04:31:19, 8.67e-13, 6.64e-11
2022-11-09, 04:31:23, 8.93e-13, 6.67e-11
2022-11-09, 04:31:27, 8.46e-13, 6.68e-11
2022-11-09, 04:31:32, 8.23e-13, 6.68e-11
2022-11-09, 04:31:36, 8.33e-13, 6.66e-11
2022-11-09, 04:31:40, 1e-12, 6.66e-11
2022-11-09, 04:31:44, 1.02e-12, 6.68e-11
2022-11-09, 04:31:49, 8.94e-13, 6.65e-11
2022-11-09, 04:31:53, 8.46e-13, 6.64e-11
2022-11-09, 04:31:57, 8.39e-13, 6.66e-11
2022-11-09, 04:32:01, 8.61e-13, 6.65e-11
2022-11-09, 04:32:05, 8.53e-13, 6.64e-11
2022-11-09, 04:32:10, 8.77e-13, 6.69e-11
2022-11-09, 04:32:14, 8.32e-13, 6.66e-11
2022-11-09, 04:32:18, 8.95e-13, 6.67e-11
2022-11-09, 04:32:22, 8.6e-13, 6.67e-11
2022-11-09, 04:32:27, 8.74e-13, 6.67e-11
2022-11-09, 04:32:31, 8.86e-13, 6.66e-11
2022-11-09, 04:32:35, 8.58e-13, 6.65e-11
2022-11-09, 04:32:39, 8.57e-13, 6.65e-11
2022-11-09, 04:32:43, 8.29e-13, 6.65e-11
2022-11-09, 04:32:48, 8.97e-13, 6.63e-11
2022-11-09, 04:32:52, 8.75e-13, 6.67e-11
2022-11-09, 04:32:56, 8.9e-13, 6.67e-11
2022-11-09, 04:33:00, 8.46e-13, 6.63e-11
2022-11-09, 04:33:05, 8.73e-13, 6.69e-11
2022-11-09, 04:33:09, 7.95e-13, 6.63e-11
2022-11-09, 04:33:13, 9.08e-13, 6.62e-11
2022-11-09, 04:33:17, 8.65e-13, 6.62e-11
2022-11-09, 04:33:21, 8.55e-13, 6.6e-11
2022-11-09, 04:33:26, 8.62e-13, 6.63e-11
2022-11-09, 04:33:30, 9.04e-13, 6.63e-11
2022-11-09, 04:33:34, 8.65e-13, 6.62e-11
2022-11-09, 04:33:38, 8.96e-13, 6.64e-11
2022-11-09, 04:33:43, 8.66e-13, 6.62e-11
2022-11-09, 04:33:47, 8.76e-13, 6.61e-11
2022-11-09, 04:33:51, 7.97e-13, 6.62e-11
2022-11-09, 04:33:55, 8.53e-13, 6.62e-11
2022-11-09, 04:33:59, 8.89e-13, 6.64e-11
2022-11-09, 04:34:04, 8.53e-13, 6.6e-11
2022-11-09, 04:34:08, 8.09e-13, 6.64e-11
2022-11-09, 04:34:12, 9.12e-13, 6.69e-11
2022-11-09, 04:34:16, 8.01e-13, 6.64e-11
2022-11-09, 04:34:20, 8.69e-13, 6.61e-11
2022-11-09, 04:34:25, 8.41e-13, 6.62e-11
2022-11-09, 04:34:29, 8.7e-13, 6.63e-11
2022-11-09, 04:34:33, 8.93e-13, 6.64e-11
2022-11-09, 04:34:37, 8.21e-13, 6.63e-11
2022-11-09, 04:34:42, 8.33e-13, 6.61e-11
2022-11-09, 04:34:46, 8.48e-13, 6.64e-11
2022-11-09, 04:34:50, 9.16e-13, 6.64e-11
2022-11-09, 04:34:54, 8.5e-13, 6.64e-11
2022-11-09, 04:34:58, 8.46e-13, 6.62e-11
2022-11-09, 04:35:03, 8.57e-13, 6.65e-11
2022-11-09, 04:35:07, 9.83e-13, 6.61e-11
2022-11-09, 04:35:11, 8.67e-13, 6.63e-11
2022-11-09, 04:35:15, 8.73e-13, 6.63e-11
2022-11-09, 04:35:20, 8.36e-13, 6.64e-11
2022-11-09, 04:35:24, 8.76e-13, 6.61e-11
2022-11-09, 04:35:28, 8.58e-13, 6.64e-11
2022-11-09, 04:35:32, 8.63e-13, 6.66e-11
2022-11-09, 04:35:36, 8.52e-13, 6.63e-11
2022-11-09, 04:35:41, 8.45e-13, 6.7e-11
2022-11-09, 04:35:45, 8.8e-13, 6.63e-11
2022-11-09, 04:35:49, 9.1e-13, 6.63e-11
2022-11-09, 04:35:53, 8.53e-13, 6.68e-11
2022-11-09, 04:35:58, 8.25e-13, 6.66e-11
2022-11-09, 04:36:02, 9.85e-13, 6.64e-11
2022-11-09, 04:36:06, 9.23e-13, 6.64e-11
2022-11-09, 04:36:10, 8.83e-13, 6.64e-11
2022-11-09, 04:36:14, 8.22e-13, 6.66e-11
2022-11-09, 04:36:19, 8.42e-13, 6.68e-11
2022-11-09, 04:36:23, 8.15e-13, 6.63e-11
2022-11-09, 04:36:27, 9.8e-13, 6.61e-11
2022-11-09, 04:36:31, 8.59e-13, 6.63e-11
2022-11-09, 04:36:36, 8.34e-13, 6.65e-11
2022-11-09, 04:36:40, 8.87e-13, 6.63e-11
2022-11-09, 04:36:44, 7.31e-13, 6.62e-11
2022-11-09, 04:36:48, 9.32e-13, 6.62e-11
2022-11-09, 04:36:52, 8.78e-13, 6.63e-11
2022-11-09, 04:36:57, 8.8e-13, 6.62e-11
2022-11-09, 04:37:01, 8.64e-13, 6.59e-11
2022-11-09, 04:37:05, 8.79e-13, 6.61e-11
2022-11-09, 04:37:09, 8.51e-13, 6.62e-11
2022-11-09, 04:37:14, 8.71e-13, 6.64e-11
2022-11-09, 04:37:18, 8.7e-13, 6.61e-11
2022-11-09, 04:37:22, 8.08e-13, 6.62e-11
2022-11-09, 04:37:26, 8.58e-13, 6.64e-11
2022-11-09, 04:37:30, 8.45e-13, 6.63e-11
2022-11-09, 04:37:35, 8.73e-13, 6.66e-11
2022-11-09, 04:37:39, 9.07e-13, 6.68e-11
2022-11-09, 04:37:43, 8.69e-13, 6.65e-11
2022-11-09, 04:37:47, 8.4e-13, 6.62e-11
2022-11-09, 04:37:52, 8.73e-13, 6.66e-11
2022-11-09, 04:37:56, 8.54e-13, 6.7e-11
2022-11-09, 04:38:00, 8.84e-13, 6.66e-11
2022-11-09, 04:38:04, 8.76e-13, 6.63e-11
2022-11-09, 04:38:08, 8.42e-13, 6.68e-11
2022-11-09, 04:38:13, 9.3e-13, 6.63e-11
2022-11-09, 04:38:17, 9.14e-13, 6.63e-11
2022-11-09, 04:38:21, 8.7e-13, 6.63e-11
2022-11-09, 04:38:25, 9.03e-13, 6.61e-11
2022-11-09, 04:38:29, 8.25e-13, 6.62e-11
2022-11-09, 04:38:34, 8.36e-13, 6.65e-11
2022-11-09, 04:38:38, 8.86e-13, 6.6e-11
2022-11-09, 04:38:42, 8.34e-13, 6.62e-11
2022-11-09, 04:38:46, 8.67e-13, 6.63e-11
2022-11-09, 04:38:51, 8.8e-13, 6.65e-11
2022-11-09, 04:38:55, 8.29e-13, 6.65e-11
2022-11-09, 04:38:59, 8.97e-13, 6.64e-11
2022-11-09, 04:39:03, 8.92e-13, 6.62e-11
2022-11-09, 04:39:07, 8.62e-13, 6.61e-11
2022-11-09, 04:39:12, 8.37e-13, 6.58e-11
2022-11-09, 04:39:16, 8.41e-13, 6.61e-11
2022-11-09, 04:39:20, 8.68e-13, 6.61e-11
2022-11-09, 04:39:24, 8.82e-13, 6.61e-11
2022-11-09, 04:39:29, 8.15e-13, 6.61e-11
2022-11-09, 04:39:33, 8.54e-13, 6.61e-11
2022-11-09, 04:39:37, 8.44e-13, 6.63e-11
2022-11-09, 04:39:41, 8.64e-13, 6.61e-11
2022-11-09, 04:39:45, 9.02e-13, 6.61e-11
2022-11-09, 04:39:50, 9.98e-13, 6.63e-11
2022-11-09, 04:39:54, 1.01e-12, 6.63e-11
2022-11-09, 04:39:58, 8.61e-13, 6.6e-11
2022-11-09, 04:40:02, 8.8e-13, 6.66e-11
2022-11-09, 04:40:07, 8.71e-13, 6.62e-11
2022-11-09, 04:40:11, 7.93e-13, 6.66e-11
2022-11-09, 04:40:15, 9.3e-13, 6.62e-11
2022-11-09, 04:40:19, 7.59e-13, 6.61e-11
2022-11-09, 04:40:23, 8.52e-13, 6.63e-11
2022-11-09, 04:40:28, 8.77e-13, 6.62e-11
2022-11-09, 04:40:32, 8.28e-13, 6.62e-11
2022-11-09, 04:40:36, 8.19e-13, 6.61e-11
2022-11-09, 04:40:40, 8.42e-13, 6.63e-11
2022-11-09, 04:40:45, 8.58e-13, 6.61e-11
2022-11-09, 04:40:49, 8.87e-13, 6.61e-11
2022-11-09, 04:40:53, 8.46e-13, 6.59e-11
2022-11-09, 04:40:57, 9.03e-13, 6.6e-11
2022-11-09, 04:41:01, 9.03e-13, 6.62e-11
2022-11-09, 04:41:06, 9.93e-13, 6.61e-11
2022-11-09, 04:41:10, 8.56e-13, 6.63e-11
2022-11-09, 04:41:14, 8.88e-13, 6.62e-11
2022-11-09, 04:41:18, 8.1e-13, 6.61e-11
2022-11-09, 04:41:23, 8.79e-13, 6.61e-11
2022-11-09, 04:41:27, 8.84e-13, 6.63e-11
2022-11-09, 04:41:31, 8.32e-13, 6.62e-11
2022-11-09, 04:41:35, 8.06e-13, 6.63e-11
2022-11-09, 04:41:39, 8.71e-13, 6.61e-11
2022-11-09, 04:41:44, 9.24e-13, 6.59e-11
2022-11-09, 04:41:48, 9.15e-13, 6.62e-11
2022-11-09, 04:41:52, 8.52e-13, 6.63e-11
2022-11-09, 04:41:56, 8.55e-13, 6.63e-11
2022-11-09, 04:42:00, 8.63e-13, 6.62e-11
2022-11-09, 04:42:05, 9.05e-13, 6.61e-11
2022-11-09, 04:42:09, 8.41e-13, 6.62e-11
2022-11-09, 04:42:13, 8.33e-13, 6.62e-11
2022-11-09, 04:42:17, 8.24e-13, 6.63e-11
2022-11-09, 04:42:22, 8.36e-13, 6.65e-11
2022-11-09, 04:42:26, 7.98e-13, 6.6e-11
2022-11-09, 04:42:30, 8.52e-13, 6.6e-11
2022-11-09, 04:42:34, 8.57e-13, 6.6e-11
2022-11-09, 04:42:38, 8.41e-13, 6.61e-11
2022-11-09, 04:42:43, 8.39e-13, 6.6e-11
2022-11-09, 04:42:47, 8.4e-13, 6.63e-11
2022-11-09, 04:42:51, 8.62e-13, 6.67e-11
2022-11-09, 04:42:55, 9.12e-13, 6.63e-11
2022-11-09, 04:43:00, 8.06e-13, 6.64e-11
2022-11-09, 04:43:04, 8.7e-13, 6.61e-11
2022-11-09, 04:43:08, 9.17e-13, 6.6e-11
2022-11-09, 04:43:12, 8.83e-13, 6.67e-11
2022-11-09, 04:43:16, 8.65e-13, 6.64e-11
2022-11-09, 04:43:21, 8.34e-13, 6.59e-11
2022-11-09, 04:43:25, 8.26e-13, 6.6e-11
2022-11-09, 04:43:29, 9.48e-13, 6.6e-11
2022-11-09, 04:43:33, 8.84e-13, 6.59e-11
2022-11-09, 04:43:38, 9.82e-13, 6.61e-11
2022-11-09, 04:43:42, 8.31e-13, 6.61e-11
2022-11-09, 04:43:46, 8.37e-13, 6.6e-11
2022-11-09, 04:43:50, 9.17e-13, 6.65e-11
2022-11-09, 04:43:54, 9.32e-13, 6.61e-11
2022-11-09, 04:43:59, 9.1e-13, 6.6e-11
2022-11-09, 04:44:03, 9.12e-13, 6.6e-11
2022-11-09, 04:44:07, 8.4e-13, 6.63e-11
2022-11-09, 04:44:11, 8.38e-13, 6.62e-11
2022-11-09, 04:44:16, 9.53e-13, 6.63e-11
2022-11-09, 04:44:20, 7.44e-13, 6.61e-11
2022-11-09, 04:44:24, 8.7e-13, 6.61e-11
2022-11-09, 04:44:28, 8.17e-13, 6.61e-11
2022-11-09, 04:44:32, 8.84e-13, 6.65e-11
2022-11-09, 04:44:37, 9.98e-13, 6.62e-11
2022-11-09, 04:44:41, 9.56e-13, 6.64e-11
2022-11-09, 04:44:45, 9.03e-13, 6.61e-11
2022-11-09, 04:44:49, 9.02e-13, 6.62e-11
2022-11-09, 04:44:54, 7.29e-13, 6.59e-11
2022-11-09, 04:44:58, 8.63e-13, 6.63e-11
2022-11-09, 04:45:02, 8.68e-13, 6.62e-11
2022-11-09, 04:45:06, 8.4e-13, 6.68e-11
2022-11-09, 04:45:10, 8.42e-13, 6.62e-11
2022-11-09, 04:45:15, 8.58e-13, 6.59e-11
2022-11-09, 04:45:19, 9.28e-13, 6.62e-11
2022-11-09, 04:45:23, 9.54e-13, 6.6e-11
2022-11-09, 04:45:27, 8.6e-13, 6.62e-11
2022-11-09, 04:45:32, 9.33e-13, 6.63e-11
2022-11-09, 04:45:36, 8.46e-13, 6.63e-11
2022-11-09, 04:45:40, 8.01e-13, 6.65e-11
2022-11-09, 04:45:44, 9.24e-13, 6.63e-11
2022-11-09, 04:45:48, 8.21e-13, 6.59e-11
2022-11-09, 04:45:53, 8.1e-13, 6.63e-11
2022-11-09, 04:45:57, 8.32e-13, 6.6e-11
2022-11-09, 04:46:01, 8.8e-13, 6.59e-11
2022-11-09, 04:46:05, 8.55e-13, 6.64e-11
2022-11-09, 04:46:10, 9.45e-13, 6.63e-11
2022-11-09, 04:46:14, 8.8e-13, 6.64e-11
2022-11-09, 04:46:18, 8.79e-13, 6.62e-11
2022-11-09, 04:46:22, 9.35e-13, 6.66e-11
2022-11-09, 04:46:26, 8.22e-13, 6.64e-11
2022-11-09, 04:46:31, 8.71e-13, 6.67e-11
2022-11-09, 04:46:35, 7.84e-13, 6.59e-11
2022-11-09, 04:46:39, 8.73e-13, 6.66e-11
2022-11-09, 04:46:43, 8.51e-13, 6.67e-11
2022-11-09, 04:46:47, 8.37e-13, 6.7e-11
2022-11-09, 04:46:52, 8.71e-13, 6.97e-11
2022-11-09, 04:46:56, 8.54e-13, 6.94e-11
2022-11-09, 04:47:00, 8.35e-13, 6.63e-11
2022-11-09, 04:47:04, 9.25e-13, 6.66e-11
2022-11-09, 04:47:09, 9.35e-13, 6.64e-11
2022-11-09, 04:47:13, 8.31e-13, 6.67e-11
2022-11-09, 04:47:17, 7.83e-13, 6.66e-11
2022-11-09, 04:47:21, 8.95e-13, 6.64e-11
2022-11-09, 04:47:25, 8.12e-13, 6.65e-11
2022-11-09, 04:47:30, 8.28e-13, 6.63e-11
2022-11-09, 04:47:34, 9.1e-13, 6.65e-11
2022-11-09, 04:47:38, 7.35e-13, 6.66e-11
2022-11-09, 04:47:42, 8.46e-13, 6.64e-11
2022-11-09, 04:47:47, 9.12e-13, 6.65e-11
2022-11-09, 04:47:51, 8.64e-13, 6.66e-11
2022-11-09, 04:47:55, 8.42e-13, 6.64e-11
2022-11-09, 04:47:59, 9.24e-13, 6.62e-11
2022-11-09, 04:48:03, 8.39e-13, 6.64e-11
2022-11-09, 04:48:08, 9.38e-13, 6.62e-11
2022-11-09, 04:48:12, 8.63e-13, 6.63e-11
2022-11-09, 04:48:16, 8.39e-13, 6.62e-11
2022-11-09, 04:48:20, 7.86e-13, 6.64e-11
2022-11-09, 04:48:25, 8.51e-13, 6.7e-11
2022-11-09, 04:48:29, 9.33e-13, 6.66e-11
2022-11-09, 04:48:33, 8.43e-13, 6.64e-11
2022-11-09, 04:48:37, 8.34e-13, 6.65e-11
2022-11-09, 04:48:41, 8.82e-13, 6.66e-11
2022-11-09, 04:48:46, 8.98e-13, 6.63e-11
2022-11-09, 04:48:50, 8.9e-13, 6.65e-11
2022-11-09, 04:48:54, 8.31e-13, 6.65e-11
2022-11-09, 04:48:58, 8.79e-13, 6.67e-11
2022-11-09, 04:49:03, 9.9e-13, 6.63e-11
2022-11-09, 04:49:07, 8.35e-13, 6.63e-11
2022-11-09, 04:49:11, 8.54e-13, 6.64e-11
2022-11-09, 04:49:15, 8.71e-13, 6.65e-11
2022-11-09, 04:49:19, 8.84e-13, 6.67e-11
2022-11-09, 04:49:24, 8.11e-13, 6.63e-11
2022-11-09, 04:49:28, 8.61e-13, 6.65e-11
2022-11-09, 04:49:32, 8.75e-13, 6.68e-11
2022-11-09, 04:49:36, 9.21e-13, 6.69e-11
2022-11-09, 04:49:41, 8.65e-13, 6.75e-11
2022-11-09, 04:49:45, 9.24e-13, 6.69e-11
2022-11-09, 04:49:49, 8.37e-13, 6.68e-11
2022-11-09, 04:49:53, 8.38e-13, 6.67e-11
2022-11-09, 04:49:57, 7.59e-13, 6.66e-11
2022-11-09, 04:50:02, 8.22e-13, 6.68e-11
2022-11-09, 04:50:06, 7.86e-13, 6.67e-11
2022-11-09, 04:50:10, 8.33e-13, 6.68e-11
2022-11-09, 04:50:14, 8.15e-13, 6.72e-11
2022-11-09, 04:50:19, 7.38e-13, 6.63e-11
2022-11-09, 04:50:23, 8.91e-13, 6.66e-11
2022-11-09, 04:50:27, 9.11e-13, 6.72e-11
2022-11-09, 04:50:31, 8.48e-13, 6.64e-11
2022-11-09, 04:50:35, 7.96e-13, 6.59e-11
2022-11-09, 04:50:40, 8.37e-13, 6.61e-11
2022-11-09, 04:50:44, 9.19e-13, 6.62e-11
2022-11-09, 04:50:48, 8.28e-13, 6.66e-11
2022-11-09, 04:50:52, 8.75e-13, 6.64e-11
2022-11-09, 04:50:56, 7.41e-13, 6.62e-11
2022-11-09, 04:51:01, 8.47e-13, 6.61e-11
2022-11-09, 04:51:05, 9.11e-13, 6.61e-11
2022-11-09, 04:51:09, 8.65e-13, 6.66e-11
2022-11-09, 04:51:13, 9.04e-13, 6.64e-11
2022-11-09, 04:51:18, 8.55e-13, 6.66e-11
2022-11-09, 04:51:22, 1.01e-12, 6.65e-11
2022-11-09, 04:51:26, 8.27e-13, 6.63e-11
2022-11-09, 04:51:30, 8.57e-13, 6.63e-11
2022-11-09, 04:51:34, 1.07e-12, 6.61e-11
2022-11-09, 04:51:39, 8.79e-13, 6.61e-11
2022-11-09, 04:51:43, 8.4e-13, 6.61e-11
2022-11-09, 04:51:47, 8.78e-13, 6.6e-11
2022-11-09, 04:51:51, 8.71e-13, 6.61e-11
2022-11-09, 04:51:56, 8.46e-13, 6.64e-11
2022-11-09, 04:52:00, 8.94e-13, 6.62e-11
2022-11-09, 04:52:04, 8.54e-13, 6.68e-11
2022-11-09, 04:52:08, 8.87e-13, 6.64e-11
2022-11-09, 04:52:12, 8.29e-13, 6.62e-11
2022-11-09, 04:52:17, 7.31e-13, 6.62e-11
2022-11-09, 04:52:21, 8.17e-13, 6.66e-11
2022-11-09, 04:52:25, 9.69e-13, 6.61e-11
2022-11-09, 04:52:29, 8.86e-13, 6.67e-11
2022-11-09, 04:52:34, 8.53e-13, 6.63e-11
2022-11-09, 04:52:38, 8.02e-13, 6.7e-11
2022-11-09, 04:52:42, 8.85e-13, 6.66e-11
2022-11-09, 04:52:46, 8.73e-13, 6.65e-11
2022-11-09, 04:52:50, 9.88e-13, 6.64e-11
2022-11-09, 04:52:55, 8.58e-13, 6.73e-11
2022-11-09, 04:52:59, 9.2e-13, 6.63e-11
2022-11-09, 04:53:03, 8.64e-13, 6.63e-11
2022-11-09, 04:53:07, 8.47e-13, 6.66e-11
2022-11-09, 04:53:12, 8.62e-13, 6.62e-11
2022-11-09, 04:53:16, 8.22e-13, 6.63e-11
2022-11-09, 04:53:20, 8.31e-13, 6.65e-11
2022-11-09, 04:53:24, 8.49e-13, 6.63e-11
2022-11-09, 04:53:28, 8.39e-13, 6.62e-11
2022-11-09, 04:53:33, 8.9e-13, 6.62e-11
2022-11-09, 04:53:37, 8.58e-13, 6.62e-11
2022-11-09, 04:53:41, 8.55e-13, 6.63e-11
2022-11-09, 04:53:45, 8.73e-13, 6.62e-11
2022-11-09, 04:53:50, 8.94e-13, 6.63e-11
2022-11-09, 04:53:54, 8.37e-13, 6.63e-11
2022-11-09, 04:53:58, 8.44e-13, 6.62e-11
2022-11-09, 04:54:02, 9.69e-13, 6.69e-11
2022-11-09, 04:54:06, 8.58e-13, 6.67e-11
2022-11-09, 04:54:11, 8.52e-13, 6.66e-11
2022-11-09, 04:54:15, 8.37e-13, 6.62e-11
2022-11-09, 04:54:19, 8.69e-13, 6.66e-11
2022-11-09, 04:54:23, 8.23e-13, 6.68e-11
2022-11-09, 04:54:28, 8.45e-13, 6.64e-11
2022-11-09, 04:54:32, 8.32e-13, 6.63e-11
2022-11-09, 04:54:36, 8.87e-13, 6.62e-11
2022-11-09, 04:54:40, 9e-13, 6.65e-11
2022-11-09, 04:54:44, 8.13e-13, 6.64e-11
2022-11-09, 04:54:49, 8.81e-13, 6.59e-11
2022-11-09, 04:54:53, 8.79e-13, 6.63e-11
2022-11-09, 04:54:57, 8.47e-13, 6.63e-11
2022-11-09, 04:55:01, 9.04e-13, 6.61e-11
2022-11-09, 04:55:05, 8.46e-13, 6.61e-11
2022-11-09, 04:55:10, 8.67e-13, 6.63e-11
2022-11-09, 04:55:14, 8.96e-13, 6.63e-11
2022-11-09, 04:55:18, 8.8e-13, 6.62e-11
2022-11-09, 04:55:22, 8.06e-13, 6.63e-11
2022-11-09, 04:55:27, 9.04e-13, 6.64e-11
2022-11-09, 04:55:31, 9.12e-13, 6.62e-11
2022-11-09, 04:55:35, 7.64e-13, 6.64e-11
2022-11-09, 04:55:39, 8.8e-13, 6.66e-11
2022-11-09, 04:55:43, 8.51e-13, 6.64e-11
2022-11-09, 04:55:48, 8.09e-13, 6.63e-11
2022-11-09, 04:55:52, 7.88e-13, 6.62e-11
2022-11-09, 04:55:56, 9.02e-13, 6.63e-11
2022-11-09, 04:56:00, 8.37e-13, 6.69e-11
2022-11-09, 04:56:05, 1.06e-12, 6.67e-11
2022-11-09, 04:56:09, 9.42e-13, 6.65e-11
2022-11-09, 04:56:13, 8.5e-13, 6.67e-11
2022-11-09, 04:56:17, 7.03e-13, 6.66e-11
2022-11-09, 04:56:21, 9.2e-13, 6.66e-11
2022-11-09, 04:56:26, 9.19e-13, 6.66e-11
2022-11-09, 04:56:30, 8.98e-13, 6.66e-11
2022-11-09, 04:56:34, 8.4e-13, 6.69e-11
2022-11-09, 04:56:38, 9.23e-13, 6.66e-11
2022-11-09, 04:56:43, 8.58e-13, 6.66e-11
2022-11-09, 04:56:47, 9.03e-13, 6.69e-11
2022-11-09, 04:56:51, 8.71e-13, 6.67e-11
2022-11-09, 04:56:55, 9.27e-13, 6.67e-11
2022-11-09, 04:56:59, 8.35e-13, 6.67e-11
2022-11-09, 04:57:04, 8.08e-13, 6.65e-11
2022-11-09, 04:57:08, 8.39e-13, 6.66e-11
2022-11-09, 04:57:12, 8.92e-13, 6.64e-11
2022-11-09, 04:57:16, 8.65e-13, 6.66e-11
2022-11-09, 04:57:21, 8.77e-13, 6.67e-11
2022-11-09, 04:57:25, 8.32e-13, 6.71e-11
2022-11-09, 04:57:29, 8.9e-13, 6.66e-11
2022-11-09, 04:57:33, 8.8e-13, 6.67e-11
2022-11-09, 04:57:37, 8.85e-13, 6.68e-11
2022-11-09, 04:57:42, 8.48e-13, 6.69e-11
2022-11-09, 04:57:46, 1.05e-12, 6.68e-11
2022-11-09, 04:57:50, 8.76e-13, 6.67e-11
2022-11-09, 04:57:54, 8.39e-13, 6.67e-11
2022-11-09, 04:57:59, 8.86e-13, 6.66e-11
2022-11-09, 04:58:03, 8.54e-13, 6.69e-11
2022-11-09, 04:58:07, 8.73e-13, 6.66e-11
2022-11-09, 04:58:11, 8.52e-13, 6.66e-11
2022-11-09, 04:58:15, 8.95e-13, 6.67e-11
2022-11-09, 04:58:20, 8.98e-13, 6.66e-11
2022-11-09, 04:58:24, 8.57e-13, 6.67e-11
2022-11-09, 04:58:28, 8.91e-13, 6.67e-11
2022-11-09, 04:58:32, 8.43e-13, 6.65e-11
2022-11-09, 04:58:37, 8.89e-13, 6.68e-11
2022-11-09, 04:58:41, 8.89e-13, 6.66e-11
2022-11-09, 04:58:45, 1e-12, 6.65e-11
2022-11-09, 04:58:49, 7.9e-13, 6.65e-11
2022-11-09, 04:58:53, 9.37e-13, 6.62e-11
2022-11-09, 04:58:58, 8.96e-13, 6.66e-11
2022-11-09, 04:59:02, 8.54e-13, 6.67e-11
2022-11-09, 04:59:06, 8.95e-13, 6.64e-11
2022-11-09, 04:59:10, 8.61e-13, 6.64e-11
2022-11-09, 04:59:14, 8.84e-13, 6.66e-11
2022-11-09, 04:59:19, 8.64e-13, 6.67e-11
2022-11-09, 04:59:23, 8.65e-13, 6.67e-11
2022-11-09, 04:59:27, 8.05e-13, 6.67e-11
2022-11-09, 04:59:31, 9.26e-13, 6.79e-11
2022-11-09, 04:59:36, 8.71e-13, 6.62e-11
2022-11-09, 04:59:40, 7.68e-13, 6.61e-11
2022-11-09, 04:59:44, 8.31e-13, 6.66e-11
2022-11-09, 04:59:48, 8.58e-13, 6.66e-11
2022-11-09, 04:59:52, 8.71e-13, 6.66e-11
2022-11-09, 04:59:57, 8.92e-13, 6.67e-11
2022-11-09, 05:00:01, 8.51e-13, 6.66e-11
2022-11-09, 05:00:05, 8.87e-13, 6.67e-11
2022-11-09, 05:00:09, 8.15e-13, 6.66e-11
2022-11-09, 05:00:14, 8.79e-13, 6.66e-11
2022-11-09, 05:00:18, 8.97e-13, 6.67e-11
2022-11-09, 05:00:22, 8.62e-13, 6.64e-11
2022-11-09, 05:00:26, 8.96e-13, 6.69e-11
2022-11-09, 05:00:30, 9.09e-13, 6.67e-11
2022-11-09, 05:00:35, 8.36e-13, 6.64e-11
2022-11-09, 05:00:39, 8.51e-13, 6.65e-11
2022-11-09, 05:00:43, 8.67e-13, 6.65e-11
2022-11-09, 05:00:47, 8.36e-13, 6.65e-11
2022-11-09, 05:00:52, 8.79e-13, 6.64e-11
2022-11-09, 05:00:56, 8.94e-13, 6.66e-11
2022-11-09, 05:01:00, 8.49e-13, 6.66e-11
2022-11-09, 05:01:04, 8.92e-13, 6.67e-11
2022-11-09, 05:01:08, 8.6e-13, 6.66e-11
2022-11-09, 05:01:13, 8.36e-13, 6.69e-11
2022-11-09, 05:01:17, 8.13e-13, 6.67e-11
2022-11-09, 05:01:21, 8.34e-13, 6.68e-11
2022-11-09, 05:01:25, 8.96e-13, 6.64e-11
2022-11-09, 05:01:30, 7.44e-13, 6.67e-11
2022-11-09, 05:01:34, 8.15e-13, 6.69e-11
2022-11-09, 05:01:38, 9.02e-13, 6.66e-11
2022-11-09, 05:01:42, 8.9e-13, 6.67e-11
2022-11-09, 05:01:46, 8.3e-13, 6.64e-11
2022-11-09, 05:01:51, 8.61e-13, 6.65e-11
2022-11-09, 05:01:55, 8.21e-13, 6.66e-11
2022-11-09, 05:01:59, 8.87e-13, 6.63e-11
2022-11-09, 05:02:03, 8.63e-13, 6.65e-11
2022-11-09, 05:02:08, 8.43e-13, 6.66e-11
2022-11-09, 05:02:12, 8.78e-13, 6.67e-11
2022-11-09, 05:02:16, 8.39e-13, 6.67e-11
2022-11-09, 05:02:20, 9e-13, 6.7e-11
2022-11-09, 05:02:24, 8.83e-13, 6.72e-11
2022-11-09, 05:02:29, 8.3e-13, 6.67e-11
2022-11-09, 05:02:33, 8.7e-13, 6.68e-11
2022-11-09, 05:02:37, 8.77e-13, 6.67e-11
2022-11-09, 05:02:41, 8.31e-13, 6.65e-11
2022-11-09, 05:02:46, 8.64e-13, 6.64e-11
2022-11-09, 05:02:50, 8.48e-13, 6.65e-11
2022-11-09, 05:02:54, 8.74e-13, 6.63e-11
2022-11-09, 05:02:58, 9.12e-13, 6.64e-11
2022-11-09, 05:03:02, 8.3e-13, 6.67e-11
2022-11-09, 05:03:07, 8.82e-13, 6.66e-11
2022-11-09, 05:03:11, 8.93e-13, 6.68e-11
2022-11-09, 05:03:15, 9.44e-13, 6.67e-11
2022-11-09, 05:03:19, 8.06e-13, 6.66e-11
2022-11-09, 05:03:24, 8.58e-13, 6.69e-11
2022-11-09, 05:03:28, 8.91e-13, 6.68e-11
2022-11-09, 05:03:32, 7.27e-13, 6.66e-11
2022-11-09, 05:03:36, 9.01e-13, 6.65e-11
2022-11-09, 05:03:40, 7.89e-13, 6.69e-11
2022-11-09, 05:03:45, 8.68e-13, 6.69e-11
2022-11-09, 05:03:49, 8.68e-13, 6.69e-11
2022-11-09, 05:03:53, 9.17e-13, 6.67e-11
2022-11-09, 05:03:57, 8.44e-13, 6.67e-11
2022-11-09, 05:04:01, 7.95e-13, 6.63e-11
2022-11-09, 05:04:06, 8.77e-13, 6.64e-11
2022-11-09, 05:04:10, 8.73e-13, 6.66e-11
2022-11-09, 05:04:14, 8.53e-13, 6.67e-11
2022-11-09, 05:04:18, 8.34e-13, 6.68e-11
2022-11-09, 05:04:23, 8.52e-13, 6.67e-11
2022-11-09, 05:04:27, 8.67e-13, 6.66e-11
2022-11-09, 05:04:31, 8.37e-13, 6.64e-11
2022-11-09, 05:04:35, 8.88e-13, 6.68e-11
2022-11-09, 05:04:39, 8.84e-13, 6.66e-11
2022-11-09, 05:04:44, 8.43e-13, 6.65e-11
2022-11-09, 05:04:48, 9.56e-13, 6.64e-11
2022-11-09, 05:04:52, 8.26e-13, 6.66e-11
2022-11-09, 05:04:56, 8.25e-13, 6.67e-11
2022-11-09, 05:05:01, 8.36e-13, 6.67e-11
2022-11-09, 05:05:05, 8.41e-13, 6.69e-11
2022-11-09, 05:05:09, 7.86e-13, 6.67e-11
2022-11-09, 05:05:13, 8.38e-13, 6.65e-11
2022-11-09, 05:05:17, 8.43e-13, 6.65e-11
2022-11-09, 05:05:22, 9.73e-13, 6.69e-11
2022-11-09, 05:05:26, 8.15e-13, 6.64e-11
2022-11-09, 05:05:30, 8.59e-13, 6.68e-11
2022-11-09, 05:05:34, 8.74e-13, 6.68e-11
2022-11-09, 05:05:39, 8.56e-13, 6.65e-11
2022-11-09, 05:05:43, 8.42e-13, 6.64e-11
2022-11-09, 05:05:47, 8.52e-13, 6.63e-11
2022-11-09, 05:05:51, 8.87e-13, 6.67e-11
2022-11-09, 05:05:55, 9.2e-13, 6.65e-11
2022-11-09, 05:06:00, 9.17e-13, 6.64e-11
2022-11-09, 05:06:04, 8.72e-13, 6.67e-11
2022-11-09, 05:06:08, 8.42e-13, 6.7e-11
2022-11-09, 05:06:12, 8.64e-13, 6.68e-11
2022-11-09, 05:06:17, 8.79e-13, 6.65e-11
2022-11-09, 05:06:21, 8.56e-13, 6.67e-11
2022-11-09, 05:06:25, 8.28e-13, 6.69e-11
2022-11-09, 05:06:29, 8.67e-13, 6.68e-11
2022-11-09, 05:06:33, 8.01e-13, 6.67e-11
2022-11-09, 05:06:38, 8.14e-13, 6.69e-11
2022-11-09, 05:06:42, 8.78e-13, 6.69e-11
2022-11-09, 05:06:46, 8.73e-13, 6.68e-11
2022-11-09, 05:06:50, 9.49e-13, 6.67e-11
2022-11-09, 05:06:55, 8.44e-13, 6.68e-11
2022-11-09, 05:06:59, 8.57e-13, 6.7e-11
2022-11-09, 05:07:03, 7.96e-13, 6.67e-11
2022-11-09, 05:07:07, 8.89e-13, 6.67e-11
2022-11-09, 05:07:11, 9.06e-13, 6.65e-11
2022-11-09, 05:07:16, 9.88e-13, 6.65e-11
2022-11-09, 05:07:20, 8.69e-13, 6.65e-11
2022-11-09, 05:07:24, 9.39e-13, 6.68e-11
2022-11-09, 05:07:28, 9.69e-13, 6.69e-11
2022-11-09, 05:07:33, 8.42e-13, 6.65e-11
2022-11-09, 05:07:37, 8.88e-13, 6.66e-11
2022-11-09, 05:07:41, 9.36e-13, 6.69e-11
2022-11-09, 05:07:45, 8.41e-13, 6.67e-11
2022-11-09, 05:07:49, 7.52e-13, 6.67e-11
2022-11-09, 05:07:54, 8.76e-13, 6.64e-11
2022-11-09, 05:07:58, 8.93e-13, 6.67e-11
2022-11-09, 05:08:02, 7.96e-13, 6.66e-11
2022-11-09, 05:08:06, 8.4e-13, 6.73e-11
2022-11-09, 05:08:10, 8.32e-13, 6.69e-11
2022-11-09, 05:08:15, 8.84e-13, 6.68e-11
2022-11-09, 05:08:19, 8.51e-13, 6.68e-11
2022-11-09, 05:08:23, 8.61e-13, 6.65e-11
2022-11-09, 05:08:27, 8.61e-13, 6.69e-11
2022-11-09, 05:08:32, 9.04e-13, 6.63e-11
2022-11-09, 05:08:36, 8.79e-13, 6.65e-11
2022-11-09, 05:08:40, 8.71e-13, 6.67e-11
2022-11-09, 05:08:44, 7.89e-13, 6.64e-11
2022-11-09, 05:08:48, 8.56e-13, 6.66e-11
2022-11-09, 05:08:53, 8.76e-13, 6.68e-11
2022-11-09, 05:08:57, 8.38e-13, 6.66e-11
2022-11-09, 05:09:01, 7.52e-13, 6.66e-11
2022-11-09, 05:09:05, 9.8e-13, 6.65e-11
2022-11-09, 05:09:10, 9.03e-13, 6.65e-11
2022-11-09, 05:09:14, 8.28e-13, 6.68e-11
2022-11-09, 05:09:18, 8.28e-13, 6.65e-11
2022-11-09, 05:09:22, 9.07e-13, 6.65e-11
2022-11-09, 05:09:26, 7.46e-13, 6.71e-11
2022-11-09, 05:09:31, 9.04e-13, 6.69e-11
2022-11-09, 05:09:35, 8.25e-13, 6.72e-11
2022-11-09, 05:09:39, 8.74e-13, 6.67e-11
2022-11-09, 05:09:43, 8.64e-13, 6.71e-11
2022-11-09, 05:09:48, 9.16e-13, 6.67e-11
2022-11-09, 05:09:52, 8.04e-13, 6.63e-11
2022-11-09, 05:09:56, 8.9e-13, 6.64e-11
2022-11-09, 05:10:00, 8.35e-13, 6.65e-11
2022-11-09, 05:10:04, 9.26e-13, 6.64e-11
2022-11-09, 05:10:09, 8.59e-13, 6.67e-11
2022-11-09, 05:10:13, 8.39e-13, 6.64e-11
2022-11-09, 05:10:17, 8.55e-13, 6.65e-11
2022-11-09, 05:10:21, 7.98e-13, 6.66e-11
2022-11-09, 05:10:26, 8.07e-13, 6.64e-11
2022-11-09, 05:10:30, 9.21e-13, 7.28e-11
2022-11-09, 05:10:34, 9.24e-13, 7.82e-11
2022-11-09, 05:10:38, 8.65e-13, 8.42e-11
2022-11-09, 05:10:42, 1.06e-12, 8.83e-11
2022-11-09, 05:10:47, 1.06e-12, 8.94e-11
2022-11-09, 05:10:51, 1.12e-12, 8.75e-11
2022-11-09, 05:10:55, 1.03e-12, 8.45e-11
2022-11-09, 05:10:59, 1.19e-12, 8.07e-11
2022-11-09, 05:11:04, 9.83e-13, 7.84e-11
2022-11-09, 05:11:08, 9.82e-13, 7.57e-11
2022-11-09, 05:11:12, 9.62e-13, 7.34e-11
2022-11-09, 05:11:16, 9.54e-13, 7.16e-11
2022-11-09, 05:11:20, 9.19e-13, 7.04e-11
2022-11-09, 05:11:25, 9.34e-13, 6.95e-11
2022-11-09, 05:11:29, 8.85e-13, 6.94e-11
2022-11-09, 05:11:33, 8.81e-13, 6.87e-11
2022-11-09, 05:11:37, 8.16e-13, 6.82e-11
2022-11-09, 05:11:42, 8.87e-13, 6.78e-11
2022-11-09, 05:11:46, 8.88e-13, 6.78e-11
2022-11-09, 05:11:50, 1.06e-12, 6.78e-11
2022-11-09, 05:11:54, 9.13e-13, 6.76e-11
2022-11-09, 05:11:58, 8.14e-13, 6.74e-11
2022-11-09, 05:12:03, 8.8e-13, 6.74e-11
2022-11-09, 05:12:07, 9.05e-13, 6.73e-11
2022-11-09, 05:12:11, 9.39e-13, 6.72e-11
2022-11-09, 05:12:15, 8.33e-13, 6.72e-11
2022-11-09, 05:12:20, 8.9e-13, 6.71e-11
2022-11-09, 05:12:24, 1.01e-12, 6.72e-11
2022-11-09, 05:12:28, 9.07e-13, 6.7e-11
2022-11-09, 05:12:32, 8.65e-13, 6.73e-11
2022-11-09, 05:12:36, 9.17e-13, 6.72e-11
2022-11-09, 05:12:41, 9.53e-13, 6.76e-11
2022-11-09, 05:12:45, 8.44e-13, 6.74e-11
2022-11-09, 05:12:49, 8.71e-13, 6.75e-11
2022-11-09, 05:12:53, 9.08e-13, 6.75e-11
2022-11-09, 05:12:58, 8.69e-13, 6.71e-11
2022-11-09, 05:13:02, 8.52e-13, 6.71e-11
2022-11-09, 05:13:06, 9.03e-13, 6.7e-11
2022-11-09, 05:13:10, 9.3e-13, 6.71e-11
2022-11-09, 05:13:14, 8.77e-13, 6.73e-11
2022-11-09, 05:13:19, 8.39e-13, 6.7e-11
2022-11-09, 05:13:23, 9.5e-13, 6.69e-11
2022-11-09, 05:13:27, 8.47e-13, 6.69e-11
2022-11-09, 05:13:31, 8.71e-13, 6.7e-11
2022-11-09, 05:13:36, 7.98e-13, 6.7e-11
2022-11-09, 05:13:40, 8.67e-13, 6.71e-11
2022-11-09, 05:13:44, 9.71e-13, 6.71e-11
2022-11-09, 05:13:48, 8.88e-13, 6.71e-11
2022-11-09, 05:13:52, 8.88e-13, 6.69e-11
2022-11-09, 05:13:57, 8.4e-13, 6.68e-11
2022-11-09, 05:14:01, 8.21e-13, 6.7e-11
2022-11-09, 05:14:05, 8.7e-13, 6.71e-11
2022-11-09, 05:14:09, 8.97e-13, 6.68e-11
2022-11-09, 05:14:14, 8.35e-13, 6.68e-11
2022-11-09, 05:14:18, 8.42e-13, 6.69e-11
2022-11-09, 05:14:22, 8.5e-13, 6.71e-11
2022-11-09, 05:14:26, 8.6e-13, 6.71e-11
2022-11-09, 05:14:30, 8.78e-13, 6.69e-11
2022-11-09, 05:14:35, 9.21e-13, 6.69e-11
2022-11-09, 05:14:39, 8.23e-13, 6.69e-11
2022-11-09, 05:14:43, 8.61e-13, 6.67e-11
2022-11-09, 05:14:47, 9.7e-13, 6.7e-11
2022-11-09, 05:14:52, 9.27e-13, 6.67e-11
2022-11-09, 05:14:56, 7.71e-13, 6.68e-11
2022-11-09, 05:15:00, 9.26e-13, 6.69e-11
2022-11-09, 05:15:04, 8.99e-13, 6.66e-11
2022-11-09, 05:15:08, 8.6e-13, 6.68e-11
2022-11-09, 05:15:13, 8.3e-13, 6.66e-11
2022-11-09, 05:15:17, 8.95e-13, 6.67e-11
2022-11-09, 05:15:21, 7.88e-13, 6.67e-11
2022-11-09, 05:15:25, 8.5e-13, 6.66e-11
2022-11-09, 05:15:30, 8.21e-13, 6.67e-11
2022-11-09, 05:15:34, 8.79e-13, 6.67e-11
2022-11-09, 05:15:38, 8.68e-13, 6.68e-11
2022-11-09, 05:15:42, 9.04e-13, 6.65e-11
2022-11-09, 05:15:46, 8.26e-13, 6.65e-11
2022-11-09, 05:15:51, 9.38e-13, 6.65e-11
2022-11-09, 05:15:55, 8.86e-13, 6.68e-11
2022-11-09, 05:15:59, 8.24e-13, 6.62e-11
2022-11-09, 05:16:03, 7.82e-13, 6.69e-11
2022-11-09, 05:16:08, 8.67e-13, 6.7e-11
2022-11-09, 05:16:12, 8.09e-13, 6.66e-11
2022-11-09, 05:16:16, 8.54e-13, 6.68e-11
2022-11-09, 05:16:20, 9.28e-13, 6.71e-11
2022-11-09, 05:16:24, 8.44e-13, 6.68e-11
2022-11-09, 05:16:29, 8.29e-13, 6.68e-11
2022-11-09, 05:16:33, 9.46e-13, 6.64e-11
2022-11-09, 05:16:37, 8.52e-13, 6.66e-11
2022-11-09, 05:16:41, 8.39e-13, 6.62e-11
2022-11-09, 05:16:45, 8.59e-13, 6.65e-11
2022-11-09, 05:16:50, 8.81e-13, 6.64e-11
2022-11-09, 05:16:54, 8.46e-13, 6.68e-11
2022-11-09, 05:16:58, 8.86e-13, 6.69e-11
2022-11-09, 05:17:02, 8.49e-13, 6.66e-11
2022-11-09, 05:17:07, 8.26e-13, 6.67e-11
2022-11-09, 05:17:11, 9.09e-13, 6.64e-11
2022-11-09, 05:17:15, 9.42e-13, 6.67e-11
2022-11-09, 05:17:19, 8.94e-13, 6.71e-11
2022-11-09, 05:17:23, 8.51e-13, 6.66e-11
2022-11-09, 05:17:28, 9.41e-13, 6.67e-11
2022-11-09, 05:17:32, 8.52e-13, 6.67e-11
2022-11-09, 05:17:36, 8.75e-13, 6.66e-11
2022-11-09, 05:17:40, 8.42e-13, 6.65e-11
2022-11-09, 05:17:45, 9.15e-13, 6.63e-11
2022-11-09, 05:17:49, 8.56e-13, 6.63e-11
2022-11-09, 05:17:53, 8.19e-13, 6.62e-11
2022-11-09, 05:17:57, 9.24e-13, 6.64e-11
2022-11-09, 05:18:01, 8.83e-13, 6.65e-11
2022-11-09, 05:18:06, 9.12e-13, 6.63e-11
2022-11-09, 05:18:10, 9.16e-13, 6.71e-11
2022-11-09, 05:18:14, 8.64e-13, 6.67e-11
2022-11-09, 05:18:18, 8.65e-13, 6.67e-11
2022-11-09, 05:18:23, 8.26e-13, 6.67e-11
2022-11-09, 05:18:27, 8.28e-13, 6.66e-11
2022-11-09, 05:18:31, 9.13e-13, 6.67e-11
2022-11-09, 05:18:35, 8.13e-13, 6.67e-11
2022-11-09, 05:18:39, 8.7e-13, 6.62e-11
2022-11-09, 05:18:44, 8.3e-13, 6.67e-11
2022-11-09, 05:18:48, 8.37e-13, 6.66e-11
2022-11-09, 05:18:52, 8.67e-13, 6.68e-11
2022-11-09, 05:18:56, 7.96e-13, 6.66e-11
2022-11-09, 05:19:01, 1.01e-12, 6.69e-11
2022-11-09, 05:19:05, 7.68e-13, 6.7e-11
2022-11-09, 05:19:09, 8.65e-13, 6.69e-11
2022-11-09, 05:19:13, 8.52e-13, 6.71e-11
2022-11-09, 05:19:17, 8.76e-13, 6.67e-11
2022-11-09, 05:19:22, 9.03e-13, 6.68e-11
2022-11-09, 05:19:26, 8.46e-13, 6.68e-11
2022-11-09, 05:19:30, 7.63e-13, 6.66e-11
2022-11-09, 05:19:34, 9.92e-13, 6.69e-11
2022-11-09, 05:19:39, 9.71e-13, 6.68e-11
2022-11-09, 05:19:43, 7.99e-13, 6.72e-11
2022-11-09, 05:19:47, 9.25e-13, 6.68e-11
2022-11-09, 05:19:51, 8.91e-13, 6.68e-11
2022-11-09, 05:19:55, 8.14e-13, 6.65e-11
2022-11-09, 05:20:00, 8.31e-13, 6.67e-11
2022-11-09, 05:20:04, 8.14e-13, 6.67e-11
2022-11-09, 05:20:08, 8.57e-13, 6.68e-11
2022-11-09, 05:20:12, 9.53e-13, 6.68e-11
2022-11-09, 05:20:16, 7.97e-13, 6.67e-11
2022-11-09, 05:20:21, 8.84e-13, 6.67e-11
2022-11-09, 05:20:25, 8.33e-13, 6.67e-11
2022-11-09, 05:20:29, 9.42e-13, 6.67e-11
2022-11-09, 05:20:33, 8e-13, 6.69e-11
2022-11-09, 05:20:38, 8.74e-13, 6.71e-11
2022-11-09, 05:20:42, 7.72e-13, 6.69e-11
2022-11-09, 05:20:46, 8.99e-13, 6.69e-11
2022-11-09, 05:20:50, 8.45e-13, 6.68e-11
2022-11-09, 05:20:54, 7.95e-13, 6.67e-11
2022-11-09, 05:20:59, 8.86e-13, 6.67e-11
2022-11-09, 05:21:03, 8.49e-13, 6.69e-11
2022-11-09, 05:21:07, 8.26e-13, 6.69e-11
2022-11-09, 05:21:11, 8.45e-13, 6.66e-11
2022-11-09, 05:21:16, 8.38e-13, 6.7e-11
2022-11-09, 05:21:20, 8.49e-13, 6.7e-11
2022-11-09, 05:21:24, 8.07e-13, 6.66e-11
2022-11-09, 05:21:28, 8.47e-13, 6.67e-11
2022-11-09, 05:21:32, 9.21e-13, 6.72e-11
2022-11-09, 05:21:37, 9.07e-13, 6.69e-11
2022-11-09, 05:21:41, 8.52e-13, 6.68e-11
2022-11-09, 05:21:45, 8.55e-13, 6.68e-11
2022-11-09, 05:21:49, 8.23e-13, 6.62e-11
2022-11-09, 05:21:54, 7.85e-13, 6.69e-11
2022-11-09, 05:21:58, 8.55e-13, 6.7e-11
2022-11-09, 05:22:02, 8.39e-13, 6.68e-11
2022-11-09, 05:22:06, 8.34e-13, 6.71e-11
2022-11-09, 05:22:10, 8.43e-13, 6.7e-11
2022-11-09, 05:22:15, 8.78e-13, 6.69e-11
2022-11-09, 05:22:19, 8.89e-13, 6.69e-11
2022-11-09, 05:22:23, 8.99e-13, 6.71e-11
2022-11-09, 05:22:27, 8.72e-13, 6.7e-11
2022-11-09, 05:22:32, 8.5e-13, 6.7e-11
2022-11-09, 05:22:36, 7.85e-13, 6.68e-11
2022-11-09, 05:22:40, 8.58e-13, 6.71e-11
2022-11-09, 05:22:44, 8.82e-13, 6.7e-11
2022-11-09, 05:22:48, 8.35e-13, 6.69e-11
2022-11-09, 05:22:53, 9.88e-13, 6.71e-11
2022-11-09, 05:22:57, 8.74e-13, 6.73e-11
2022-11-09, 05:23:01, 8.62e-13, 6.72e-11
2022-11-09, 05:23:05, 8.03e-13, 6.66e-11
2022-11-09, 05:23:10, 9.12e-13, 6.7e-11
2022-11-09, 05:23:14, 8.72e-13, 6.66e-11
2022-11-09, 05:23:18, 8.38e-13, 6.67e-11
2022-11-09, 05:23:22, 9.41e-13, 6.67e-11
2022-11-09, 05:23:26, 7.89e-13, 6.68e-11
2022-11-09, 05:23:31, 8.52e-13, 6.67e-11
2022-11-09, 05:23:35, 8.55e-13, 6.66e-11
2022-11-09, 05:23:39, 8.13e-13, 6.65e-11
2022-11-09, 05:23:43, 8.88e-13, 6.66e-11
2022-11-09, 05:23:47, 9.04e-13, 6.68e-11
2022-11-09, 05:23:52, 8.14e-13, 6.7e-11
2022-11-09, 05:23:56, 8.54e-13, 6.64e-11
2022-11-09, 05:24:00, 8.14e-13, 6.68e-11
2022-11-09, 05:24:04, 8.95e-13, 6.66e-11
2022-11-09, 05:24:09, 9.63e-13, 6.63e-11
2022-11-09, 05:24:13, 8.16e-13, 6.66e-11
2022-11-09, 05:24:17, 9.13e-13, 6.66e-11
2022-11-09, 05:24:21, 9.04e-13, 6.68e-11
2022-11-09, 05:24:25, 8.83e-13, 6.68e-11
2022-11-09, 05:24:30, 8.7e-13, 6.71e-11
2022-11-09, 05:24:34, 8.22e-13, 6.64e-11
2022-11-09, 05:24:38, 9.52e-13, 6.7e-11
2022-11-09, 05:24:42, 8.37e-13, 6.73e-11
2022-11-09, 05:24:47, 8.37e-13, 6.66e-11
2022-11-09, 05:24:51, 8.8e-13, 6.66e-11
2022-11-09, 05:24:55, 8.94e-13, 6.66e-11
2022-11-09, 05:24:59, 7.52e-13, 6.67e-11
2022-11-09, 05:25:03, 8.86e-13, 6.67e-11
2022-11-09, 05:25:08, 9.14e-13, 6.72e-11
2022-11-09, 05:25:12, 8.47e-13, 6.67e-11
2022-11-09, 05:25:16, 9.39e-13, 6.69e-11
2022-11-09, 05:25:20, 8.75e-13, 6.66e-11
2022-11-09, 05:25:25, 8.98e-13, 6.64e-11
2022-11-09, 05:25:29, 8.6e-13, 6.67e-11
2022-11-09, 05:25:33, 8.22e-13, 6.64e-11
2022-11-09, 05:25:37, 9.44e-13, 6.64e-11
2022-11-09, 05:25:41, 7.76e-13, 6.65e-11
2022-11-09, 05:25:46, 8.91e-13, 6.65e-11
2022-11-09, 05:25:50, 9.31e-13, 6.66e-11
2022-11-09, 05:25:54, 7.58e-13, 6.66e-11
2022-11-09, 05:25:58, 8.82e-13, 6.65e-11
2022-11-09, 05:26:03, 8.49e-13, 6.65e-11
2022-11-09, 05:26:07, 8.66e-13, 6.68e-11
2022-11-09, 05:26:11, 8.75e-13, 6.72e-11
2022-11-09, 05:26:15, 9.41e-13, 6.71e-11
2022-11-09, 05:26:19, 8.6e-13, 6.69e-11
2022-11-09, 05:26:24, 8.89e-13, 6.69e-11
2022-11-09, 05:26:28, 8.72e-13, 6.68e-11
2022-11-09, 05:26:32, 9.95e-13, 6.66e-11
2022-11-09, 05:26:36, 8.56e-13, 6.66e-11
2022-11-09, 05:26:41, 8.08e-13, 6.64e-11
2022-11-09, 05:26:45, 8.91e-13, 6.64e-11
2022-11-09, 05:26:49, 8.48e-13, 6.64e-11
2022-11-09, 05:26:53, 8.45e-13, 6.65e-11
2022-11-09, 05:26:57, 8.82e-13, 6.66e-11
2022-11-09, 05:27:02, 7.78e-13, 6.66e-11
2022-11-09, 05:27:06, 8.53e-13, 6.68e-11
2022-11-09, 05:27:10, 9.44e-13, 6.64e-11
2022-11-09, 05:27:14, 8.43e-13, 6.75e-11
2022-11-09, 05:27:18, 8.27e-13, 6.66e-11
2022-11-09, 05:27:23, 8.72e-13, 6.67e-11
2022-11-09, 05:27:27, 8.52e-13, 6.69e-11
2022-11-09, 05:27:31, 8.27e-13, 6.68e-11
2022-11-09, 05:27:35, 9.37e-13, 6.7e-11
2022-11-09, 05:27:40, 9.16e-13, 6.72e-11
2022-11-09, 05:27:44, 8.31e-13, 6.74e-11
2022-11-09, 05:27:48, 8.2e-13, 6.68e-11
2022-11-09, 05:27:52, 8.63e-13, 6.7e-11
2022-11-09, 05:27:56, 7.94e-13, 6.67e-11
2022-11-09, 05:28:01, 8.91e-13, 6.67e-11
2022-11-09, 05:28:05, 8.52e-13, 6.64e-11
2022-11-09, 05:28:09, 8.39e-13, 6.69e-11
2022-11-09, 05:28:13, 9.19e-13, 6.68e-11
2022-11-09, 05:28:18, 8.95e-13, 6.67e-11
2022-11-09, 05:28:22, 7.74e-13, 6.67e-11
2022-11-09, 05:28:26, 8.78e-13, 6.68e-11
2022-11-09, 05:28:30, 9.96e-13, 6.68e-11
2022-11-09, 05:28:34, 9.02e-13, 6.66e-11
2022-11-09, 05:28:39, 8.36e-13, 6.65e-11
2022-11-09, 05:28:43, 8.58e-13, 6.67e-11
2022-11-09, 05:28:47, 7.99e-13, 6.66e-11
2022-11-09, 05:28:51, 8.54e-13, 6.65e-11
2022-11-09, 05:28:56, 8.59e-13, 6.62e-11
2022-11-09, 05:29:00, 8.35e-13, 6.66e-11
2022-11-09, 05:29:04, 8.64e-13, 6.67e-11
2022-11-09, 05:29:08, 8.53e-13, 6.68e-11
2022-11-09, 05:29:12, 9.11e-13, 6.67e-11
2022-11-09, 05:29:17, 8.35e-13, 6.66e-11
2022-11-09, 05:29:21, 8.52e-13, 6.67e-11
2022-11-09, 05:29:25, 8.72e-13, 6.68e-11
2022-11-09, 05:29:29, 8.33e-13, 6.65e-11
2022-11-09, 05:29:34, 9.1e-13, 6.64e-11
2022-11-09, 05:29:38, 8.79e-13, 6.72e-11
2022-11-09, 05:29:42, 8.25e-13, 6.7e-11
2022-11-09, 05:29:46, 8.76e-13, 6.68e-11
2022-11-09, 05:29:50, 9.59e-13, 6.73e-11
2022-11-09, 05:29:55, 9.12e-13, 6.69e-11
2022-11-09, 05:29:59, 8.52e-13, 6.68e-11
2022-11-09, 05:30:03, 8.86e-13, 6.69e-11
2022-11-09, 05:30:07, 8.52e-13, 6.71e-11
2022-11-09, 05:30:12, 7.97e-13, 6.67e-11
2022-11-09, 05:30:16, 8.23e-13, 6.68e-11
2022-11-09, 05:30:20, 9.27e-13, 6.72e-11
2022-11-09, 05:30:24, 8.51e-13, 6.68e-11
2022-11-09, 05:30:28, 9.22e-13, 6.72e-11
2022-11-09, 05:30:33, 8.68e-13, 6.69e-11
2022-11-09, 05:30:37, 8.63e-13, 6.7e-11
2022-11-09, 05:30:41, 8.66e-13, 6.7e-11
2022-11-09, 05:30:45, 9.26e-13, 6.68e-11
2022-11-09, 05:30:50, 8.42e-13, 6.71e-11
2022-11-09, 05:30:54, 1.03e-12, 6.68e-11
2022-11-09, 05:30:58, 8.88e-13, 6.74e-11
2022-11-09, 05:31:02, 8.88e-13, 6.81e-11
2022-11-09, 05:31:06, 9.45e-13, 6.64e-11
2022-11-09, 05:31:11, 8.78e-13, 6.67e-11
2022-11-09, 05:31:15, 8.83e-13, 6.69e-11
2022-11-09, 05:31:19, 9e-13, 6.77e-11
2022-11-09, 05:31:23, 8.37e-13, 6.67e-11
2022-11-09, 05:31:28, 8.93e-13, 6.68e-11
2022-11-09, 05:31:32, 8.43e-13, 6.67e-11
2022-11-09, 05:31:36, 8.8e-13, 6.68e-11
2022-11-09, 05:31:40, 8.3e-13, 6.68e-11
2022-11-09, 05:31:44, 8.66e-13, 6.7e-11
2022-11-09, 05:31:49, 8.84e-13, 6.68e-11
2022-11-09, 05:31:53, 8.31e-13, 6.69e-11
2022-11-09, 05:31:57, 8.81e-13, 6.69e-11
2022-11-09, 05:32:01, 8.67e-13, 6.71e-11
2022-11-09, 05:32:06, 8.36e-13, 6.66e-11
2022-11-09, 05:32:10, 8.67e-13, 6.68e-11
2022-11-09, 05:32:14, 8.34e-13, 6.69e-11
2022-11-09, 05:32:18, 8.61e-13, 6.67e-11
2022-11-09, 05:32:22, 8.63e-13, 6.71e-11
2022-11-09, 05:32:27, 8.98e-13, 6.67e-11
2022-11-09, 05:32:31, 8.71e-13, 6.62e-11
2022-11-09, 05:32:35, 8.52e-13, 6.68e-11
2022-11-09, 05:32:39, 8.82e-13, 6.69e-11
2022-11-09, 05:32:44, 8.95e-13, 6.68e-11
2022-11-09, 05:32:48, 8.76e-13, 6.68e-11
2022-11-09, 05:32:52, 7.85e-13, 6.69e-11
2022-11-09, 05:32:56, 8.95e-13, 6.71e-11
2022-11-09, 05:33:00, 8.69e-13, 6.7e-11
2022-11-09, 05:33:05, 8.57e-13, 6.69e-11
2022-11-09, 05:33:09, 7.94e-13, 6.69e-11
2022-11-09, 05:33:13, 8.43e-13, 6.67e-11
2022-11-09, 05:33:17, 8.61e-13, 6.7e-11
2022-11-09, 05:33:21, 8.67e-13, 6.7e-11
2022-11-09, 05:33:26, 8.5e-13, 6.7e-11
2022-11-09, 05:33:30, 8.98e-13, 6.69e-11
2022-11-09, 05:33:34, 9.98e-13, 6.68e-11
2022-11-09, 05:33:38, 8.94e-13, 6.71e-11
2022-11-09, 05:33:43, 8.7e-13, 6.71e-11
2022-11-09, 05:33:47, 8.26e-13, 6.69e-11
2022-11-09, 05:33:51, 8.5e-13, 6.73e-11
2022-11-09, 05:33:55, 8.52e-13, 6.69e-11
2022-11-09, 05:33:59, 9.19e-13, 6.7e-11
2022-11-09, 05:34:04, 7.99e-13, 6.71e-11
2022-11-09, 05:34:08, 9.62e-13, 6.71e-11
2022-11-09, 05:34:12, 9.09e-13, 6.72e-11
2022-11-09, 05:34:16, 8.37e-13, 6.68e-11
2022-11-09, 05:34:21, 9.08e-13, 6.69e-11
2022-11-09, 05:34:25, 8.9e-13, 6.71e-11
2022-11-09, 05:34:29, 8.19e-13, 6.7e-11
2022-11-09, 05:34:33, 8.45e-13, 6.73e-11
2022-11-09, 05:34:37, 9.03e-13, 6.69e-11
2022-11-09, 05:34:42, 8.36e-13, 6.73e-11
2022-11-09, 05:34:46, 9.09e-13, 6.72e-11
2022-11-09, 05:34:50, 9.18e-13, 6.69e-11
2022-11-09, 05:34:54, 9.21e-13, 6.71e-11
2022-11-09, 05:34:59, 9.05e-13, 6.73e-11
2022-11-09, 05:35:03, 8.84e-13, 6.72e-11
2022-11-09, 05:35:07, 7.9e-13, 6.67e-11
2022-11-09, 05:35:11, 1.02e-12, 6.68e-11
2022-11-09, 05:35:15, 8.51e-13, 6.66e-11
2022-11-09, 05:35:20, 8.91e-13, 6.66e-11
2022-11-09, 05:35:24, 8.21e-13, 6.7e-11
2022-11-09, 05:35:28, 8.86e-13, 6.72e-11
2022-11-09, 05:35:32, 8.52e-13, 6.71e-11
2022-11-09, 05:35:37, 8.72e-13, 6.68e-11
2022-11-09, 05:35:41, 8.03e-13, 6.66e-11
2022-11-09, 05:35:45, 8.56e-13, 6.7e-11
2022-11-09, 05:35:49, 8.77e-13, 6.67e-11
2022-11-09, 05:35:53, 8.63e-13, 6.68e-11
2022-11-09, 05:35:58, 8.53e-13, 6.7e-11
2022-11-09, 05:36:02, 8.02e-13, 6.68e-11
2022-11-09, 05:36:06, 8.61e-13, 6.71e-11
2022-11-09, 05:36:10, 8.29e-13, 6.73e-11
2022-11-09, 05:36:15, 8.37e-13, 6.71e-11
2022-11-09, 05:36:19, 8.86e-13, 6.69e-11
2022-11-09, 05:36:23, 9.14e-13, 6.7e-11
2022-11-09, 05:36:27, 8.91e-13, 6.69e-11
2022-11-09, 05:36:31, 8.51e-13, 6.68e-11
2022-11-09, 05:36:36, 8.2e-13, 6.68e-11
2022-11-09, 05:36:40, 8.04e-13, 6.7e-11
2022-11-09, 05:36:44, 6.89e-13, 6.68e-11
2022-11-09, 05:36:48, 8.32e-13, 6.7e-11
2022-11-09, 05:36:52, 8.76e-13, 6.66e-11
2022-11-09, 05:36:57, 8.47e-13, 6.67e-11
2022-11-09, 05:37:01, 8.52e-13, 6.68e-11
2022-11-09, 05:37:05, 8.66e-13, 6.67e-11
2022-11-09, 05:37:09, 8.87e-13, 6.72e-11
2022-11-09, 05:37:14, 8.52e-13, 6.73e-11
2022-11-09, 05:37:18, 8.9e-13, 6.69e-11
2022-11-09, 05:37:22, 8.86e-13, 6.72e-11
2022-11-09, 05:37:26, 8.95e-13, 6.68e-11
2022-11-09, 05:37:30, 7.66e-13, 6.66e-11
2022-11-09, 05:37:35, 8.86e-13, 6.66e-11
2022-11-09, 05:37:39, 8.84e-13, 6.7e-11
2022-11-09, 05:37:43, 9.67e-13, 6.66e-11
2022-11-09, 05:37:47, 8.64e-13, 6.69e-11
2022-11-09, 05:37:52, 8.61e-13, 6.68e-11
2022-11-09, 05:37:56, 8.54e-13, 6.68e-11
2022-11-09, 05:38:00, 8.67e-13, 6.67e-11
2022-11-09, 05:38:04, 9.17e-13, 6.64e-11
2022-11-09, 05:38:09, 8.63e-13, 6.65e-11
2022-11-09, 05:38:13, 8.57e-13, 6.67e-11
2022-11-09, 05:38:17, 8.34e-13, 6.66e-11
2022-11-09, 05:38:21, 9.2e-13, 6.65e-11
2022-11-09, 05:38:25, 8.88e-13, 6.68e-11
2022-11-09, 05:38:30, 8.71e-13, 6.66e-11
2022-11-09, 05:38:34, 8.5e-13, 6.65e-11
2022-11-09, 05:38:38, 8.33e-13, 6.66e-11
2022-11-09, 05:38:42, 8.49e-13, 6.67e-11
2022-11-09, 05:38:46, 8.18e-13, 6.69e-11
2022-11-09, 05:38:51, 8.58e-13, 6.68e-11
2022-11-09, 05:38:55, 8.78e-13, 6.67e-11
2022-11-09, 05:38:59, 8.42e-13, 6.65e-11
2022-11-09, 05:39:03, 8.66e-13, 6.68e-11
2022-11-09, 05:39:08, 8.95e-13, 6.72e-11
2022-11-09, 05:39:12, 9.35e-13, 6.68e-11
2022-11-09, 05:39:16, 8.13e-13, 6.73e-11
2022-11-09, 05:39:20, 8.77e-13, 6.7e-11
2022-11-09, 05:39:24, 8.35e-13, 6.7e-11
2022-11-09, 05:39:29, 8.73e-13, 6.72e-11
2022-11-09, 05:39:33, 7.2e-13, 6.67e-11
2022-11-09, 05:39:37, 7.87e-13, 6.7e-11
2022-11-09, 05:39:41, 8.69e-13, 6.68e-11
2022-11-09, 05:39:46, 8.61e-13, 6.69e-11
2022-11-09, 05:39:50, 8.56e-13, 6.69e-11
2022-11-09, 05:39:54, 8.65e-13, 6.67e-11
2022-11-09, 05:39:58, 8.76e-13, 6.71e-11
2022-11-09, 05:40:02, 8.57e-13, 6.67e-11
2022-11-09, 05:40:07, 8.73e-13, 6.67e-11
2022-11-09, 05:40:11, 8.91e-13, 6.67e-11
2022-11-09, 05:40:15, 8.89e-13, 6.68e-11
2022-11-09, 05:40:19, 8.51e-13, 6.67e-11
2022-11-09, 05:40:24, 8.86e-13, 6.69e-11
2022-11-09, 05:40:28, 9.69e-13, 6.68e-11
2022-11-09, 05:40:32, 8.47e-13, 6.64e-11
2022-11-09, 05:40:36, 8.82e-13, 6.69e-11
2022-11-09, 05:40:40, 8.92e-13, 6.69e-11
2022-11-09, 05:40:45, 8.92e-13, 6.69e-11
2022-11-09, 05:40:49, 8.16e-13, 6.69e-11
2022-11-09, 05:40:53, 8.77e-13, 6.69e-11
2022-11-09, 05:40:57, 9.01e-13, 6.66e-11
2022-11-09, 05:41:02, 8.76e-13, 6.71e-11
2022-11-09, 05:41:06, 8.83e-13, 6.69e-11
2022-11-09, 05:41:10, 9.72e-13, 6.72e-11
2022-11-09, 05:41:14, 9.18e-13, 6.66e-11
2022-11-09, 05:41:18, 8.63e-13, 6.63e-11
2022-11-09, 05:41:23, 8.74e-13, 6.67e-11
2022-11-09, 05:41:27, 8.22e-13, 6.67e-11
2022-11-09, 05:41:31, 8.47e-13, 6.67e-11
2022-11-09, 05:41:35, 7.87e-13, 6.7e-11
2022-11-09, 05:41:40, 8.29e-13, 6.71e-11
2022-11-09, 05:41:44, 8.58e-13, 6.68e-11
2022-11-09, 05:41:48, 9.26e-13, 6.71e-11
2022-11-09, 05:41:52, 9.44e-13, 6.69e-11
2022-11-09, 05:41:56, 9.49e-13, 6.66e-11
2022-11-09, 05:42:01, 8.52e-13, 6.63e-11
2022-11-09, 05:42:05, 9.22e-13, 6.65e-11
2022-11-09, 05:42:09, 9.68e-13, 6.65e-11
2022-11-09, 05:42:13, 7.98e-13, 6.65e-11
2022-11-09, 05:42:17, 8.12e-13, 6.7e-11
2022-11-09, 05:42:22, 8.48e-13, 6.69e-11
2022-11-09, 05:42:26, 7.95e-13, 6.69e-11
2022-11-09, 05:42:30, 8.17e-13, 6.69e-11
2022-11-09, 05:42:34, 8.28e-13, 6.68e-11
2022-11-09, 05:42:39, 8.79e-13, 6.67e-11
2022-11-09, 05:42:43, 8.64e-13, 6.68e-11
2022-11-09, 05:42:47, 8.52e-13, 6.68e-11
2022-11-09, 05:42:51, 8.26e-13, 6.69e-11
2022-11-09, 05:42:55, 8.07e-13, 6.68e-11
2022-11-09, 05:43:00, 8.29e-13, 6.67e-11
2022-11-09, 05:43:04, 8.92e-13, 6.67e-11
2022-11-09, 05:43:08, 8.61e-13, 6.69e-11
2022-11-09, 05:43:12, 7.22e-13, 6.7e-11
2022-11-09, 05:43:17, 9.28e-13, 6.71e-11
2022-11-09, 05:43:21, 8.84e-13, 6.7e-11
2022-11-09, 05:43:25, 8.65e-13, 6.74e-11
2022-11-09, 05:43:29, 8.72e-13, 6.7e-11
2022-11-09, 05:43:33, 8.22e-13, 6.68e-11
2022-11-09, 05:43:38, 8.46e-13, 6.69e-11
2022-11-09, 05:43:42, 8.74e-13, 6.68e-11
2022-11-09, 05:43:46, 1.05e-12, 6.68e-11
2022-11-09, 05:43:50, 9.47e-13, 6.67e-11
2022-11-09, 05:43:55, 8.96e-13, 6.69e-11
2022-11-09, 05:43:59, 8.54e-13, 6.78e-11
2022-11-09, 05:44:03, 8.13e-13, 6.7e-11
2022-11-09, 05:44:07, 8.59e-13, 6.66e-11
2022-11-09, 05:44:11, 8.38e-13, 6.71e-11
2022-11-09, 05:44:16, 8.43e-13, 6.7e-11
2022-11-09, 05:44:20, 8.25e-13, 6.71e-11
2022-11-09, 05:44:24, 9.07e-13, 6.7e-11
2022-11-09, 05:44:28, 8.71e-13, 6.71e-11
2022-11-09, 05:44:33, 8.63e-13, 6.7e-11
2022-11-09, 05:44:37, 9.34e-13, 6.67e-11
2022-11-09, 05:44:41, 8.54e-13, 6.67e-11
2022-11-09, 05:44:45, 8.48e-13, 6.64e-11
2022-11-09, 05:44:49, 8.61e-13, 6.64e-11
2022-11-09, 05:44:54, 8.82e-13, 6.66e-11
2022-11-09, 05:44:58, 8.7e-13, 6.67e-11
2022-11-09, 05:45:02, 8.48e-13, 6.63e-11
2022-11-09, 05:45:06, 8.75e-13, 6.7e-11
2022-11-09, 05:45:11, 8.56e-13, 6.71e-11
2022-11-09, 05:45:15, 7.49e-13, 6.63e-11
2022-11-09, 05:45:19, 8.73e-13, 6.67e-11
2022-11-09, 05:45:23, 8.04e-13, 6.65e-11
2022-11-09, 05:45:27, 8.68e-13, 6.66e-11
2022-11-09, 05:45:32, 8.77e-13, 6.66e-11
2022-11-09, 05:45:36, 8.72e-13, 6.66e-11
2022-11-09, 05:45:40, 8.3e-13, 6.68e-11
2022-11-09, 05:45:44, 8.67e-13, 6.66e-11
2022-11-09, 05:45:49, 8.48e-13, 6.66e-11
2022-11-09, 05:45:53, 8.56e-13, 6.64e-11
2022-11-09, 05:45:57, 8.75e-13, 6.66e-11
2022-11-09, 05:46:01, 9.2e-13, 6.66e-11
2022-11-09, 05:46:05, 9.07e-13, 6.77e-11
2022-11-09, 05:46:10, 8.64e-13, 6.64e-11
2022-11-09, 05:46:14, 8.98e-13, 6.63e-11
2022-11-09, 05:46:18, 8.58e-13, 6.65e-11
2022-11-09, 05:46:22, 8.57e-13, 6.65e-11
2022-11-09, 05:46:26, 7.99e-13, 6.66e-11
2022-11-09, 05:46:31, 8.68e-13, 6.65e-11
2022-11-09, 05:46:35, 8.89e-13, 6.63e-11
2022-11-09, 05:46:39, 8.76e-13, 6.62e-11
2022-11-09, 05:46:43, 7.83e-13, 6.68e-11
2022-11-09, 05:46:48, 8.63e-13, 6.66e-11
2022-11-09, 05:46:52, 8.75e-13, 6.65e-11
2022-11-09, 05:46:56, 8.23e-13, 6.64e-11
2022-11-09, 05:47:00, 8.74e-13, 6.61e-11
2022-11-09, 05:47:04, 8.11e-13, 6.64e-11
2022-11-09, 05:47:09, 8.84e-13, 6.66e-11
2022-11-09, 05:47:13, 8.39e-13, 6.63e-11
2022-11-09, 05:47:17, 8.6e-13, 6.66e-11
2022-11-09, 05:47:21, 8.91e-13, 6.63e-11
2022-11-09, 05:47:26, 9.37e-13, 6.63e-11
2022-11-09, 05:47:30, 9.09e-13, 6.65e-11
2022-11-09, 05:47:34, 8.27e-13, 6.67e-11
2022-11-09, 05:47:38, 8.61e-13, 6.7e-11
2022-11-09, 05:47:42, 9.08e-13, 6.68e-11
2022-11-09, 05:47:47, 8.31e-13, 6.69e-11
2022-11-09, 05:47:51, 8.46e-13, 6.7e-11
2022-11-09, 05:47:55, 8.68e-13, 6.7e-11
2022-11-09, 05:47:59, 8.43e-13, 6.66e-11
2022-11-09, 05:48:04, 8.33e-13, 6.64e-11
2022-11-09, 05:48:08, 8.62e-13, 6.65e-11
2022-11-09, 05:48:12, 8.92e-13, 6.7e-11
2022-11-09, 05:48:16, 8.9e-13, 6.69e-11
2022-11-09, 05:48:20, 8.76e-13, 6.64e-11
2022-11-09, 05:48:25, 8.26e-13, 6.68e-11
2022-11-09, 05:48:29, 8.77e-13, 6.68e-11
2022-11-09, 05:48:33, 8.08e-13, 6.67e-11
2022-11-09, 05:48:37, 8.56e-13, 6.66e-11
2022-11-09, 05:48:42, 8.47e-13, 6.66e-11
2022-11-09, 05:48:46, 8.47e-13, 6.68e-11
2022-11-09, 05:48:50, 8.53e-13, 6.66e-11
2022-11-09, 05:48:54, 8.36e-13, 6.67e-11
2022-11-09, 05:48:58, 8.88e-13, 6.67e-11
2022-11-09, 05:49:03, 8.46e-13, 6.64e-11
2022-11-09, 05:49:07, 1.06e-12, 6.64e-11
2022-11-09, 05:49:11, 9.1e-13, 6.65e-11
2022-11-09, 05:49:15, 8.58e-13, 6.66e-11
2022-11-09, 05:49:20, 8.48e-13, 6.65e-11
2022-11-09, 05:49:24, 8.5e-13, 6.67e-11
2022-11-09, 05:49:28, 1.03e-12, 6.64e-11
2022-11-09, 05:49:32, 8.88e-13, 6.66e-11
2022-11-09, 05:49:36, 8.82e-13, 6.65e-11
2022-11-09, 05:49:41, 9.11e-13, 6.67e-11
2022-11-09, 05:49:45, 8.56e-13, 6.63e-11
2022-11-09, 05:49:49, 8.49e-13, 6.63e-11
2022-11-09, 05:49:53, 8.77e-13, 6.64e-11
2022-11-09, 05:49:58, 8.72e-13, 6.63e-11
2022-11-09, 05:50:02, 8.3e-13, 6.63e-11
2022-11-09, 05:50:06, 8.76e-13, 6.63e-11
2022-11-09, 05:50:10, 8.5e-13, 6.66e-11
2022-11-09, 05:50:14, 8.41e-13, 6.65e-11
2022-11-09, 05:50:19, 8.77e-13, 6.66e-11
2022-11-09, 05:50:23, 8.59e-13, 6.65e-11
2022-11-09, 05:50:27, 9.12e-13, 6.66e-11
2022-11-09, 05:50:31, 8.36e-13, 6.68e-11
2022-11-09, 05:50:35, 9.82e-13, 6.8e-11
2022-11-09, 05:50:40, 9.78e-13, 6.71e-11
2022-11-09, 05:50:44, 8.62e-13, 6.65e-11
2022-11-09, 05:50:48, 8.75e-13, 6.66e-11
2022-11-09, 05:50:52, 9.04e-13, 6.66e-11
2022-11-09, 05:50:57, 8.5e-13, 6.65e-11
2022-11-09, 05:51:01, 7.89e-13, 6.65e-11
2022-11-09, 05:51:05, 7.52e-13, 6.67e-11
2022-11-09, 05:51:09, 8.92e-13, 6.68e-11
2022-11-09, 05:51:13, 8.99e-13, 6.64e-11
2022-11-09, 05:51:18, 8.9e-13, 6.67e-11
2022-11-09, 05:51:22, 8.15e-13, 6.68e-11
2022-11-09, 05:51:26, 8.03e-13, 6.65e-11
2022-11-09, 05:51:30, 7.72e-13, 6.66e-11
2022-11-09, 05:51:35, 8.54e-13, 6.65e-11
2022-11-09, 05:51:39, 8.36e-13, 6.67e-11
2022-11-09, 05:51:43, 1.09e-12, 6.64e-11
2022-11-09, 05:51:47, 8.47e-13, 6.65e-11
2022-11-09, 05:51:51, 7.85e-13, 6.67e-11
2022-11-09, 05:51:56, 8.5e-13, 6.68e-11
2022-11-09, 05:52:00, 8.43e-13, 6.69e-11
2022-11-09, 05:52:04, 8.31e-13, 6.74e-11
2022-11-09, 05:52:08, 8.74e-13, 6.67e-11
2022-11-09, 05:52:13, 8.82e-13, 6.69e-11
2022-11-09, 05:52:17, 9.35e-13, 6.67e-11
2022-11-09, 05:52:21, 8.05e-13, 6.69e-11
2022-11-09, 05:52:25, 8.77e-13, 6.68e-11
2022-11-09, 05:52:29, 8.38e-13, 6.67e-11
2022-11-09, 05:52:34, 9.67e-13, 6.67e-11
2022-11-09, 05:52:38, 8.66e-13, 6.66e-11
2022-11-09, 05:52:42, 8.37e-13, 6.68e-11
2022-11-09, 05:52:46, 8.83e-13, 6.69e-11
2022-11-09, 05:52:51, 8.25e-13, 6.67e-11
2022-11-09, 05:52:55, 8.74e-13, 6.66e-11
2022-11-09, 05:52:59, 9.34e-13, 6.66e-11
2022-11-09, 05:53:03, 8.95e-13, 6.65e-11
2022-11-09, 05:53:07, 8.2e-13, 6.67e-11
2022-11-09, 05:53:12, 8.65e-13, 6.67e-11
2022-11-09, 05:53:16, 8.62e-13, 6.65e-11
2022-11-09, 05:53:20, 8.49e-13, 6.67e-11
2022-11-09, 05:53:24, 8.68e-13, 6.65e-11
2022-11-09, 05:53:29, 8.92e-13, 6.67e-11
2022-11-09, 05:53:33, 8.57e-13, 6.68e-11
2022-11-09, 05:53:37, 8.35e-13, 6.68e-11
2022-11-09, 05:53:41, 8.31e-13, 6.67e-11
2022-11-09, 05:53:45, 8.8e-13, 6.64e-11
2022-11-09, 05:53:50, 8.33e-13, 6.68e-11
2022-11-09, 05:53:54, 8.39e-13, 6.65e-11
2022-11-09, 05:53:58, 8.82e-13, 6.69e-11
2022-11-09, 05:54:02, 8.39e-13, 6.64e-11
2022-11-09, 05:54:07, 8.86e-13, 6.73e-11
2022-11-09, 05:54:11, 8.34e-13, 6.67e-11
2022-11-09, 05:54:15, 8.97e-13, 6.67e-11
2022-11-09, 05:54:19, 8.56e-13, 6.67e-11
2022-11-09, 05:54:23, 7.96e-13, 6.68e-11
2022-11-09, 05:54:28, 8.09e-13, 6.69e-11
2022-11-09, 05:54:32, 8.33e-13, 6.65e-11
2022-11-09, 05:54:36, 8.12e-13, 6.66e-11
2022-11-09, 05:54:40, 8.48e-13, 6.69e-11
2022-11-09, 05:54:45, 9.36e-13, 6.7e-11
2022-11-09, 05:54:49, 8.44e-13, 6.71e-11
2022-11-09, 05:54:53, 9.75e-13, 6.7e-11
2022-11-09, 05:54:57, 8.44e-13, 6.68e-11
2022-11-09, 05:55:01, 8.86e-13, 6.68e-11
2022-11-09, 05:55:06, 8.55e-13, 6.67e-11
2022-11-09, 05:55:10, 8.4e-13, 6.78e-11
2022-11-09, 05:55:14, 8.63e-13, 6.72e-11
2022-11-09, 05:55:18, 8.37e-13, 6.65e-11
2022-11-09, 05:55:22, 8.86e-13, 6.7e-11
2022-11-09, 05:55:27, 8.66e-13, 6.7e-11
2022-11-09, 05:55:31, 7.7e-13, 6.69e-11
2022-11-09, 05:55:35, 8.4e-13, 6.66e-11
2022-11-09, 05:55:39, 8.63e-13, 6.68e-11
2022-11-09, 05:55:44, 8.34e-13, 6.79e-11
2022-11-09, 05:55:48, 8.46e-13, 6.69e-11
2022-11-09, 05:55:52, 9.16e-13, 6.67e-11
2022-11-09, 05:55:56, 8.57e-13, 6.71e-11
2022-11-09, 05:56:00, 7.2e-13, 6.69e-11
2022-11-09, 05:56:05, 9.04e-13, 6.68e-11
2022-11-09, 05:56:09, 9.16e-13, 6.66e-11
2022-11-09, 05:56:13, 9.11e-13, 6.68e-11
2022-11-09, 05:56:17, 8.99e-13, 6.67e-11
2022-11-09, 05:56:22, 8.14e-13, 6.71e-11
2022-11-09, 05:56:26, 9.12e-13, 6.73e-11
2022-11-09, 05:56:30, 1.01e-12, 6.7e-11
2022-11-09, 05:56:34, 7.86e-13, 6.72e-11
2022-11-09, 05:56:38, 8.46e-13, 6.71e-11
2022-11-09, 05:56:43, 8.67e-13, 6.67e-11
2022-11-09, 05:56:47, 9.26e-13, 6.68e-11
2022-11-09, 05:56:51, 8.2e-13, 6.73e-11
2022-11-09, 05:56:55, 8.23e-13, 6.71e-11
2022-11-09, 05:57:00, 8.64e-13, 6.68e-11
2022-11-09, 05:57:04, 9.02e-13, 6.67e-11
2022-11-09, 05:57:08, 8.58e-13, 6.7e-11
2022-11-09, 05:57:12, 8.89e-13, 6.66e-11
2022-11-09, 05:57:16, 8.7e-13, 6.66e-11
2022-11-09, 05:57:21, 8.62e-13, 6.67e-11
2022-11-09, 05:57:25, 8.2e-13, 6.67e-11
2022-11-09, 05:57:29, 8.38e-13, 6.7e-11
2022-11-09, 05:57:33, 8.56e-13, 6.67e-11
2022-11-09, 05:57:38, 8.41e-13, 6.68e-11
2022-11-09, 05:57:42, 8.67e-13, 6.66e-11
2022-11-09, 05:57:46, 8.51e-13, 6.68e-11
2022-11-09, 05:57:50, 8.05e-13, 6.67e-11
2022-11-09, 05:57:54, 8.25e-13, 6.71e-11
2022-11-09, 05:57:59, 8.37e-13, 6.67e-11
2022-11-09, 05:58:03, 8.51e-13, 6.69e-11
2022-11-09, 05:58:07, 7.29e-13, 6.71e-11
2022-11-09, 05:58:11, 8.78e-13, 6.69e-11
2022-11-09, 05:58:16, 8.5e-13, 6.67e-11
2022-11-09, 05:58:20, 9.13e-13, 6.69e-11
2022-11-09, 05:58:24, 9.6e-13, 6.7e-11
2022-11-09, 05:58:28, 8.88e-13, 6.71e-11
2022-11-09, 05:58:32, 8.08e-13, 6.7e-11
2022-11-09, 05:58:37, 8.67e-13, 6.74e-11
2022-11-09, 05:58:41, 8.4e-13, 6.72e-11
2022-11-09, 05:58:45, 9.3e-13, 6.69e-11
2022-11-09, 05:58:49, 8.71e-13, 6.69e-11
2022-11-09, 05:58:53, 8.36e-13, 6.69e-11
2022-11-09, 05:58:58, 8.58e-13, 6.7e-11
2022-11-09, 05:59:02, 8.25e-13, 6.71e-11
2022-11-09, 05:59:06, 8.27e-13, 6.72e-11
2022-11-09, 05:59:10, 8.44e-13, 6.71e-11
2022-11-09, 05:59:15, 8.43e-13, 6.68e-11
2022-11-09, 05:59:19, 8.99e-13, 6.74e-11
2022-11-09, 05:59:23, 9.09e-13, 6.71e-11
2022-11-09, 05:59:27, 8.81e-13, 6.68e-11
2022-11-09, 05:59:31, 8.3e-13, 6.69e-11
2022-11-09, 05:59:36, 8.89e-13, 6.65e-11
2022-11-09, 05:59:40, 8.19e-13, 6.68e-11
2022-11-09, 05:59:44, 8.81e-13, 6.7e-11
2022-11-09, 05:59:48, 9.02e-13, 6.67e-11
2022-11-09, 05:59:53, 8.01e-13, 6.69e-11
2022-11-09, 05:59:57, 8.96e-13, 6.7e-11
2022-11-09, 06:00:01, 8.46e-13, 6.7e-11
2022-11-09, 06:00:05, 9.03e-13, 6.7e-11
2022-11-09, 06:00:09, 8.42e-13, 6.67e-11
2022-11-09, 06:00:14, 9.61e-13, 6.68e-11
2022-11-09, 06:00:18, 8.65e-13, 6.7e-11
2022-11-09, 06:00:22, 8.86e-13, 6.64e-11
2022-11-09, 06:00:26, 8.62e-13, 6.7e-11
2022-11-09, 06:00:31, 7.92e-13, 6.69e-11
2022-11-09, 06:00:35, 8.67e-13, 6.68e-11
2022-11-09, 06:00:39, 8.62e-13, 6.72e-11
2022-11-09, 06:00:43, 8.28e-13, 6.63e-11
2022-11-09, 06:00:47, 8.97e-13, 6.7e-11
2022-11-09, 06:00:52, 8.35e-13, 6.73e-11
2022-11-09, 06:00:56, 7.7e-13, 6.71e-11
2022-11-09, 06:01:00, 9.48e-13, 6.69e-11
2022-11-09, 06:01:04, 8.56e-13, 6.78e-11
2022-11-09, 06:01:09, 8.63e-13, 6.73e-11
2022-11-09, 06:01:13, 8.62e-13, 6.71e-11
2022-11-09, 06:01:17, 8.69e-13, 6.71e-11
2022-11-09, 06:01:21, 8.66e-13, 6.71e-11
2022-11-09, 06:01:25, 8.63e-13, 6.67e-11
2022-11-09, 06:01:30, 8.86e-13, 6.69e-11
2022-11-09, 06:01:34, 9.55e-13, 6.7e-11
2022-11-09, 06:01:38, 9.04e-13, 6.68e-11
2022-11-09, 06:01:42, 8.62e-13, 6.71e-11
2022-11-09, 06:01:47, 8.58e-13, 6.67e-11
2022-11-09, 06:01:51, 8.6e-13, 6.67e-11
2022-11-09, 06:01:55, 8.59e-13, 6.68e-11
2022-11-09, 06:01:59, 9.05e-13, 6.66e-11
2022-11-09, 06:02:03, 9e-13, 6.67e-11
2022-11-09, 06:02:08, 8.97e-13, 6.68e-11
2022-11-09, 06:02:12, 8.84e-13, 6.71e-11
2022-11-09, 06:02:16, 9.37e-13, 6.69e-11
2022-11-09, 06:02:20, 8.49e-13, 6.71e-11
2022-11-09, 06:02:25, 9.27e-13, 6.68e-11
2022-11-09, 06:02:29, 8.65e-13, 6.7e-11
2022-11-09, 06:02:33, 8.03e-13, 6.7e-11
2022-11-09, 06:02:37, 8.19e-13, 6.68e-11
2022-11-09, 06:02:41, 8.84e-13, 6.69e-11
2022-11-09, 06:02:46, 8.08e-13, 6.78e-11
2022-11-09, 06:02:50, 8.57e-13, 6.83e-11
2022-11-09, 06:02:54, 8.33e-13, 6.71e-11
2022-11-09, 06:02:58, 8.94e-13, 6.7e-11
2022-11-09, 06:03:03, 8.5e-13, 6.68e-11
2022-11-09, 06:03:07, 8.87e-13, 6.7e-11
2022-11-09, 06:03:11, 1.03e-12, 6.68e-11
2022-11-09, 06:03:15, 8.67e-13, 6.69e-11
2022-11-09, 06:03:19, 8.51e-13, 6.71e-11
2022-11-09, 06:03:24, 8.47e-13, 6.68e-11
2022-11-09, 06:03:28, 8.57e-13, 6.69e-11
2022-11-09, 06:03:32, 8.96e-13, 6.72e-11
2022-11-09, 06:03:36, 9.02e-13, 6.7e-11
2022-11-09, 06:03:41, 8.4e-13, 6.63e-11
2022-11-09, 06:03:45, 8.55e-13, 6.67e-11
2022-11-09, 06:03:49, 8.75e-13, 6.7e-11
2022-11-09, 06:03:53, 8.49e-13, 6.66e-11
2022-11-09, 06:03:57, 9.08e-13, 6.66e-11
2022-11-09, 06:04:02, 8.69e-13, 6.67e-11
2022-11-09, 06:04:06, 8.54e-13, 6.73e-11
2022-11-09, 06:04:10, 8.75e-13, 6.73e-11
2022-11-09, 06:04:14, 9.33e-13, 6.72e-11
2022-11-09, 06:04:19, 9.88e-13, 6.71e-11
2022-11-09, 06:04:23, 9.7e-13, 6.66e-11
2022-11-09, 06:04:27, 8.53e-13, 6.67e-11
2022-11-09, 06:04:31, 9.53e-13, 6.7e-11
2022-11-09, 06:04:35, 8.92e-13, 6.71e-11
2022-11-09, 06:04:40, 9.28e-13, 6.7e-11
2022-11-09, 06:04:44, 8.69e-13, 6.73e-11
2022-11-09, 06:04:48, 9.2e-13, 6.7e-11
2022-11-09, 06:04:52, 8.37e-13, 6.73e-11
2022-11-09, 06:04:56, 8.61e-13, 6.7e-11
2022-11-09, 06:05:01, 8.49e-13, 6.72e-11
2022-11-09, 06:05:05, 9.02e-13, 6.73e-11
2022-11-09, 06:05:09, 8.98e-13, 6.69e-11
2022-11-09, 06:05:13, 8.63e-13, 6.7e-11
2022-11-09, 06:05:18, 8.62e-13, 6.69e-11
2022-11-09, 06:05:22, 8.19e-13, 6.67e-11
2022-11-09, 06:05:26, 8.6e-13, 6.73e-11
2022-11-09, 06:05:30, 8.71e-13, 6.73e-11
2022-11-09, 06:05:34, 8.75e-13, 6.74e-11
2022-11-09, 06:05:39, 7.88e-13, 6.77e-11
2022-11-09, 06:05:43, 8.03e-13, 6.71e-11
2022-11-09, 06:05:47, 7.56e-13, 6.73e-11
2022-11-09, 06:05:51, 8.36e-13, 6.86e-11
2022-11-09, 06:05:56, 8.49e-13, 6.82e-11
2022-11-09, 06:06:00, 8.35e-13, 6.73e-11
2022-11-09, 06:06:04, 7.92e-13, 6.71e-11
2022-11-09, 06:06:08, 8.76e-13, 6.71e-11
2022-11-09, 06:06:12, 9.09e-13, 6.74e-11
2022-11-09, 06:06:17, 8.23e-13, 6.83e-11
2022-11-09, 06:06:21, 8.94e-13, 6.72e-11
2022-11-09, 06:06:25, 8.14e-13, 6.78e-11
2022-11-09, 06:06:29, 1.04e-12, 6.76e-11
2022-11-09, 06:06:34, 8.64e-13, 6.86e-11
2022-11-09, 06:06:38, 9.28e-13, 6.81e-11
2022-11-09, 06:06:42, 8.65e-13, 6.73e-11
2022-11-09, 06:06:46, 9.22e-13, 6.72e-11
2022-11-09, 06:06:50, 8.98e-13, 6.74e-11
2022-11-09, 06:06:55, 8.32e-13, 6.72e-11
2022-11-09, 06:06:59, 8.49e-13, 6.69e-11
2022-11-09, 06:07:03, 9.06e-13, 6.73e-11
2022-11-09, 06:07:07, 8.13e-13, 6.64e-11
2022-11-09, 06:07:12, 8.06e-13, 6.73e-11
2022-11-09, 06:07:16, 9.29e-13, 6.72e-11
2022-11-09, 06:07:20, 8.36e-13, 6.72e-11
2022-11-09, 06:07:24, 9.35e-13, 6.72e-11
2022-11-09, 06:07:28, 8.53e-13, 6.72e-11
2022-11-09, 06:07:33, 8.82e-13, 6.76e-11
2022-11-09, 06:07:37, 8.71e-13, 6.69e-11
2022-11-09, 06:07:41, 8.26e-13, 6.75e-11
2022-11-09, 06:07:45, 9.29e-13, 6.74e-11
2022-11-09, 06:07:50, 8.26e-13, 6.73e-11
2022-11-09, 06:07:54, 8.2e-13, 6.74e-11
2022-11-09, 06:07:58, 8.71e-13, 6.71e-11
2022-11-09, 06:08:02, 8.33e-13, 6.74e-11
2022-11-09, 06:08:06, 8.97e-13, 6.7e-11
2022-11-09, 06:08:11, 7.57e-13, 6.69e-11
2022-11-09, 06:08:15, 8.33e-13, 6.69e-11
2022-11-09, 06:08:19, 9.09e-13, 6.7e-11
2022-11-09, 06:08:23, 8.55e-13, 6.75e-11
2022-11-09, 06:08:27, 8.27e-13, 6.76e-11
2022-11-09, 06:08:32, 9.49e-13, 6.69e-11
2022-11-09, 06:08:36, 8.52e-13, 6.72e-11
2022-11-09, 06:08:40, 7.91e-13, 6.74e-11
2022-11-09, 06:08:44, 8.31e-13, 6.72e-11
2022-11-09, 06:08:49, 8.11e-13, 6.71e-11
2022-11-09, 06:08:53, 9.04e-13, 6.74e-11
2022-11-09, 06:08:57, 8.53e-13, 6.82e-11
2022-11-09, 06:09:01, 9.79e-13, 6.73e-11
2022-11-09, 06:09:05, 8.98e-13, 6.72e-11
2022-11-09, 06:09:10, 8.53e-13, 6.72e-11
2022-11-09, 06:09:14, 8.12e-13, 6.71e-11
2022-11-09, 06:09:18, 8.7e-13, 6.72e-11
2022-11-09, 06:09:22, 8.79e-13, 6.73e-11
2022-11-09, 06:09:27, 8.73e-13, 6.75e-11
2022-11-09, 06:09:31, 9.1e-13, 6.73e-11
2022-11-09, 06:09:35, 8.78e-13, 6.68e-11
2022-11-09, 06:09:39, 8.83e-13, 6.71e-11
2022-11-09, 06:09:43, 8.76e-13, 6.7e-11
2022-11-09, 06:09:48, 9.12e-13, 6.71e-11
2022-11-09, 06:09:52, 8.85e-13, 6.7e-11
2022-11-09, 06:09:56, 8.67e-13, 6.75e-11
2022-11-09, 06:10:00, 8.98e-13, 6.72e-11
2022-11-09, 06:10:05, 8.9e-13, 6.72e-11
2022-11-09, 06:10:09, 8.65e-13, 6.72e-11
2022-11-09, 06:10:13, 1.03e-12, 6.72e-11
2022-11-09, 06:10:17, 7.98e-13, 6.69e-11
2022-11-09, 06:10:21, 8.87e-13, 6.72e-11
2022-11-09, 06:10:26, 8.89e-13, 6.7e-11
2022-11-09, 06:10:30, 8e-13, 6.7e-11
2022-11-09, 06:10:34, 8.5e-13, 6.7e-11
2022-11-09, 06:10:38, 8.54e-13, 6.71e-11
2022-11-09, 06:10:43, 9.07e-13, 6.64e-11
2022-11-09, 06:10:47, 8.88e-13, 6.71e-11
2022-11-09, 06:10:51, 8.56e-13, 6.66e-11
2022-11-09, 06:10:55, 9.01e-13, 6.73e-11
2022-11-09, 06:10:59, 7.86e-13, 6.69e-11
2022-11-09, 06:11:04, 8.03e-13, 6.65e-11
2022-11-09, 06:11:08, 7.97e-13, 6.68e-11
2022-11-09, 06:11:12, 8.39e-13, 6.69e-11
2022-11-09, 06:11:16, 9.11e-13, 6.71e-11
2022-11-09, 06:11:21, 8.88e-13, 6.71e-11
2022-11-09, 06:11:25, 8.38e-13, 6.66e-11
2022-11-09, 06:11:29, 9.12e-13, 6.68e-11
2022-11-09, 06:11:33, 8.27e-13, 6.63e-11
2022-11-09, 06:11:37, 8.19e-13, 6.64e-11
2022-11-09, 06:11:42, 9.03e-13, 6.68e-11
2022-11-09, 06:11:46, 8.05e-13, 6.71e-11
2022-11-09, 06:11:50, 8.92e-13, 6.68e-11
2022-11-09, 06:11:54, 8.61e-13, 6.7e-11
2022-11-09, 06:11:59, 8.78e-13, 6.67e-11
2022-11-09, 06:12:03, 8.7e-13, 6.69e-11
2022-11-09, 06:12:07, 7.34e-13, 6.7e-11
2022-11-09, 06:12:11, 8.47e-13, 6.68e-11
2022-11-09, 06:12:15, 8.79e-13, 6.65e-11
2022-11-09, 06:12:20, 8.95e-13, 6.7e-11
2022-11-09, 06:12:24, 9.48e-13, 6.68e-11
2022-11-09, 06:12:28, 8.64e-13, 6.68e-11
2022-11-09, 06:12:32, 7.64e-13, 6.66e-11
2022-11-09, 06:12:37, 8.94e-13, 6.71e-11
2022-11-09, 06:12:41, 8.6e-13, 6.72e-11
2022-11-09, 06:12:45, 8.88e-13, 6.68e-11
2022-11-09, 06:12:49, 8.66e-13, 6.68e-11
2022-11-09, 06:12:53, 7.89e-13, 6.71e-11
2022-11-09, 06:12:58, 8.72e-13, 6.72e-11
2022-11-09, 06:13:02, 8.71e-13, 6.6e-11
2022-11-09, 06:13:06, 9.15e-13, 6.66e-11
2022-11-09, 06:13:10, 8.33e-13, 6.68e-11
2022-11-09, 06:13:14, 8.1e-13, 6.69e-11
2022-11-09, 06:13:19, 8.48e-13, 6.7e-11
2022-11-09, 06:13:23, 8.12e-13, 6.7e-11
2022-11-09, 06:13:27, 8.49e-13, 6.72e-11
2022-11-09, 06:13:31, 8.95e-13, 6.68e-11
2022-11-09, 06:13:36, 1.11e-12, 6.71e-11
2022-11-09, 06:13:40, 8.71e-13, 6.75e-11
2022-11-09, 06:13:44, 8.6e-13, 6.7e-11
2022-11-09, 06:13:48, 8.98e-13, 6.72e-11
2022-11-09, 06:13:52, 8.58e-13, 6.72e-11
2022-11-09, 06:13:57, 9.22e-13, 6.71e-11
2022-11-09, 06:14:01, 7.54e-13, 6.71e-11
2022-11-09, 06:14:05, 8.65e-13, 6.71e-11
2022-11-09, 06:14:09, 8.18e-13, 6.72e-11
2022-11-09, 06:14:14, 8.29e-13, 6.72e-11
2022-11-09, 06:14:18, 8.65e-13, 6.7e-11
2022-11-09, 06:14:22, 8.63e-13, 6.66e-11
2022-11-09, 06:14:26, 9.12e-13, 6.66e-11
2022-11-09, 06:14:30, 9.12e-13, 6.62e-11
2022-11-09, 06:14:35, 8.57e-13, 6.65e-11
2022-11-09, 06:14:39, 8.52e-13, 6.68e-11
2022-11-09, 06:14:43, 9.48e-13, 6.63e-11
2022-11-09, 06:14:47, 8.58e-13, 6.67e-11
2022-11-09, 06:14:52, 8.46e-13, 6.65e-11
2022-11-09, 06:14:56, 8.53e-13, 6.67e-11
2022-11-09, 06:15:00, 9.05e-13, 6.69e-11
2022-11-09, 06:15:04, 8.57e-13, 6.71e-11
2022-11-09, 06:15:08, 8.45e-13, 6.7e-11
2022-11-09, 06:15:13, 1.04e-12, 6.71e-11
2022-11-09, 06:15:17, 9.77e-13, 6.71e-11
2022-11-09, 06:15:21, 8.16e-13, 6.71e-11
2022-11-09, 06:15:25, 9.47e-13, 6.71e-11
2022-11-09, 06:15:30, 9.15e-13, 6.68e-11
2022-11-09, 06:15:34, 8.26e-13, 6.69e-11
2022-11-09, 06:15:38, 8.65e-13, 6.68e-11
2022-11-09, 06:15:42, 8.53e-13, 6.65e-11
2022-11-09, 06:15:46, 8.7e-13, 6.74e-11
2022-11-09, 06:15:51, 8.8e-13, 6.71e-11
2022-11-09, 06:15:55, 8.67e-13, 6.7e-11
2022-11-09, 06:15:59, 8.75e-13, 6.69e-11
2022-11-09, 06:16:03, 8.75e-13, 6.68e-11
2022-11-09, 06:16:07, 8.87e-13, 6.68e-11
2022-11-09, 06:16:12, 8.77e-13, 6.71e-11
2022-11-09, 06:16:16, 8.98e-13, 6.72e-11
2022-11-09, 06:16:20, 8.9e-13, 6.69e-11
2022-11-09, 06:16:24, 9.33e-13, 6.69e-11
2022-11-09, 06:16:29, 8.73e-13, 6.72e-11
2022-11-09, 06:16:33, 9.12e-13, 6.76e-11
2022-11-09, 06:16:37, 8.18e-13, 6.78e-11
2022-11-09, 06:16:41, 9.13e-13, 6.77e-11
2022-11-09, 06:16:45, 8.81e-13, 6.77e-11
2022-11-09, 06:16:50, 8.98e-13, 6.66e-11
2022-11-09, 06:16:54, 8.03e-13, 6.68e-11
2022-11-09, 06:16:58, 8.39e-13, 6.69e-11
2022-11-09, 06:17:02, 8.8e-13, 6.71e-11
2022-11-09, 06:17:07, 8.85e-13, 6.7e-11
2022-11-09, 06:17:11, 8.11e-13, 6.73e-11
2022-11-09, 06:17:15, 8.88e-13, 6.71e-11
2022-11-09, 06:17:19, 8.25e-13, 6.71e-11
2022-11-09, 06:17:23, 9.08e-13, 6.66e-11
2022-11-09, 06:17:28, 9.27e-13, 6.7e-11
2022-11-09, 06:17:32, 8.04e-13, 6.67e-11
2022-11-09, 06:17:36, 8.02e-13, 6.68e-11
2022-11-09, 06:17:40, 8.86e-13, 6.7e-11
2022-11-09, 06:17:45, 8.33e-13, 6.7e-11
2022-11-09, 06:17:49, 8.39e-13, 6.7e-11
2022-11-09, 06:17:53, 9.17e-13, 6.7e-11
2022-11-09, 06:17:57, 8.28e-13, 6.69e-11
2022-11-09, 06:18:01, 8.87e-13, 6.68e-11
2022-11-09, 06:18:06, 8.99e-13, 6.73e-11
2022-11-09, 06:18:10, 9.03e-13, 6.68e-11
2022-11-09, 06:18:14, 8.67e-13, 6.67e-11
2022-11-09, 06:18:18, 8.81e-13, 6.69e-11
2022-11-09, 06:18:23, 8.72e-13, 6.64e-11
2022-11-09, 06:18:27, 8.5e-13, 6.62e-11
2022-11-09, 06:18:31, 8.18e-13, 6.68e-11
2022-11-09, 06:18:35, 9.22e-13, 6.69e-11
2022-11-09, 06:18:39, 8.69e-13, 6.69e-11
2022-11-09, 06:18:44, 8.3e-13, 6.73e-11
2022-11-09, 06:18:48, 8.6e-13, 6.77e-11
2022-11-09, 06:18:52, 9e-13, 6.71e-11
2022-11-09, 06:18:56, 7.95e-13, 6.64e-11
2022-11-09, 06:19:01, 8.45e-13, 6.69e-11
2022-11-09, 06:19:05, 8.76e-13, 6.65e-11
2022-11-09, 06:19:09, 9.91e-13, 6.71e-11
2022-11-09, 06:19:13, 8.62e-13, 6.7e-11
2022-11-09, 06:19:17, 8.68e-13, 6.7e-11
2022-11-09, 06:19:22, 8.27e-13, 6.71e-11
2022-11-09, 06:19:26, 8.9e-13, 6.71e-11
2022-11-09, 06:19:30, 7.84e-13, 6.73e-11
2022-11-09, 06:19:34, 8.7e-13, 6.72e-11
2022-11-09, 06:19:39, 8.15e-13, 6.71e-11
2022-11-09, 06:19:43, 9.3e-13, 6.67e-11
2022-11-09, 06:19:47, 8.69e-13, 6.67e-11
2022-11-09, 06:19:51, 8.8e-13, 6.67e-11
2022-11-09, 06:19:55, 8.3e-13, 6.68e-11
2022-11-09, 06:20:00, 8.35e-13, 6.72e-11
2022-11-09, 06:20:04, 7.48e-13, 6.65e-11
2022-11-09, 06:20:08, 8.94e-13, 6.68e-11
2022-11-09, 06:20:12, 8.43e-13, 6.67e-11
2022-11-09, 06:20:17, 9.11e-13, 6.7e-11
2022-11-09, 06:20:21, 8.21e-13, 6.65e-11
2022-11-09, 06:20:25, 8.58e-13, 6.69e-11
2022-11-09, 06:20:29, 8.27e-13, 6.69e-11
2022-11-09, 06:20:33, 8.7e-13, 6.71e-11
2022-11-09, 06:20:38, 8.48e-13, 6.68e-11
2022-11-09, 06:20:42, 7.83e-13, 6.7e-11
2022-11-09, 06:20:46, 8.9e-13, 6.68e-11
2022-11-09, 06:20:50, 8.97e-13, 6.67e-11
2022-11-09, 06:20:55, 9.98e-13, 6.69e-11
2022-11-09, 06:20:59, 9e-13, 6.7e-11
2022-11-09, 06:21:03, 8.87e-13, 6.69e-11
2022-11-09, 06:21:07, 9.08e-13, 6.69e-11
2022-11-09, 06:21:11, 8.4e-13, 6.67e-11
2022-11-09, 06:21:16, 8.33e-13, 6.66e-11
2022-11-09, 06:21:20, 8.39e-13, 6.66e-11
2022-11-09, 06:21:24, 8.65e-13, 6.66e-11
2022-11-09, 06:21:28, 8.09e-13, 6.72e-11
2022-11-09, 06:21:33, 8.57e-13, 6.7e-11
2022-11-09, 06:21:37, 8.09e-13, 6.69e-11
2022-11-09, 06:21:41, 8.62e-13, 6.71e-11
2022-11-09, 06:21:45, 8.72e-13, 6.7e-11
2022-11-09, 06:21:49, 8.36e-13, 6.69e-11
2022-11-09, 06:21:54, 8.37e-13, 6.7e-11
2022-11-09, 06:21:58, 8.6e-13, 6.67e-11
2022-11-09, 06:22:02, 9.04e-13, 6.68e-11
2022-11-09, 06:22:06, 8.33e-13, 6.7e-11
2022-11-09, 06:22:11, 9.14e-13, 6.66e-11
2022-11-09, 06:22:15, 7.7e-13, 6.65e-11
2022-11-09, 06:22:19, 8.79e-13, 6.68e-11
2022-11-09, 06:22:23, 9.04e-13, 6.68e-11
2022-11-09, 06:22:27, 8.45e-13, 6.81e-11
2022-11-09, 06:22:32, 9.03e-13, 6.68e-11
2022-11-09, 06:22:36, 8.77e-13, 6.69e-11
2022-11-09, 06:22:40, 7.73e-13, 6.7e-11
2022-11-09, 06:22:44, 8.72e-13, 6.71e-11
2022-11-09, 06:22:49, 7.93e-13, 6.68e-11
2022-11-09, 06:22:53, 8.45e-13, 6.68e-11
2022-11-09, 06:22:57, 7.89e-13, 6.72e-11
2022-11-09, 06:23:01, 7.86e-13, 6.73e-11
2022-11-09, 06:23:05, 9.14e-13, 6.73e-11
2022-11-09, 06:23:10, 7.9e-13, 6.71e-11
2022-11-09, 06:23:14, 8.81e-13, 6.7e-11
2022-11-09, 06:23:18, 7.49e-13, 6.71e-11
2022-11-09, 06:23:22, 9.11e-13, 6.66e-11
2022-11-09, 06:23:27, 6.44e-13, 6.67e-11
2022-11-09, 06:23:31, 8.74e-13, 6.79e-11
2022-11-09, 06:23:35, 8.86e-13, 6.68e-11
2022-11-09, 06:23:39, 9.2e-13, 6.65e-11
2022-11-09, 06:23:43, 8.72e-13, 6.67e-11
2022-11-09, 06:23:48, 8.45e-13, 6.7e-11
2022-11-09, 06:23:52, 8.33e-13, 6.68e-11
2022-11-09, 06:23:56, 8.06e-13, 6.69e-11
2022-11-09, 06:24:00, 8.91e-13, 6.66e-11
2022-11-09, 06:24:04, 9.58e-13, 6.68e-11
2022-11-09, 06:24:09, 8.7e-13, 6.66e-11
2022-11-09, 06:24:13, 8.58e-13, 6.69e-11
2022-11-09, 06:24:17, 8.9e-13, 6.67e-11
2022-11-09, 06:24:21, 8.46e-13, 6.66e-11
2022-11-09, 06:24:26, 8.76e-13, 6.66e-11
2022-11-09, 06:24:30, 8.4e-13, 6.66e-11
2022-11-09, 06:24:34, 9.01e-13, 6.61e-11
2022-11-09, 06:24:38, 8.11e-13, 6.63e-11
2022-11-09, 06:24:42, 8.51e-13, 6.66e-11
2022-11-09, 06:24:47, 9.56e-13, 6.66e-11
2022-11-09, 06:24:51, 9.09e-13, 6.64e-11
2022-11-09, 06:24:55, 9.07e-13, 6.67e-11
2022-11-09, 06:24:59, 7.96e-13, 6.65e-11
2022-11-09, 06:25:04, 8.98e-13, 6.67e-11
2022-11-09, 06:25:08, 8.82e-13, 6.67e-11
2022-11-09, 06:25:12, 8.75e-13, 6.67e-11
2022-11-09, 06:25:16, 8.61e-13, 6.66e-11
2022-11-09, 06:25:20, 8.39e-13, 6.66e-11
2022-11-09, 06:25:25, 9.43e-13, 6.68e-11
2022-11-09, 06:25:29, 9.14e-13, 6.67e-11
2022-11-09, 06:25:33, 8.85e-13, 6.67e-11
2022-11-09, 06:25:37, 8.82e-13, 6.72e-11
2022-11-09, 06:25:42, 7.93e-13, 6.69e-11
2022-11-09, 06:25:46, 8.77e-13, 6.69e-11
2022-11-09, 06:25:50, 8.11e-13, 6.7e-11
2022-11-09, 06:25:54, 8.74e-13, 6.7e-11
2022-11-09, 06:25:58, 8.49e-13, 6.67e-11
2022-11-09, 06:26:03, 8.6e-13, 6.67e-11
2022-11-09, 06:26:07, 8.17e-13, 6.65e-11
2022-11-09, 06:26:11, 9.12e-13, 6.69e-11
2022-11-09, 06:26:15, 8.43e-13, 6.75e-11
2022-11-09, 06:26:20, 8.58e-13, 6.69e-11
2022-11-09, 06:26:24, 8.54e-13, 6.68e-11
2022-11-09, 06:26:28, 7.89e-13, 6.68e-11
2022-11-09, 06:26:32, 8.6e-13, 6.69e-11
2022-11-09, 06:26:36, 8.55e-13, 6.66e-11
2022-11-09, 06:26:41, 8.89e-13, 6.67e-11
2022-11-09, 06:26:45, 8.84e-13, 6.73e-11
2022-11-09, 06:26:49, 8.32e-13, 6.71e-11
2022-11-09, 06:26:53, 8.36e-13, 6.72e-11
2022-11-09, 06:26:58, 8.95e-13, 6.71e-11
2022-11-09, 06:27:02, 8.32e-13, 6.7e-11
2022-11-09, 06:27:06, 8.33e-13, 6.66e-11
2022-11-09, 06:27:10, 8.73e-13, 6.74e-11
2022-11-09, 06:27:14, 8.6e-13, 6.67e-11
2022-11-09, 06:27:19, 8.32e-13, 6.69e-11
2022-11-09, 06:27:23, 8.39e-13, 6.67e-11
2022-11-09, 06:27:27, 8.32e-13, 6.71e-11
2022-11-09, 06:27:31, 7.73e-13, 6.65e-11
2022-11-09, 06:27:36, 8.48e-13, 6.68e-11
2022-11-09, 06:27:40, 8.64e-13, 6.63e-11
2022-11-09, 06:27:44, 8.83e-13, 6.68e-11
2022-11-09, 06:27:48, 8.46e-13, 6.71e-11
2022-11-09, 06:27:52, 9.34e-13, 6.69e-11
2022-11-09, 06:27:57, 8.84e-13, 6.71e-11
2022-11-09, 06:28:01, 8.52e-13, 6.64e-11
2022-11-09, 06:28:05, 7.84e-13, 6.65e-11
2022-11-09, 06:28:09, 8.9e-13, 6.72e-11
2022-11-09, 06:28:14, 8.53e-13, 6.68e-11
2022-11-09, 06:28:18, 8.68e-13, 6.77e-11
2022-11-09, 06:28:22, 9.1e-13, 6.69e-11
2022-11-09, 06:28:26, 8.82e-13, 6.71e-11
2022-11-09, 06:28:30, 8.48e-13, 6.66e-11
2022-11-09, 06:28:35, 8.76e-13, 6.71e-11
2022-11-09, 06:28:39, 8.62e-13, 6.67e-11
2022-11-09, 06:28:43, 8.06e-13, 6.72e-11
2022-11-09, 06:28:47, 9.08e-13, 6.66e-11
2022-11-09, 06:28:51, 8.43e-13, 6.69e-11
2022-11-09, 06:28:56, 8.05e-13, 6.69e-11
2022-11-09, 06:29:00, 8.29e-13, 6.73e-11
2022-11-09, 06:29:04, 8.22e-13, 6.7e-11
2022-11-09, 06:29:08, 8.49e-13, 6.67e-11
2022-11-09, 06:29:13, 9.16e-13, 6.67e-11
2022-11-09, 06:29:17, 9.01e-13, 6.65e-11
2022-11-09, 06:29:21, 8.37e-13, 6.7e-11
2022-11-09, 06:29:25, 8.55e-13, 6.63e-11
2022-11-09, 06:29:29, 8.32e-13, 6.65e-11
2022-11-09, 06:29:34, 7.96e-13, 6.65e-11
2022-11-09, 06:29:38, 8.83e-13, 6.67e-11
2022-11-09, 06:29:42, 8.12e-13, 6.69e-11
2022-11-09, 06:29:46, 8.34e-13, 6.64e-11
2022-11-09, 06:29:51, 8.04e-13, 6.66e-11
2022-11-09, 06:29:55, 8.92e-13, 6.64e-11
2022-11-09, 06:29:59, 8.45e-13, 6.67e-11
2022-11-09, 06:30:03, 8.54e-13, 6.65e-11
2022-11-09, 06:30:07, 8.08e-13, 6.64e-11
2022-11-09, 06:30:12, 8.4e-13, 6.68e-11
2022-11-09, 06:30:16, 8.33e-13, 6.67e-11
2022-11-09, 06:30:21, 8.57e-13, 6.65e-11
2022-11-09, 06:30:25, 9.06e-13, 6.66e-11
2022-11-09, 06:30:29, 8.9e-13, 6.66e-11
2022-11-09, 06:30:33, 8.63e-13, 6.66e-11
2022-11-09, 06:30:38, 8.25e-13, 6.68e-11
2022-11-09, 06:30:42, 8.4e-13, 6.67e-11
2022-11-09, 06:30:46, 8.55e-13, 6.64e-11
2022-11-09, 06:30:50, 9.13e-13, 6.66e-11
2022-11-09, 06:30:54, 8.72e-13, 6.66e-11
2022-11-09, 06:30:59, 8.91e-13, 6.65e-11
2022-11-09, 06:31:03, 8.58e-13, 6.67e-11
2022-11-09, 06:31:07, 8.95e-13, 6.67e-11
2022-11-09, 06:31:11, 8.77e-13, 6.68e-11
2022-11-09, 06:31:16, 8.3e-13, 6.66e-11
2022-11-09, 06:31:20, 8.57e-13, 6.69e-11
2022-11-09, 06:31:24, 8.98e-13, 6.7e-11
2022-11-09, 06:31:28, 8.57e-13, 6.68e-11
2022-11-09, 06:31:32, 8.71e-13, 6.7e-11
2022-11-09, 06:31:37, 1.01e-12, 6.7e-11
2022-11-09, 06:31:41, 9.05e-13, 6.62e-11
2022-11-09, 06:31:45, 8.12e-13, 6.6e-11
2022-11-09, 06:31:49, 8.54e-13, 6.65e-11
2022-11-09, 06:31:54, 8.82e-13, 6.68e-11
2022-11-09, 06:31:58, 8.58e-13, 6.68e-11
2022-11-09, 06:32:02, 8.67e-13, 6.69e-11
2022-11-09, 06:32:06, 8.21e-13, 6.68e-11
2022-11-09, 06:32:10, 7.94e-13, 6.69e-11
2022-11-09, 06:32:15, 1.04e-12, 6.7e-11
2022-11-09, 06:32:19, 8.42e-13, 6.69e-11
2022-11-09, 06:32:23, 8.4e-13, 6.68e-11
2022-11-09, 06:32:27, 8.99e-13, 6.67e-11
2022-11-09, 06:32:32, 8.97e-13, 6.7e-11
2022-11-09, 06:32:36, 8.84e-13, 6.72e-11
2022-11-09, 06:32:40, 8.68e-13, 6.72e-11
2022-11-09, 06:32:44, 8.7e-13, 6.72e-11
2022-11-09, 06:32:48, 9.25e-13, 6.66e-11
2022-11-09, 06:32:53, 8.91e-13, 6.72e-11
2022-11-09, 06:32:57, 9.43e-13, 6.7e-11
2022-11-09, 06:33:01, 8.38e-13, 6.65e-11
2022-11-09, 06:33:05, 8.34e-13, 6.68e-11
2022-11-09, 06:33:10, 8.95e-13, 6.7e-11
2022-11-09, 06:33:14, 8.72e-13, 6.66e-11
2022-11-09, 06:33:18, 8.76e-13, 6.69e-11
2022-11-09, 06:33:22, 8.29e-13, 6.69e-11
2022-11-09, 06:33:26, 8.15e-13, 6.69e-11
2022-11-09, 06:33:31, 8.11e-13, 6.63e-11
2022-11-09, 06:33:35, 8.38e-13, 6.72e-11
2022-11-09, 06:33:39, 7.34e-13, 6.68e-11
2022-11-09, 06:33:43, 8.16e-13, 6.72e-11
2022-11-09, 06:33:48, 8.52e-13, 6.7e-11
2022-11-09, 06:33:52, 9.07e-13, 6.67e-11
2022-11-09, 06:33:56, 8.41e-13, 6.72e-11
2022-11-09, 06:34:00, 8.32e-13, 6.71e-11
2022-11-09, 06:34:04, 8.57e-13, 6.63e-11
2022-11-09, 06:34:09, 9.26e-13, 6.72e-11
2022-11-09, 06:34:13, 8.47e-13, 6.73e-11
2022-11-09, 06:34:17, 8.39e-13, 6.71e-11
2022-11-09, 06:34:21, 8.62e-13, 6.7e-11
2022-11-09, 06:34:26, 9.24e-13, 6.62e-11
2022-11-09, 06:34:30, 8.62e-13, 6.72e-11
2022-11-09, 06:34:34, 8.44e-13, 6.73e-11
2022-11-09, 06:34:38, 8.88e-13, 6.72e-11
2022-11-09, 06:34:42, 8.88e-13, 6.75e-11
2022-11-09, 06:34:47, 8.84e-13, 6.74e-11
2022-11-09, 06:34:51, 7.04e-13, 6.63e-11
2022-11-09, 06:34:55, 8.17e-13, 6.71e-11
2022-11-09, 06:34:59, 8.61e-13, 6.72e-11
2022-11-09, 06:35:04, 9.42e-13, 6.71e-11
2022-11-09, 06:35:08, 8.67e-13, 6.71e-11
2022-11-09, 06:35:12, 8.43e-13, 6.74e-11
2022-11-09, 06:35:16, 8.75e-13, 6.75e-11
2022-11-09, 06:35:20, 8.06e-13, 6.75e-11
2022-11-09, 06:35:25, 8.41e-13, 6.74e-11
2022-11-09, 06:35:29, 9.29e-13, 6.71e-11
2022-11-09, 06:35:33, 8.36e-13, 6.68e-11
2022-11-09, 06:35:37, 8.81e-13, 6.75e-11
2022-11-09, 06:35:41, 8.94e-13, 6.71e-11
2022-11-09, 06:35:46, 8.71e-13, 6.72e-11
2022-11-09, 06:35:50, 9.3e-13, 6.71e-11
2022-11-09, 06:35:54, 8.43e-13, 6.71e-11
2022-11-09, 06:35:58, 8.79e-13, 6.68e-11
2022-11-09, 06:36:03, 9.34e-13, 6.73e-11
2022-11-09, 06:36:07, 8.45e-13, 6.75e-11
2022-11-09, 06:36:11, 8.39e-13, 6.72e-11
2022-11-09, 06:36:15, 9.03e-13, 6.75e-11
2022-11-09, 06:36:20, 8.51e-13, 6.73e-11
2022-11-09, 06:36:24, 9.09e-13, 6.7e-11
2022-11-09, 06:36:28, 8.95e-13, 6.75e-11
2022-11-09, 06:36:32, 9.01e-13, 6.61e-11
2022-11-09, 06:36:37, 8.58e-13, 6.61e-11
2022-11-09, 06:36:41, 8.64e-13, 6.73e-11
2022-11-09, 06:36:45, 8.76e-13, 6.64e-11
2022-11-09, 06:36:49, 8.5e-13, 6.75e-11
2022-11-09, 06:36:53, 8.41e-13, 6.75e-11
2022-11-09, 06:36:58, 9.04e-13, 6.71e-11
2022-11-09, 06:37:02, 8.05e-13, 6.78e-11
2022-11-09, 06:37:06, 1e-12, 6.71e-11
2022-11-09, 06:37:10, 8.61e-13, 6.67e-11
2022-11-09, 06:37:15, 8.71e-13, 6.71e-11
2022-11-09, 06:37:19, 8.53e-13, 6.69e-11
2022-11-09, 06:37:23, 8.74e-13, 6.62e-11
2022-11-09, 06:37:27, 8.37e-13, 6.75e-11
2022-11-09, 06:37:31, 1e-12, 6.7e-11
2022-11-09, 06:37:36, 8.58e-13, 6.72e-11
2022-11-09, 06:37:40, 8.35e-13, 6.71e-11
2022-11-09, 06:37:44, 8.84e-13, 6.71e-11
2022-11-09, 06:37:48, 8.19e-13, 6.74e-11
2022-11-09, 06:37:52, 8e-13, 6.73e-11
2022-11-09, 06:37:57, 8.74e-13, 6.73e-11
2022-11-09, 06:38:01, 8.19e-13, 6.59e-11
2022-11-09, 06:38:05, 8.06e-13, 6.73e-11
2022-11-09, 06:38:09, 8.49e-13, 6.75e-11
2022-11-09, 06:38:14, 9.16e-13, 6.73e-11
2022-11-09, 06:38:18, 1.03e-12, 6.66e-11
2022-11-09, 06:38:22, 7.93e-13, 6.75e-11
2022-11-09, 06:38:26, 9.08e-13, 6.71e-11
2022-11-09, 06:38:30, 8.98e-13, 6.74e-11
2022-11-09, 06:38:35, 7.98e-13, 6.63e-11
2022-11-09, 06:38:39, 8.83e-13, 6.71e-11
2022-11-09, 06:38:43, 8.62e-13, 6.67e-11
2022-11-09, 06:38:47, 8.68e-13, 6.67e-11
2022-11-09, 06:38:52, 8.31e-13, 6.59e-11
2022-11-09, 06:38:56, 8.59e-13, 6.7e-11
2022-11-09, 06:39:00, 8.62e-13, 6.73e-11
2022-11-09, 06:39:04, 8.36e-13, 6.65e-11
2022-11-09, 06:39:08, 8.33e-13, 6.74e-11
2022-11-09, 06:39:13, 9.13e-13, 6.6e-11
2022-11-09, 06:39:17, 8.7e-13, 6.76e-11
2022-11-09, 06:39:21, 8.19e-13, 6.72e-11
2022-11-09, 06:39:25, 8.08e-13, 6.68e-11
2022-11-09, 06:39:30, 8.55e-13, 6.76e-11
2022-11-09, 06:39:34, 8.81e-13, 6.76e-11
2022-11-09, 06:39:38, 8.12e-13, 6.64e-11
2022-11-09, 06:39:42, 8.59e-13, 6.6e-11
2022-11-09, 06:39:46, 8.93e-13, 6.62e-11
2022-11-09, 06:39:51, 8.91e-13, 6.6e-11
2022-11-09, 06:39:55, 8.28e-13, 6.72e-11
2022-11-09, 06:39:59, 8.64e-13, 6.72e-11
2022-11-09, 06:40:03, 8.49e-13, 6.73e-11
2022-11-09, 06:40:08, 8.81e-13, 6.72e-11
2022-11-09, 06:40:12, 8.41e-13, 6.61e-11
2022-11-09, 06:40:16, 9.15e-13, 6.73e-11
2022-11-09, 06:40:20, 8.32e-13, 6.69e-11
2022-11-09, 06:40:24, 9.25e-13, 6.6e-11
2022-11-09, 06:40:29, 8.82e-13, 6.63e-11
2022-11-09, 06:40:33, 8.74e-13, 6.71e-11
2022-11-09, 06:40:37, 8.22e-13, 6.7e-11
2022-11-09, 06:40:41, 8.74e-13, 6.69e-11
2022-11-09, 06:40:46, 8.78e-13, 6.71e-11
2022-11-09, 06:40:50, 8.38e-13, 6.71e-11
2022-11-09, 06:40:54, 8.58e-13, 6.72e-11
2022-11-09, 06:40:58, 9.89e-13, 6.63e-11
2022-11-09, 06:41:02, 9.66e-13, 6.73e-11
2022-11-09, 06:41:07, 8.43e-13, 6.73e-11
2022-11-09, 06:41:11, 8.2e-13, 6.74e-11
2022-11-09, 06:41:15, 9.02e-13, 6.71e-11
2022-11-09, 06:41:19, 8.85e-13, 6.68e-11
2022-11-09, 06:41:24, 9.12e-13, 6.72e-11
2022-11-09, 06:41:28, 8.69e-13, 6.73e-11
2022-11-09, 06:41:32, 8.91e-13, 6.71e-11
2022-11-09, 06:41:36, 8.72e-13, 6.66e-11
2022-11-09, 06:41:40, 9.24e-13, 6.66e-11
2022-11-09, 06:41:45, 8.58e-13, 6.73e-11
2022-11-09, 06:41:49, 1e-12, 6.6e-11
2022-11-09, 06:41:53, 8.78e-13, 6.69e-11
2022-11-09, 06:41:57, 8.22e-13, 6.7e-11
2022-11-09, 06:42:01, 8.47e-13, 6.71e-11
2022-11-09, 06:42:06, 8.35e-13, 6.75e-11
2022-11-09, 06:42:10, 8.24e-13, 6.74e-11
2022-11-09, 06:42:14, 8.52e-13, 6.74e-11
2022-11-09, 06:42:18, 9.03e-13, 6.66e-11
2022-11-09, 06:42:23, 8.25e-13, 6.76e-11
2022-11-09, 06:42:27, 9.11e-13, 6.73e-11
2022-11-09, 06:42:31, 9.02e-13, 6.7e-11
2022-11-09, 06:42:35, 9.06e-13, 6.66e-11
2022-11-09, 06:42:39, 8.5e-13, 6.76e-11
2022-11-09, 06:42:44, 8.57e-13, 6.75e-11
2022-11-09, 06:42:48, 9.32e-13, 6.7e-11
2022-11-09, 06:42:52, 8.53e-13, 6.6e-11
2022-11-09, 06:42:56, 8.89e-13, 6.76e-11
2022-11-09, 06:43:01, 8.7e-13, 6.76e-11
2022-11-09, 06:43:05, 8.65e-13, 6.68e-11
2022-11-09, 06:43:09, 9.22e-13, 6.72e-11
2022-11-09, 06:43:13, 8.99e-13, 6.67e-11
2022-11-09, 06:43:17, 8.13e-13, 6.76e-11
2022-11-09, 06:43:22, 8.24e-13, 6.7e-11
2022-11-09, 06:43:26, 8.88e-13, 6.76e-11
2022-11-09, 06:43:30, 8.67e-13, 6.66e-11
2022-11-09, 06:43:34, 8.53e-13, 6.72e-11
2022-11-09, 06:43:39, 7.8e-13, 6.66e-11
2022-11-09, 06:43:43, 8.46e-13, 6.7e-11
2022-11-09, 06:43:47, 9.19e-13, 6.74e-11
2022-11-09, 06:43:51, 9.56e-13, 6.75e-11
2022-11-09, 06:43:55, 8.88e-13, 6.73e-11
2022-11-09, 06:44:00, 8.83e-13, 6.61e-11
2022-11-09, 06:44:04, 8.44e-13, 6.76e-11
2022-11-09, 06:44:08, 8.67e-13, 6.69e-11
2022-11-09, 06:44:12, 8.71e-13, 6.72e-11
2022-11-09, 06:44:17, 8.71e-13, 6.71e-11
2022-11-09, 06:44:21, 8.34e-13, 6.73e-11
2022-11-09, 06:44:25, 8.35e-13, 6.6e-11
2022-11-09, 06:44:29, 9.27e-13, 6.66e-11
2022-11-09, 06:44:33, 8.54e-13, 6.74e-11
2022-11-09, 06:44:38, 8.18e-13, 6.75e-11
2022-11-09, 06:44:42, 8.52e-13, 6.73e-11
2022-11-09, 06:44:46, 8.44e-13, 6.74e-11
2022-11-09, 06:44:50, 8.87e-13, 6.72e-11
2022-11-09, 06:44:55, 8.64e-13, 6.73e-11
2022-11-09, 06:44:59, 8.9e-13, 6.75e-11
2022-11-09, 06:45:03, 8.58e-13, 6.68e-11
2022-11-09, 06:45:07, 8.2e-13, 6.75e-11
2022-11-09, 06:45:11, 8.42e-13, 6.6e-11
2022-11-09, 06:45:16, 8.2e-13, 6.73e-11
2022-11-09, 06:45:20, 8.67e-13, 6.74e-11
2022-11-09, 06:45:24, 8.48e-13, 6.8e-11
2022-11-09, 06:45:28, 8.81e-13, 6.77e-11
2022-11-09, 06:45:33, 8.91e-13, 6.67e-11
2022-11-09, 06:45:37, 8.89e-13, 6.74e-11
2022-11-09, 06:45:41, 8.75e-13, 6.74e-11
2022-11-09, 06:45:45, 9.19e-13, 6.73e-11
2022-11-09, 06:45:49, 8.64e-13, 6.74e-11
2022-11-09, 06:45:54, 8.11e-13, 6.74e-11
2022-11-09, 06:45:58, 8.96e-13, 6.73e-11
2022-11-09, 06:46:02, 8.28e-13, 6.72e-11
2022-11-09, 06:46:06, 8.64e-13, 6.74e-11
2022-11-09, 06:46:10, 8.61e-13, 6.62e-11
2022-11-09, 06:46:15, 9.12e-13, 6.62e-11
2022-11-09, 06:46:19, 9.32e-13, 6.74e-11
2022-11-09, 06:46:23, 8.72e-13, 6.75e-11
2022-11-09, 06:46:27, 8.37e-13, 6.75e-11
2022-11-09, 06:46:32, 8.61e-13, 6.74e-11
2022-11-09, 06:46:36, 8.76e-13, 6.75e-11
2022-11-09, 06:46:40, 8.19e-13, 6.73e-11
2022-11-09, 06:46:44, 8.93e-13, 6.75e-11
2022-11-09, 06:46:48, 9.05e-13, 6.75e-11
2022-11-09, 06:46:53, 8.13e-13, 6.76e-11
2022-11-09, 06:46:57, 8.52e-13, 6.7e-11
2022-11-09, 06:47:01, 8.44e-13, 6.63e-11
2022-11-09, 06:47:05, 8.8e-13, 6.68e-11
2022-11-09, 06:47:10, 7.83e-13, 6.69e-11
2022-11-09, 06:47:14, 9.24e-13, 6.73e-11
2022-11-09, 06:47:18, 8.93e-13, 6.61e-11
2022-11-09, 06:47:22, 8.73e-13, 6.68e-11
2022-11-09, 06:47:26, 8.87e-13, 6.64e-11
2022-11-09, 06:47:31, 7.72e-13, 6.7e-11
2022-11-09, 06:47:35, 8.72e-13, 6.72e-11
2022-11-09, 06:47:39, 8.24e-13, 6.7e-11
2022-11-09, 06:47:43, 8.23e-13, 6.67e-11
2022-11-09, 06:47:48, 8.54e-13, 6.7e-11
2022-11-09, 06:47:52, 9.18e-13, 6.72e-11
2022-11-09, 06:47:56, 8.73e-13, 6.7e-11
2022-11-09, 06:48:00, 8.2e-13, 6.72e-11
2022-11-09, 06:48:04, 8.8e-13, 6.7e-11
2022-11-09, 06:48:09, 8.38e-13, 6.75e-11
2022-11-09, 06:48:13, 9.19e-13, 6.75e-11
2022-11-09, 06:48:17, 8.66e-13, 6.71e-11
2022-11-09, 06:48:21, 8.66e-13, 6.73e-11
2022-11-09, 06:48:26, 7.98e-13, 6.71e-11
2022-11-09, 06:48:30, 8.62e-13, 6.73e-11
2022-11-09, 06:48:34, 8.7e-13, 6.74e-11
2022-11-09, 06:48:38, 8.44e-13, 6.72e-11
2022-11-09, 06:48:42, 9.16e-13, 6.74e-11
2022-11-09, 06:48:47, 8.68e-13, 6.75e-11
2022-11-09, 06:48:51, 8.44e-13, 6.74e-11
2022-11-09, 06:48:55, 8.75e-13, 6.69e-11
2022-11-09, 06:48:59, 8.23e-13, 6.65e-11
2022-11-09, 06:49:04, 8.28e-13, 6.74e-11
2022-11-09, 06:49:08, 8.35e-13, 6.71e-11
2022-11-09, 06:49:12, 8.18e-13, 6.74e-11
2022-11-09, 06:49:16, 8.6e-13, 6.74e-11
2022-11-09, 06:49:20, 8.13e-13, 6.78e-11
2022-11-09, 06:49:25, 8.9e-13, 6.77e-11
2022-11-09, 06:49:29, 8.57e-13, 6.76e-11
2022-11-09, 06:49:33, 8.48e-13, 6.72e-11
2022-11-09, 06:49:37, 8.73e-13, 6.73e-11
2022-11-09, 06:49:42, 9.15e-13, 6.76e-11
2022-11-09, 06:49:46, 9.81e-13, 6.71e-11
2022-11-09, 06:49:50, 8.66e-13, 6.74e-11
2022-11-09, 06:49:54, 9.78e-13, 6.68e-11
2022-11-09, 06:49:58, 8.4e-13, 6.72e-11
2022-11-09, 06:50:03, 8.66e-13, 6.69e-11
2022-11-09, 06:50:07, 8.87e-13, 6.72e-11
2022-11-09, 06:50:11, 8.26e-13, 6.74e-11
2022-11-09, 06:50:15, 9.33e-13, 6.75e-11
2022-11-09, 06:50:20, 8.74e-13, 6.73e-11
2022-11-09, 06:50:24, 9e-13, 6.73e-11
2022-11-09, 06:50:28, 8.57e-13, 6.74e-11
2022-11-09, 06:50:32, 8.92e-13, 6.75e-11
2022-11-09, 06:50:36, 8.95e-13, 6.65e-11
2022-11-09, 06:50:41, 8.63e-13, 6.75e-11
2022-11-09, 06:50:45, 8.09e-13, 6.75e-11
2022-11-09, 06:50:49, 9.01e-13, 6.7e-11
2022-11-09, 06:50:53, 8.84e-13, 6.73e-11
2022-11-09, 06:50:58, 8.19e-13, 6.68e-11
2022-11-09, 06:51:02, 8.44e-13, 6.75e-11
2022-11-09, 06:51:06, 8.7e-13, 6.74e-11
2022-11-09, 06:51:10, 9.39e-13, 6.7e-11
2022-11-09, 06:51:14, 8.52e-13, 6.66e-11
2022-11-09, 06:51:19, 8.66e-13, 6.7e-11
2022-11-09, 06:51:23, 8.95e-13, 6.6e-11
2022-11-09, 06:51:27, 7.9e-13, 6.65e-11
2022-11-09, 06:51:31, 9.1e-13, 6.67e-11
2022-11-09, 06:51:35, 8.32e-13, 6.73e-11
2022-11-09, 06:51:40, 1.06e-12, 6.76e-11
2022-11-09, 06:51:44, 8.7e-13, 6.74e-11
2022-11-09, 06:51:48, 8.33e-13, 6.74e-11
2022-11-09, 06:51:52, 9.58e-13, 6.63e-11
2022-11-09, 06:51:57, 8.72e-13, 6.73e-11
2022-11-09, 06:52:01, 8.1e-13, 6.74e-11
2022-11-09, 06:52:05, 8.64e-13, 6.75e-11
2022-11-09, 06:52:09, 8.37e-13, 6.69e-11
2022-11-09, 06:52:13, 7.86e-13, 6.74e-11
2022-11-09, 06:52:18, 1.01e-12, 6.73e-11
2022-11-09, 06:52:22, 8.96e-13, 6.74e-11
2022-11-09, 06:52:26, 8e-13, 6.76e-11
2022-11-09, 06:52:30, 8.71e-13, 6.67e-11
2022-11-09, 06:52:35, 8.36e-13, 6.61e-11
2022-11-09, 06:52:39, 9.3e-13, 6.75e-11
2022-11-09, 06:52:43, 8.5e-13, 6.72e-11
2022-11-09, 06:52:47, 9.07e-13, 6.66e-11
2022-11-09, 06:52:51, 9.02e-13, 6.73e-11
2022-11-09, 06:52:56, 8.66e-13, 6.72e-11
2022-11-09, 06:53:00, 8.55e-13, 6.73e-11
2022-11-09, 06:53:04, 8.26e-13, 6.69e-11
2022-11-09, 06:53:08, 8.73e-13, 6.74e-11
2022-11-09, 06:53:13, 8.66e-13, 6.71e-11
2022-11-09, 06:53:17, 8.93e-13, 6.72e-11
2022-11-09, 06:53:21, 8.59e-13, 6.75e-11
2022-11-09, 06:53:25, 9.06e-13, 6.59e-11
2022-11-09, 06:53:29, 8.66e-13, 6.74e-11
2022-11-09, 06:53:34, 8.38e-13, 6.59e-11
2022-11-09, 06:53:38, 8.82e-13, 6.69e-11
2022-11-09, 06:53:42, 7.81e-13, 6.69e-11
2022-11-09, 06:53:46, 9.3e-13, 6.69e-11
2022-11-09, 06:53:51, 8.02e-13, 6.7e-11
2022-11-09, 06:53:55, 8.59e-13, 6.7e-11
2022-11-09, 06:53:59, 9.2e-13, 6.74e-11
2022-11-09, 06:54:03, 8.24e-13, 6.66e-11
2022-11-09, 06:54:07, 8.91e-13, 6.65e-11
2022-11-09, 06:54:12, 8.55e-13, 6.7e-11
2022-11-09, 06:54:16, 8.24e-13, 6.69e-11
2022-11-09, 06:54:20, 8.65e-13, 6.58e-11
2022-11-09, 06:54:24, 8.56e-13, 6.69e-11
2022-11-09, 06:54:29, 8.32e-13, 6.71e-11
2022-11-09, 06:54:33, 8.35e-13, 6.73e-11
2022-11-09, 06:54:37, 8.65e-13, 6.71e-11
2022-11-09, 06:54:41, 8.62e-13, 6.75e-11
2022-11-09, 06:54:45, 7.86e-13, 6.73e-11
2022-11-09, 06:54:50, 8.57e-13, 6.62e-11
2022-11-09, 06:54:54, 8.44e-13, 6.73e-11
2022-11-09, 06:54:58, 7.93e-13, 6.74e-11
2022-11-09, 06:55:02, 8.92e-13, 6.68e-11
2022-11-09, 06:55:07, 8.02e-13, 6.69e-11
2022-11-09, 06:55:11, 8.28e-13, 6.69e-11
2022-11-09, 06:55:15, 8.24e-13, 6.64e-11
2022-11-09, 06:55:19, 8.82e-13, 6.66e-11
2022-11-09, 06:55:23, 1.02e-12, 6.74e-11
2022-11-09, 06:55:28, 8.66e-13, 6.7e-11
2022-11-09, 06:55:32, 8.52e-13, 6.62e-11
2022-11-09, 06:55:36, 9.33e-13, 6.7e-11
2022-11-09, 06:55:40, 8.39e-13, 6.62e-11
2022-11-09, 06:55:44, 8.43e-13, 6.78e-11
2022-11-09, 06:55:49, 9.59e-13, 6.67e-11
2022-11-09, 06:55:53, 8.4e-13, 6.6e-11
2022-11-09, 06:55:57, 8.72e-13, 6.73e-11
2022-11-09, 06:56:01, 9.42e-13, 6.7e-11
2022-11-09, 06:56:06, 8.63e-13, 6.77e-11
2022-11-09, 06:56:10, 9.02e-13, 6.7e-11
2022-11-09, 06:56:14, 8.63e-13, 6.69e-11
2022-11-09, 06:56:18, 8.46e-13, 6.7e-11
2022-11-09, 06:56:22, 8.58e-13, 6.71e-11
2022-11-09, 06:56:27, 8.55e-13, 6.69e-11
2022-11-09, 06:56:31, 9.43e-13, 6.72e-11
2022-11-09, 06:56:35, 8.91e-13, 6.68e-11
2022-11-09, 06:56:39, 8.2e-13, 6.77e-11
2022-11-09, 06:56:44, 9.89e-13, 6.75e-11
2022-11-09, 06:56:48, 8.58e-13, 6.72e-11
2022-11-09, 06:56:52, 9.47e-13, 6.62e-11
2022-11-09, 06:56:56, 8.23e-13, 6.73e-11
2022-11-09, 06:57:00, 8.41e-13, 6.72e-11
2022-11-09, 06:57:05, 8.12e-13, 6.7e-11
2022-11-09, 06:57:09, 9.03e-13, 6.73e-11
2022-11-09, 06:57:13, 9.52e-13, 6.71e-11
2022-11-09, 06:57:17, 7.87e-13, 6.74e-11
2022-11-09, 06:57:22, 9.54e-13, 6.75e-11
2022-11-09, 06:57:26, 7.61e-13, 6.75e-11
2022-11-09, 06:57:30, 9.01e-13, 6.77e-11
2022-11-09, 06:57:34, 8.31e-13, 6.63e-11
2022-11-09, 06:57:38, 8.72e-13, 6.7e-11
2022-11-09, 06:57:43, 9.39e-13, 6.74e-11
2022-11-09, 06:57:47, 8.06e-13, 6.75e-11
2022-11-09, 06:57:51, 8.66e-13, 6.77e-11
2022-11-09, 06:57:55, 8.96e-13, 6.76e-11
2022-11-09, 06:58:00, 8.09e-13, 6.62e-11
2022-11-09, 06:58:04, 8.96e-13, 6.73e-11
2022-11-09, 06:58:08, 8.38e-13, 6.65e-11
2022-11-09, 06:58:12, 8.12e-13, 6.74e-11
2022-11-09, 06:58:16, 8.54e-13, 6.74e-11
2022-11-09, 06:58:21, 8.41e-13, 6.68e-11
2022-11-09, 06:58:25, 7.55e-13, 6.61e-11
2022-11-09, 06:58:29, 9e-13, 6.6e-11
2022-11-09, 06:58:33, 8.81e-13, 6.73e-11
2022-11-09, 06:58:38, 7.73e-13, 6.73e-11
2022-11-09, 06:58:42, 8.93e-13, 6.74e-11
2022-11-09, 06:58:46, 9.64e-13, 6.74e-11
2022-11-09, 06:58:50, 9.02e-13, 6.73e-11
2022-11-09, 06:58:54, 8.9e-13, 6.71e-11
2022-11-09, 06:58:59, 8.61e-13, 6.6e-11
2022-11-09, 06:59:03, 1.03e-12, 6.7e-11
2022-11-09, 06:59:07, 7.09e-13, 6.68e-11
2022-11-09, 06:59:11, 8.39e-13, 6.7e-11
2022-11-09, 06:59:15, 9.19e-13, 6.69e-11
2022-11-09, 06:59:20, 9.11e-13, 6.6e-11
2022-11-09, 06:59:24, 9.2e-13, 6.6e-11
2022-11-09, 06:59:28, 8.46e-13, 6.72e-11
2022-11-09, 06:59:32, 8.56e-13, 6.69e-11
2022-11-09, 06:59:37, 8.06e-13, 6.71e-11
2022-11-09, 06:59:41, 9.32e-13, 6.7e-11
2022-11-09, 06:59:45, 9.01e-13, 6.69e-11
2022-11-09, 06:59:49, 8.99e-13, 6.69e-11
2022-11-09, 06:59:53, 6.65e-13, 6.68e-11
2022-11-09, 06:59:58, 8.31e-13, 6.68e-11
2022-11-09, 07:00:02, 8.39e-13, 6.65e-11
2022-11-09, 07:00:06, 9.11e-13, 6.68e-11
2022-11-09, 07:00:10, 9.28e-13, 6.73e-11
2022-11-09, 07:00:15, 9.6e-13, 6.73e-11
2022-11-09, 07:00:19, 9.45e-13, 6.6e-11
2022-11-09, 07:00:23, 8.59e-13, 6.7e-11
2022-11-09, 07:00:27, 8.24e-13, 6.69e-11
2022-11-09, 07:00:32, 8.65e-13, 6.67e-11
2022-11-09, 07:00:36, 8.41e-13, 6.64e-11
2022-11-09, 07:00:40, 9e-13, 6.71e-11
2022-11-09, 07:00:44, 8.1e-13, 6.69e-11
2022-11-09, 07:00:48, 8.37e-13, 6.7e-11
2022-11-09, 07:00:53, 8.86e-13, 6.68e-11
2022-11-09, 07:00:57, 9.8e-13, 6.69e-11
2022-11-09, 07:01:01, 8.28e-13, 6.72e-11
2022-11-09, 07:01:05, 8.29e-13, 6.71e-11
2022-11-09, 07:01:09, 8.42e-13, 6.72e-11
2022-11-09, 07:01:14, 8.46e-13, 6.73e-11
2022-11-09, 07:01:18, 8.42e-13, 6.67e-11
2022-11-09, 07:01:22, 8.54e-13, 6.73e-11
2022-11-09, 07:01:26, 8.7e-13, 6.73e-11
2022-11-09, 07:01:31, 8.34e-13, 6.74e-11
2022-11-09, 07:01:35, 8.76e-13, 6.74e-11
2022-11-09, 07:01:39, 7.98e-13, 6.71e-11
2022-11-09, 07:01:43, 8.92e-13, 6.6e-11
2022-11-09, 07:01:47, 8.54e-13, 6.71e-11
2022-11-09, 07:01:52, 8.6e-13, 6.75e-11
2022-11-09, 07:01:56, 9.17e-13, 6.74e-11
2022-11-09, 07:02:00, 8.84e-13, 6.71e-11
2022-11-09, 07:02:04, 9.56e-13, 6.73e-11
2022-11-09, 07:02:09, 8.07e-13, 6.73e-11
2022-11-09, 07:02:13, 9.04e-13, 6.72e-11
2022-11-09, 07:02:17, 8.65e-13, 6.7e-11
2022-11-09, 07:02:21, 9.09e-13, 6.67e-11
2022-11-09, 07:02:25, 8.79e-13, 6.71e-11
2022-11-09, 07:02:30, 7.77e-13, 6.69e-11
2022-11-09, 07:02:34, 1.02e-12, 6.69e-11
2022-11-09, 07:02:38, 9.11e-13, 6.73e-11
2022-11-09, 07:02:42, 9.04e-13, 6.71e-11
2022-11-09, 07:02:47, 8.19e-13, 6.66e-11
2022-11-09, 07:02:51, 9.37e-13, 6.62e-11
2022-11-09, 07:02:55, 8.81e-13, 6.69e-11
2022-11-09, 07:02:59, 8.13e-13, 6.62e-11
2022-11-09, 07:03:03, 8.19e-13, 6.69e-11
2022-11-09, 07:03:08, 8.8e-13, 6.68e-11
2022-11-09, 07:03:12, 8.39e-13, 6.68e-11
2022-11-09, 07:03:16, 8.32e-13, 6.6e-11
2022-11-09, 07:03:20, 9.01e-13, 6.73e-11
2022-11-09, 07:03:25, 7.8e-13, 6.73e-11
2022-11-09, 07:03:29, 8.86e-13, 6.74e-11
2022-11-09, 07:03:33, 7.72e-13, 6.73e-11
2022-11-09, 07:03:37, 8.54e-13, 6.73e-11
2022-11-09, 07:03:41, 7.98e-13, 6.7e-11
2022-11-09, 07:03:46, 8.98e-13, 6.74e-11
2022-11-09, 07:03:50, 9.04e-13, 6.72e-11
2022-11-09, 07:03:54, 8.22e-13, 6.71e-11
2022-11-09, 07:03:58, 8.34e-13, 6.71e-11
2022-11-09, 07:04:03, 8.06e-13, 6.75e-11
2022-11-09, 07:04:07, 8.26e-13, 6.73e-11
2022-11-09, 07:04:11, 8.34e-13, 6.73e-11
2022-11-09, 07:04:15, 8.22e-13, 6.75e-11
2022-11-09, 07:04:19, 8.72e-13, 6.67e-11
2022-11-09, 07:04:24, 8.98e-13, 6.71e-11
2022-11-09, 07:04:28, 8.56e-13, 6.72e-11
2022-11-09, 07:04:32, 8.65e-13, 6.72e-11
2022-11-09, 07:04:36, 8.87e-13, 6.73e-11
2022-11-09, 07:04:40, 8.32e-13, 6.71e-11
2022-11-09, 07:04:45, 8.21e-13, 6.74e-11
2022-11-09, 07:04:49, 8.04e-13, 6.66e-11
2022-11-09, 07:04:53, 8.57e-13, 6.7e-11
2022-11-09, 07:04:57, 8.62e-13, 6.7e-11
2022-11-09, 07:05:02, 8.98e-13, 6.73e-11
2022-11-09, 07:05:06, 8.51e-13, 6.71e-11
2022-11-09, 07:05:10, 9.88e-13, 6.71e-11
2022-11-09, 07:05:14, 8.75e-13, 6.71e-11
2022-11-09, 07:05:18, 8.57e-13, 6.74e-11
2022-11-09, 07:05:23, 9.1e-13, 6.69e-11
2022-11-09, 07:05:27, 7.67e-13, 6.69e-11
2022-11-09, 07:05:31, 8.55e-13, 6.71e-11
2022-11-09, 07:05:35, 9.24e-13, 6.61e-11
2022-11-09, 07:05:40, 8.91e-13, 6.64e-11
2022-11-09, 07:05:44, 8.42e-13, 6.64e-11
2022-11-09, 07:05:48, 8.49e-13, 6.67e-11
2022-11-09, 07:05:52, 8.38e-13, 6.69e-11
2022-11-09, 07:05:56, 8.28e-13, 6.59e-11
2022-11-09, 07:06:01, 9.19e-13, 6.75e-11
2022-11-09, 07:06:05, 1.01e-12, 6.71e-11
2022-11-09, 07:06:09, 8.42e-13, 6.63e-11
2022-11-09, 07:06:13, 8.59e-13, 6.68e-11
2022-11-09, 07:06:18, 8.84e-13, 6.71e-11
2022-11-09, 07:06:22, 8.47e-13, 6.7e-11
2022-11-09, 07:06:26, 7.76e-13, 6.69e-11
2022-11-09, 07:06:30, 9.3e-13, 6.73e-11
2022-11-09, 07:06:34, 8.95e-13, 6.62e-11
2022-11-09, 07:06:39, 9.17e-13, 6.74e-11
2022-11-09, 07:06:43, 8.4e-13, 6.72e-11
2022-11-09, 07:06:47, 9.12e-13, 6.71e-11
2022-11-09, 07:06:51, 8.43e-13, 6.75e-11
2022-11-09, 07:06:56, 9.51e-13, 6.68e-11
2022-11-09, 07:07:00, 9.75e-13, 6.7e-11
2022-11-09, 07:07:04, 8.53e-13, 6.73e-11
2022-11-09, 07:07:08, 8.12e-13, 6.73e-11
2022-11-09, 07:07:12, 8.8e-13, 6.69e-11
2022-11-09, 07:07:17, 9.98e-13, 6.71e-11
2022-11-09, 07:07:21, 8.6e-13, 6.77e-11
2022-11-09, 07:07:25, 9.09e-13, 6.73e-11
2022-11-09, 07:07:29, 9.18e-13, 6.76e-11
2022-11-09, 07:07:34, 8.76e-13, 6.69e-11
2022-11-09, 07:07:38, 8.43e-13, 6.73e-11
2022-11-09, 07:07:42, 9.34e-13, 6.69e-11
2022-11-09, 07:07:46, 7.95e-13, 6.69e-11
2022-11-09, 07:07:50, 9.05e-13, 6.68e-11
2022-11-09, 07:07:55, 8.56e-13, 6.74e-11
2022-11-09, 07:07:59, 7.99e-13, 6.71e-11
2022-11-09, 07:08:03, 8.46e-13, 6.62e-11
2022-11-09, 07:08:07, 8.41e-13, 6.62e-11
2022-11-09, 07:08:11, 8.87e-13, 6.73e-11
2022-11-09, 07:08:16, 8.8e-13, 6.7e-11
2022-11-09, 07:08:20, 8.53e-13, 6.74e-11
2022-11-09, 07:08:24, 8.08e-13, 6.75e-11
2022-11-09, 07:08:28, 8.52e-13, 6.74e-11
2022-11-09, 07:08:33, 8.97e-13, 6.72e-11
2022-11-09, 07:08:37, 9.1e-13, 6.73e-11
2022-11-09, 07:08:41, 9.01e-13, 6.76e-11
2022-11-09, 07:08:45, 8.48e-13, 6.72e-11
2022-11-09, 07:08:49, 9.01e-13, 6.74e-11
2022-11-09, 07:08:54, 9.12e-13, 6.62e-11
2022-11-09, 07:08:58, 8.01e-13, 6.7e-11
2022-11-09, 07:09:02, 8.08e-13, 6.74e-11
2022-11-09, 07:09:06, 8.96e-13, 6.75e-11
2022-11-09, 07:09:11, 8.5e-13, 6.75e-11
2022-11-09, 07:09:15, 8.81e-13, 6.76e-11
2022-11-09, 07:09:19, 8.66e-13, 6.75e-11
2022-11-09, 07:09:23, 8.77e-13, 6.73e-11
2022-11-09, 07:09:27, 8.85e-13, 6.73e-11
2022-11-09, 07:09:32, 8.35e-13, 6.75e-11
2022-11-09, 07:09:36, 8.72e-13, 6.74e-11
2022-11-09, 07:09:40, 9.45e-13, 6.74e-11
2022-11-09, 07:09:44, 8.25e-13, 6.73e-11
2022-11-09, 07:09:49, 8.28e-13, 6.68e-11
2022-11-09, 07:09:53, 8.78e-13, 6.75e-11
2022-11-09, 07:09:57, 8.36e-13, 6.67e-11
2022-11-09, 07:10:01, 8.94e-13, 6.72e-11
2022-11-09, 07:10:05, 8.41e-13, 6.69e-11
2022-11-09, 07:10:10, 8.33e-13, 6.72e-11
2022-11-09, 07:10:14, 8.57e-13, 6.72e-11
2022-11-09, 07:10:18, 8.36e-13, 6.7e-11
2022-11-09, 07:10:22, 7.67e-13, 6.71e-11
2022-11-09, 07:10:27, 8.13e-13, 6.71e-11
2022-11-09, 07:10:31, 9.09e-13, 6.68e-11
2022-11-09, 07:10:35, 9.13e-13, 6.7e-11
2022-11-09, 07:10:39, 9.06e-13, 6.71e-11
2022-11-09, 07:10:43, 8.65e-13, 6.73e-11
2022-11-09, 07:10:48, 8.21e-13, 6.73e-11
2022-11-09, 07:10:52, 8.37e-13, 6.69e-11
2022-11-09, 07:10:56, 9.24e-13, 6.74e-11
2022-11-09, 07:11:00, 8.78e-13, 6.7e-11
2022-11-09, 07:11:05, 9.01e-13, 6.64e-11
2022-11-09, 07:11:09, 7.82e-13, 6.69e-11
2022-11-09, 07:11:13, 8.18e-13, 6.71e-11
2022-11-09, 07:11:17, 8.95e-13, 6.7e-11
2022-11-09, 07:11:21, 8.07e-13, 6.72e-11
2022-11-09, 07:11:26, 8.52e-13, 6.72e-11
2022-11-09, 07:11:30, 8.84e-13, 6.68e-11
2022-11-09, 07:11:34, 8.6e-13, 6.69e-11
2022-11-09, 07:11:38, 9.04e-13, 6.7e-11
2022-11-09, 07:11:42, 8.69e-13, 6.66e-11
2022-11-09, 07:11:47, 9.32e-13, 6.65e-11
2022-11-09, 07:11:51, 8.26e-13, 6.73e-11
2022-11-09, 07:11:55, 8.76e-13, 6.7e-11
2022-11-09, 07:11:59, 1.02e-12, 6.64e-11
2022-11-09, 07:12:04, 8.13e-13, 6.72e-11
2022-11-09, 07:12:08, 8.63e-13, 6.69e-11
2022-11-09, 07:12:12, 8.42e-13, 6.7e-11
2022-11-09, 07:12:16, 8.56e-13, 6.72e-11
2022-11-09, 07:12:20, 8.77e-13, 6.74e-11
2022-11-09, 07:12:25, 8.81e-13, 6.74e-11
2022-11-09, 07:12:29, 8.91e-13, 6.67e-11
2022-11-09, 07:12:33, 8.41e-13, 6.72e-11
2022-11-09, 07:12:37, 8.47e-13, 6.74e-11
2022-11-09, 07:12:42, 8.51e-13, 6.73e-11
2022-11-09, 07:12:46, 9.17e-13, 6.62e-11
2022-11-09, 07:12:50, 7.99e-13, 6.71e-11
2022-11-09, 07:12:54, 8.28e-13, 6.72e-11
2022-11-09, 07:12:58, 8.94e-13, 6.72e-11
2022-11-09, 07:13:03, 9.08e-13, 6.74e-11
2022-11-09, 07:13:07, 9.08e-13, 6.73e-11
2022-11-09, 07:13:11, 8.33e-13, 6.71e-11
2022-11-09, 07:13:15, 8.77e-13, 6.72e-11
2022-11-09, 07:13:20, 8.59e-13, 6.7e-11
2022-11-09, 07:13:24, 1.01e-12, 6.71e-11
2022-11-09, 07:13:28, 8.43e-13, 6.72e-11
2022-11-09, 07:13:32, 8.47e-13, 6.72e-11
2022-11-09, 07:13:36, 9.35e-13, 6.74e-11
2022-11-09, 07:13:41, 8.11e-13, 6.71e-11
2022-11-09, 07:13:45, 8.75e-13, 6.7e-11
2022-11-09, 07:13:49, 8.46e-13, 6.7e-11
2022-11-09, 07:13:53, 8.48e-13, 6.73e-11
2022-11-09, 07:13:58, 9.02e-13, 6.73e-11
2022-11-09, 07:14:02, 8.36e-13, 6.72e-11
2022-11-09, 07:14:06, 8.59e-13, 6.75e-11
2022-11-09, 07:14:10, 8.88e-13, 6.75e-11
2022-11-09, 07:14:14, 9.04e-13, 6.7e-11
2022-11-09, 07:14:19, 8.11e-13, 6.73e-11
2022-11-09, 07:14:23, 8.36e-13, 6.74e-11
2022-11-09, 07:14:27, 8.96e-13, 6.71e-11
2022-11-09, 07:14:31, 8.44e-13, 6.64e-11
2022-11-09, 07:14:36, 8.11e-13, 6.72e-11
2022-11-09, 07:14:40, 8.92e-13, 6.65e-11
2022-11-09, 07:14:44, 8.49e-13, 6.67e-11
2022-11-09, 07:14:48, 8.64e-13, 6.7e-11
2022-11-09, 07:14:52, 8.93e-13, 6.72e-11
2022-11-09, 07:14:57, 8.92e-13, 6.7e-11
2022-11-09, 07:15:01, 8.5e-13, 6.71e-11
2022-11-09, 07:15:05, 8.26e-13, 6.71e-11
2022-11-09, 07:15:09, 8.68e-13, 6.71e-11
2022-11-09, 07:15:13, 8.52e-13, 6.72e-11
2022-11-09, 07:15:18, 8.83e-13, 6.71e-11
2022-11-09, 07:15:22, 8.58e-13, 6.73e-11
2022-11-09, 07:15:26, 1.01e-12, 6.72e-11
2022-11-09, 07:15:30, 8.6e-13, 6.73e-11
2022-11-09, 07:15:35, 8.47e-13, 6.74e-11
2022-11-09, 07:15:39, 7.91e-13, 6.73e-11
2022-11-09, 07:15:43, 8.72e-13, 6.62e-11
2022-11-09, 07:15:47, 8.51e-13, 6.72e-11
2022-11-09, 07:15:51, 8.73e-13, 6.72e-11
2022-11-09, 07:15:56, 9.1e-13, 6.74e-11
2022-11-09, 07:16:00, 8.2e-13, 6.75e-11
2022-11-09, 07:16:04, 8.32e-13, 6.73e-11
2022-11-09, 07:16:08, 8.78e-13, 6.71e-11
2022-11-09, 07:16:13, 8.2e-13, 6.71e-11
2022-11-09, 07:16:17, 8.13e-13, 6.73e-11
2022-11-09, 07:16:21, 9.44e-13, 6.72e-11
2022-11-09, 07:16:25, 8.98e-13, 6.72e-11
2022-11-09, 07:16:29, 8.68e-13, 6.7e-11
2022-11-09, 07:16:34, 8.78e-13, 6.73e-11
2022-11-09, 07:16:38, 8.51e-13, 6.71e-11
2022-11-09, 07:16:42, 9.2e-13, 6.69e-11
2022-11-09, 07:16:46, 8.51e-13, 6.65e-11
2022-11-09, 07:16:51, 8.89e-13, 6.73e-11
2022-11-09, 07:16:55, 9.02e-13, 6.75e-11
2022-11-09, 07:16:59, 9.02e-13, 6.74e-11
2022-11-09, 07:17:03, 9.28e-13, 6.74e-11
2022-11-09, 07:17:07, 9.99e-13, 6.74e-11
2022-11-09, 07:17:12, 9.11e-13, 6.62e-11
2022-11-09, 07:17:16, 8.01e-13, 6.64e-11
2022-11-09, 07:17:20, 8.78e-13, 6.64e-11
2022-11-09, 07:17:24, 8.73e-13, 6.71e-11
2022-11-09, 07:17:29, 7.84e-13, 6.72e-11
2022-11-09, 07:17:33, 9.08e-13, 6.73e-11
2022-11-09, 07:17:37, 8.53e-13, 6.75e-11
2022-11-09, 07:17:41, 8.46e-13, 6.73e-11
2022-11-09, 07:17:45, 7.88e-13, 6.72e-11
2022-11-09, 07:17:50, 9.31e-13, 6.75e-11
2022-11-09, 07:17:54, 8.34e-13, 6.76e-11
2022-11-09, 07:17:58, 8.72e-13, 6.72e-11
2022-11-09, 07:18:02, 8.6e-13, 6.71e-11
2022-11-09, 07:18:07, 9.13e-13, 6.74e-11
2022-11-09, 07:18:11, 8.38e-13, 6.66e-11
2022-11-09, 07:18:15, 7.53e-13, 6.62e-11
2022-11-09, 07:18:19, 8.27e-13, 6.72e-11
2022-11-09, 07:18:23, 8.73e-13, 6.73e-11
2022-11-09, 07:18:28, 8.53e-13, 6.75e-11
2022-11-09, 07:18:32, 9.23e-13, 6.71e-11
2022-11-09, 07:18:36, 9e-13, 6.69e-11
2022-11-09, 07:18:40, 8.77e-13, 6.69e-11
2022-11-09, 07:18:44, 8.45e-13, 6.71e-11
2022-11-09, 07:18:49, 9.04e-13, 6.72e-11
2022-11-09, 07:18:53, 8.47e-13, 6.73e-11
2022-11-09, 07:18:57, 8.78e-13, 6.72e-11
2022-11-09, 07:19:01, 8.43e-13, 6.69e-11
2022-11-09, 07:19:06, 8.34e-13, 6.72e-11
2022-11-09, 07:19:10, 9.31e-13, 6.74e-11
2022-11-09, 07:19:14, 8.83e-13, 6.7e-11
2022-11-09, 07:19:18, 8.63e-13, 6.71e-11
2022-11-09, 07:19:22, 8.63e-13, 6.74e-11
2022-11-09, 07:19:27, 8.29e-13, 6.7e-11
2022-11-09, 07:19:31, 9.37e-13, 6.71e-11
2022-11-09, 07:19:35, 8.53e-13, 6.72e-11
2022-11-09, 07:19:39, 9e-13, 6.71e-11
2022-11-09, 07:19:44, 8.88e-13, 6.72e-11
2022-11-09, 07:19:48, 8.82e-13, 6.74e-11
2022-11-09, 07:19:52, 8.74e-13, 6.74e-11
2022-11-09, 07:19:56, 8.42e-13, 6.73e-11
2022-11-09, 07:20:00, 8.58e-13, 6.72e-11
2022-11-09, 07:20:05, 8.74e-13, 6.71e-11
2022-11-09, 07:20:09, 8.81e-13, 6.72e-11
2022-11-09, 07:20:13, 8.46e-13, 6.75e-11
2022-11-09, 07:20:17, 8.66e-13, 6.73e-11
2022-11-09, 07:20:22, 8.79e-13, 6.73e-11
2022-11-09, 07:20:26, 8.48e-13, 6.72e-11
2022-11-09, 07:20:30, 8.16e-13, 6.73e-11
2022-11-09, 07:20:34, 8.45e-13, 6.72e-11
2022-11-09, 07:20:38, 8.62e-13, 6.71e-11
2022-11-09, 07:20:43, 8.65e-13, 6.66e-11
2022-11-09, 07:20:47, 9e-13, 6.73e-11
2022-11-09, 07:20:51, 8.71e-13, 6.7e-11
2022-11-09, 07:20:55, 8.29e-13, 6.61e-11
2022-11-09, 07:21:00, 8.46e-13, 6.62e-11
2022-11-09, 07:21:04, 8.87e-13, 6.68e-11
2022-11-09, 07:21:08, 9.1e-13, 6.73e-11
2022-11-09, 07:21:12, 8.46e-13, 6.74e-11
2022-11-09, 07:21:16, 8.8e-13, 6.71e-11
2022-11-09, 07:21:21, 8.83e-13, 6.72e-11
2022-11-09, 07:21:25, 8.42e-13, 6.72e-11
2022-11-09, 07:21:29, 8.9e-13, 6.68e-11
2022-11-09, 07:21:33, 8.34e-13, 6.6e-11
2022-11-09, 07:21:38, 8.92e-13, 6.69e-11
2022-11-09, 07:21:42, 8.05e-13, 6.71e-11
2022-11-09, 07:21:46, 8.59e-13, 6.72e-11
2022-11-09, 07:21:50, 8.73e-13, 6.71e-11
2022-11-09, 07:21:54, 8.75e-13, 6.7e-11
2022-11-09, 07:21:59, 7.72e-13, 6.72e-11
2022-11-09, 07:22:03, 7.63e-13, 6.72e-11
2022-11-09, 07:22:07, 9.55e-13, 6.73e-11
2022-11-09, 07:22:11, 9.03e-13, 6.72e-11
2022-11-09, 07:22:16, 1.08e-12, 6.7e-11
2022-11-09, 07:22:20, 8.43e-13, 6.72e-11
2022-11-09, 07:22:24, 8.88e-13, 6.61e-11
2022-11-09, 07:22:28, 8.42e-13, 6.71e-11
2022-11-09, 07:22:32, 8.41e-13, 6.73e-11
2022-11-09, 07:22:37, 8.78e-13, 6.7e-11
2022-11-09, 07:22:41, 8.5e-13, 6.7e-11
2022-11-09, 07:22:45, 9.03e-13, 6.71e-11
2022-11-09, 07:22:49, 7.68e-13, 6.7e-11
2022-11-09, 07:22:54, 8.32e-13, 6.72e-11
2022-11-09, 07:22:58, 8.58e-13, 6.6e-11
2022-11-09, 07:23:02, 8.45e-13, 6.71e-11
2022-11-09, 07:23:06, 9.33e-13, 6.7e-11
2022-11-09, 07:23:10, 8.68e-13, 6.7e-11
2022-11-09, 07:23:15, 8.57e-13, 6.71e-11
2022-11-09, 07:23:19, 9.75e-13, 6.69e-11
2022-11-09, 07:23:23, 8.84e-13, 6.7e-11
2022-11-09, 07:23:27, 8.79e-13, 6.69e-11
2022-11-09, 07:23:31, 8.96e-13, 6.71e-11
2022-11-09, 07:23:36, 9.83e-13, 6.69e-11
2022-11-09, 07:23:40, 9.59e-13, 6.66e-11
2022-11-09, 07:23:44, 7.95e-13, 6.71e-11
2022-11-09, 07:23:48, 8.26e-13, 6.71e-11
2022-11-09, 07:23:53, 8.27e-13, 6.69e-11
2022-11-09, 07:23:57, 8.61e-13, 6.7e-11
2022-11-09, 07:24:01, 9.26e-13, 6.69e-11
2022-11-09, 07:24:05, 8.61e-13, 6.69e-11
2022-11-09, 07:24:10, 8.78e-13, 6.72e-11
2022-11-09, 07:24:14, 8.63e-13, 6.71e-11
2022-11-09, 07:24:18, 8.64e-13, 6.66e-11
2022-11-09, 07:24:22, 8.88e-13, 6.68e-11
2022-11-09, 07:24:26, 9.46e-13, 6.71e-11
2022-11-09, 07:24:31, 8.69e-13, 6.67e-11
2022-11-09, 07:24:35, 8.66e-13, 6.72e-11
2022-11-09, 07:24:39, 8.41e-13, 6.7e-11
2022-11-09, 07:24:43, 8.67e-13, 6.67e-11
2022-11-09, 07:24:47, 8.05e-13, 6.69e-11
2022-11-09, 07:24:52, 8.53e-13, 6.67e-11
2022-11-09, 07:24:56, 8.88e-13, 6.68e-11
2022-11-09, 07:25:00, 8.68e-13, 6.72e-11
2022-11-09, 07:25:04, 8.5e-13, 6.65e-11
2022-11-09, 07:25:09, 8.58e-13, 6.73e-11
2022-11-09, 07:25:13, 8.83e-13, 6.74e-11
2022-11-09, 07:25:17, 8.07e-13, 6.72e-11
2022-11-09, 07:25:21, 8.33e-13, 6.7e-11
2022-11-09, 07:25:25, 8.7e-13, 6.67e-11
2022-11-09, 07:25:30, 9.29e-13, 6.68e-11
2022-11-09, 07:25:34, 8.9e-13, 6.71e-11
2022-11-09, 07:25:38, 9.09e-13, 6.7e-11
2022-11-09, 07:25:42, 8.59e-13, 6.72e-11
2022-11-09, 07:25:47, 8.53e-13, 6.72e-11
2022-11-09, 07:25:51, 8.57e-13, 6.7e-11
2022-11-09, 07:25:55, 8.21e-13, 6.68e-11
2022-11-09, 07:25:59, 7.27e-13, 6.69e-11
2022-11-09, 07:26:03, 8.52e-13, 6.71e-11
2022-11-09, 07:26:08, 8.91e-13, 6.72e-11
2022-11-09, 07:26:12, 8.29e-13, 6.7e-11
2022-11-09, 07:26:16, 7.82e-13, 6.75e-11
2022-11-09, 07:26:20, 8.78e-13, 6.71e-11
2022-11-09, 07:26:25, 9.38e-13, 6.69e-11
2022-11-09, 07:26:29, 9.45e-13, 6.71e-11
2022-11-09, 07:26:33, 8.8e-13, 6.69e-11
2022-11-09, 07:26:37, 7.87e-13, 6.71e-11
2022-11-09, 07:26:41, 8.21e-13, 6.67e-11
2022-11-09, 07:26:46, 8.59e-13, 6.75e-11
2022-11-09, 07:26:50, 9e-13, 6.71e-11
2022-11-09, 07:26:54, 8.4e-13, 6.73e-11
2022-11-09, 07:26:58, 9.17e-13, 6.7e-11
2022-11-09, 07:27:03, 8.51e-13, 6.74e-11
2022-11-09, 07:27:07, 8.57e-13, 6.7e-11
2022-11-09, 07:27:11, 8.86e-13, 6.73e-11
2022-11-09, 07:27:15, 8.48e-13, 6.74e-11
2022-11-09, 07:27:19, 8.68e-13, 6.74e-11
2022-11-09, 07:27:24, 8.79e-13, 6.71e-11
2022-11-09, 07:27:28, 8.84e-13, 6.61e-11
2022-11-09, 07:27:32, 8.44e-13, 6.72e-11
2022-11-09, 07:27:36, 9.04e-13, 6.73e-11
2022-11-09, 07:27:40, 8.73e-13, 6.73e-11
2022-11-09, 07:27:45, 7.87e-13, 6.7e-11
2022-11-09, 07:27:49, 9.05e-13, 6.63e-11
2022-11-09, 07:27:53, 8.33e-13, 6.69e-11
2022-11-09, 07:27:57, 7.94e-13, 6.71e-11
2022-11-09, 07:28:02, 8.95e-13, 6.72e-11
2022-11-09, 07:28:06, 9.24e-13, 6.71e-11
2022-11-09, 07:28:10, 8.97e-13, 6.75e-11
2022-11-09, 07:28:14, 9.44e-13, 6.75e-11
2022-11-09, 07:28:18, 8.27e-13, 6.8e-11
2022-11-09, 07:28:23, 8.54e-13, 6.76e-11
2022-11-09, 07:28:27, 9.58e-13, 6.78e-11
2022-11-09, 07:28:31, 9.57e-13, 6.71e-11
2022-11-09, 07:28:35, 8.63e-13, 6.79e-11
2022-11-09, 07:28:40, 8.53e-13, 6.77e-11
2022-11-09, 07:28:44, 8.24e-13, 6.74e-11
2022-11-09, 07:28:48, 8.24e-13, 6.65e-11
2022-11-09, 07:28:52, 9.05e-13, 6.73e-11
2022-11-09, 07:28:56, 8.92e-13, 6.67e-11
2022-11-09, 07:29:01, 8.72e-13, 6.65e-11
2022-11-09, 07:29:05, 8.32e-13, 6.73e-11
2022-11-09, 07:29:09, 8.42e-13, 6.73e-11
2022-11-09, 07:29:13, 8.68e-13, 6.74e-11
2022-11-09, 07:29:18, 8.58e-13, 6.7e-11
2022-11-09, 07:29:22, 8.55e-13, 6.72e-11
2022-11-09, 07:29:26, 9.34e-13, 6.71e-11
2022-11-09, 07:29:30, 8.54e-13, 6.67e-11
2022-11-09, 07:29:34, 8.9e-13, 6.69e-11
2022-11-09, 07:29:39, 8.63e-13, 6.7e-11
2022-11-09, 07:29:43, 8.57e-13, 6.72e-11
2022-11-09, 07:29:47, 9.02e-13, 6.68e-11
2022-11-09, 07:29:51, 9.8e-13, 6.73e-11
2022-11-09, 07:29:56, 8.56e-13, 6.7e-11
2022-11-09, 07:30:00, 9.24e-13, 6.7e-11
2022-11-09, 07:30:04, 8.72e-13, 6.61e-11
2022-11-09, 07:30:08, 8.95e-13, 6.71e-11
2022-11-09, 07:30:12, 8.73e-13, 6.69e-11
2022-11-09, 07:30:17, 9.11e-13, 6.68e-11
2022-11-09, 07:30:21, 8.47e-13, 6.7e-11
2022-11-09, 07:30:25, 8.69e-13, 6.7e-11
2022-11-09, 07:30:29, 8.38e-13, 6.64e-11
2022-11-09, 07:30:34, 8.6e-13, 6.75e-11
2022-11-09, 07:30:38, 7.68e-13, 6.73e-11
2022-11-09, 07:30:42, 8.32e-13, 6.73e-11
2022-11-09, 07:30:46, 8.65e-13, 6.72e-11
2022-11-09, 07:30:50, 8.16e-13, 6.74e-11
2022-11-09, 07:30:55, 9.21e-13, 6.73e-11
2022-11-09, 07:30:59, 8.77e-13, 6.72e-11
2022-11-09, 07:31:03, 8.64e-13, 6.73e-11
2022-11-09, 07:31:07, 8.73e-13, 6.74e-11
2022-11-09, 07:31:12, 8.24e-13, 6.76e-11
2022-11-09, 07:31:16, 7.26e-13, 6.75e-11
2022-11-09, 07:31:20, 9.28e-13, 6.74e-11
2022-11-09, 07:31:24, 8.02e-13, 6.74e-11
2022-11-09, 07:31:28, 8.74e-13, 6.75e-11
2022-11-09, 07:31:33, 8.14e-13, 6.72e-11
2022-11-09, 07:31:37, 8.72e-13, 6.62e-11
2022-11-09, 07:31:41, 8.62e-13, 6.62e-11
2022-11-09, 07:31:45, 8.7e-13, 6.73e-11
2022-11-09, 07:31:49, 8.39e-13, 6.74e-11
2022-11-09, 07:31:54, 8.53e-13, 6.69e-11
2022-11-09, 07:31:58, 9.03e-13, 6.75e-11
2022-11-09, 07:32:02, 8.8e-13, 6.75e-11
2022-11-09, 07:32:06, 8.8e-13, 6.72e-11
2022-11-09, 07:32:11, 8.53e-13, 6.78e-11
2022-11-09, 07:32:15, 8.89e-13, 6.77e-11
2022-11-09, 07:32:19, 8.89e-13, 6.79e-11
2022-11-09, 07:32:23, 8.4e-13, 6.7e-11
2022-11-09, 07:32:27, 7.9e-13, 6.76e-11
2022-11-09, 07:32:32, 8.39e-13, 6.76e-11
2022-11-09, 07:32:36, 8.77e-13, 6.75e-11
2022-11-09, 07:32:40, 8.91e-13, 6.76e-11
2022-11-09, 07:32:44, 8.47e-13, 6.78e-11
2022-11-09, 07:32:49, 8.73e-13, 6.76e-11
2022-11-09, 07:32:53, 8.54e-13, 6.62e-11
2022-11-09, 07:32:57, 8.68e-13, 6.73e-11
2022-11-09, 07:33:01, 8.35e-13, 6.76e-11
2022-11-09, 07:33:05, 7.03e-13, 6.72e-11
2022-11-09, 07:33:10, 8.57e-13, 6.69e-11
2022-11-09, 07:33:14, 8.69e-13, 6.71e-11
2022-11-09, 07:33:18, 8.82e-13, 6.71e-11
2022-11-09, 07:33:22, 8.3e-13, 6.71e-11
2022-11-09, 07:33:27, 9.12e-13, 6.74e-11
2022-11-09, 07:33:31, 8.63e-13, 6.7e-11
2022-11-09, 07:33:35, 8.45e-13, 6.74e-11
2022-11-09, 07:33:39, 8.9e-13, 6.7e-11
2022-11-09, 07:33:43, 8.82e-13, 6.74e-11
2022-11-09, 07:33:48, 8.28e-13, 6.68e-11
2022-11-09, 07:33:52, 8.81e-13, 6.73e-11
2022-11-09, 07:33:56, 8.93e-13, 6.71e-11
2022-11-09, 07:34:00, 8.74e-13, 6.73e-11
2022-11-09, 07:34:05, 7.93e-13, 6.72e-11
2022-11-09, 07:34:09, 7.68e-13, 6.73e-11
2022-11-09, 07:34:13, 8.52e-13, 6.7e-11
2022-11-09, 07:34:17, 8.69e-13, 6.63e-11
2022-11-09, 07:34:21, 9.19e-13, 6.64e-11
2022-11-09, 07:34:26, 7.94e-13, 6.73e-11
2022-11-09, 07:34:30, 8.7e-13, 6.72e-11
2022-11-09, 07:34:34, 8.68e-13, 6.69e-11
2022-11-09, 07:34:38, 8.31e-13, 6.7e-11
2022-11-09, 07:34:43, 8.77e-13, 6.73e-11
2022-11-09, 07:34:47, 9.46e-13, 6.7e-11
2022-11-09, 07:34:51, 8.68e-13, 6.76e-11
2022-11-09, 07:34:55, 8.84e-13, 6.7e-11
2022-11-09, 07:34:59, 8.9e-13, 6.72e-11
2022-11-09, 07:35:04, 8.28e-13, 6.71e-11
2022-11-09, 07:35:08, 7.51e-13, 6.72e-11
2022-11-09, 07:35:12, 8.04e-13, 6.71e-11
2022-11-09, 07:35:16, 8.51e-13, 6.72e-11
2022-11-09, 07:35:20, 8.57e-13, 6.73e-11
2022-11-09, 07:35:25, 8.16e-13, 6.71e-11
2022-11-09, 07:35:29, 8.14e-13, 6.71e-11
2022-11-09, 07:35:33, 8.92e-13, 6.7e-11
2022-11-09, 07:35:37, 9.06e-13, 6.7e-11
2022-11-09, 07:35:42, 8.62e-13, 6.73e-11
2022-11-09, 07:35:46, 8.36e-13, 6.74e-11
2022-11-09, 07:35:50, 8.3e-13, 6.69e-11
2022-11-09, 07:35:54, 8.76e-13, 6.69e-11
2022-11-09, 07:35:58, 8.51e-13, 6.68e-11
2022-11-09, 07:36:03, 9.97e-13, 6.68e-11
2022-11-09, 07:36:07, 9.21e-13, 6.66e-11
2022-11-09, 07:36:11, 9.18e-13, 6.68e-11
2022-11-09, 07:36:15, 8.89e-13, 6.65e-11
2022-11-09, 07:36:20, 8.52e-13, 6.71e-11
2022-11-09, 07:36:24, 8.69e-13, 6.71e-11
2022-11-09, 07:36:28, 9.01e-13, 6.7e-11
2022-11-09, 07:36:32, 8.68e-13, 6.67e-11
2022-11-09, 07:36:36, 9.8e-13, 6.64e-11
2022-11-09, 07:36:41, 8.68e-13, 6.71e-11
2022-11-09, 07:36:45, 8.45e-13, 6.71e-11
2022-11-09, 07:36:49, 8.72e-13, 6.73e-11
2022-11-09, 07:36:53, 8.69e-13, 6.7e-11
2022-11-09, 07:36:58, 8.89e-13, 6.66e-11
2022-11-09, 07:37:02, 8.03e-13, 6.69e-11
2022-11-09, 07:37:06, 8.73e-13, 6.69e-11
2022-11-09, 07:37:10, 8.45e-13, 6.71e-11
2022-11-09, 07:37:14, 8.95e-13, 6.7e-11
2022-11-09, 07:37:19, 8.67e-13, 6.66e-11
2022-11-09, 07:37:23, 8.61e-13, 6.73e-11
2022-11-09, 07:37:27, 8.94e-13, 6.71e-11
2022-11-09, 07:37:31, 8.35e-13, 6.73e-11
2022-11-09, 07:37:36, 7.87e-13, 6.71e-11
2022-11-09, 07:37:40, 8.06e-13, 6.7e-11
2022-11-09, 07:37:44, 7.85e-13, 6.68e-11
2022-11-09, 07:37:48, 8.79e-13, 6.69e-11
2022-11-09, 07:37:52, 8.37e-13, 6.7e-11
2022-11-09, 07:37:57, 9.05e-13, 6.63e-11
2022-11-09, 07:38:01, 8.36e-13, 6.69e-11
2022-11-09, 07:38:05, 8.18e-13, 6.68e-11
2022-11-09, 07:38:09, 8.17e-13, 6.66e-11
2022-11-09, 07:38:14, 9.05e-13, 6.7e-11
2022-11-09, 07:38:18, 8.51e-13, 6.68e-11
2022-11-09, 07:38:22, 9.99e-13, 6.7e-11
2022-11-09, 07:38:26, 8.4e-13, 6.67e-11
2022-11-09, 07:38:30, 7.98e-13, 6.69e-11
2022-11-09, 07:38:35, 8.43e-13, 6.68e-11
2022-11-09, 07:38:39, 8.73e-13, 6.7e-11
2022-11-09, 07:38:43, 8.82e-13, 6.69e-11
2022-11-09, 07:38:47, 8.08e-13, 6.68e-11
2022-11-09, 07:38:52, 8.75e-13, 6.68e-11
2022-11-09, 07:38:56, 8.23e-13, 6.68e-11
2022-11-09, 07:39:00, 9.34e-13, 6.69e-11
2022-11-09, 07:39:04, 8.47e-13, 6.66e-11
2022-11-09, 07:39:08, 9.1e-13, 6.61e-11
2022-11-09, 07:39:13, 7.99e-13, 6.69e-11
2022-11-09, 07:39:17, 8.46e-13, 6.69e-11
2022-11-09, 07:39:21, 9e-13, 6.7e-11
2022-11-09, 07:39:25, 9.54e-13, 6.69e-11
2022-11-09, 07:39:29, 8.39e-13, 6.7e-11
2022-11-09, 07:39:34, 7.6e-13, 6.69e-11
2022-11-09, 07:39:38, 8.57e-13, 6.61e-11
2022-11-09, 07:39:42, 9e-13, 6.72e-11
2022-11-09, 07:39:46, 8.04e-13, 6.71e-11
2022-11-09, 07:39:51, 8.07e-13, 6.65e-11
2022-11-09, 07:39:55, 9.12e-13, 6.72e-11
2022-11-09, 07:39:59, 8.88e-13, 6.71e-11
2022-11-09, 07:40:03, 9.12e-13, 6.69e-11
2022-11-09, 07:40:07, 8.3e-13, 6.7e-11
2022-11-09, 07:40:12, 8.5e-13, 6.66e-11
2022-11-09, 07:40:16, 9.21e-13, 6.69e-11
2022-11-09, 07:40:20, 8.73e-13, 6.64e-11
2022-11-09, 07:40:24, 1.02e-12, 6.7e-11
2022-11-09, 07:40:29, 8.37e-13, 6.66e-11
2022-11-09, 07:40:33, 8.09e-13, 6.68e-11
2022-11-09, 07:40:37, 9.36e-13, 6.71e-11
2022-11-09, 07:40:41, 9.13e-13, 6.69e-11
2022-11-09, 07:40:45, 8.37e-13, 6.66e-11
2022-11-09, 07:40:50, 8.96e-13, 6.68e-11
2022-11-09, 07:40:54, 8.74e-13, 6.69e-11
2022-11-09, 07:40:58, 7.78e-13, 6.7e-11
2022-11-09, 07:41:02, 8.34e-13, 6.67e-11
2022-11-09, 07:41:07, 7.98e-13, 6.68e-11
2022-11-09, 07:41:11, 8.28e-13, 6.68e-11
2022-11-09, 07:41:15, 8.83e-13, 6.68e-11
2022-11-09, 07:41:19, 7.7e-13, 6.71e-11
2022-11-09, 07:41:23, 8.56e-13, 6.67e-11
2022-11-09, 07:41:28, 9.26e-13, 6.68e-11
2022-11-09, 07:41:32, 8.71e-13, 6.72e-11
2022-11-09, 07:41:36, 8.69e-13, 6.7e-11
2022-11-09, 07:41:40, 8.47e-13, 6.69e-11
2022-11-09, 07:41:45, 8.69e-13, 6.69e-11
2022-11-09, 07:41:49, 8.51e-13, 6.7e-11
2022-11-09, 07:41:53, 8.38e-13, 6.7e-11
2022-11-09, 07:41:57, 8.9e-13, 6.67e-11
2022-11-09, 07:42:01, 8.98e-13, 6.7e-11
2022-11-09, 07:42:06, 8.26e-13, 6.7e-11
2022-11-09, 07:42:10, 9.06e-13, 6.7e-11
2022-11-09, 07:42:14, 7.28e-13, 6.65e-11
2022-11-09, 07:42:18, 1.01e-12, 6.72e-11
2022-11-09, 07:42:23, 9.92e-13, 6.7e-11
2022-11-09, 07:42:27, 8.24e-13, 6.7e-11
2022-11-09, 07:42:31, 7.81e-13, 6.7e-11
2022-11-09, 07:42:35, 8.66e-13, 6.71e-11
2022-11-09, 07:42:39, 8.71e-13, 6.69e-11
2022-11-09, 07:42:44, 8.33e-13, 6.68e-11
2022-11-09, 07:42:48, 9.01e-13, 6.7e-11
2022-11-09, 07:42:52, 8.22e-13, 6.69e-11
2022-11-09, 07:42:56, 7.34e-13, 6.63e-11
2022-11-09, 07:43:01, 8.72e-13, 6.7e-11
2022-11-09, 07:43:05, 8.02e-13, 6.71e-11
2022-11-09, 07:43:09, 8.17e-13, 6.7e-11
2022-11-09, 07:43:13, 8.31e-13, 6.69e-11
2022-11-09, 07:43:17, 7.97e-13, 6.67e-11
2022-11-09, 07:43:22, 9.29e-13, 6.7e-11
2022-11-09, 07:43:26, 9.02e-13, 6.68e-11
2022-11-09, 07:43:30, 9.87e-13, 6.7e-11
2022-11-09, 07:43:34, 8.97e-13, 6.69e-11
2022-11-09, 07:43:38, 8.89e-13, 6.69e-11
2022-11-09, 07:43:43, 9.86e-13, 6.73e-11
2022-11-09, 07:43:47, 9.13e-13, 6.62e-11
2022-11-09, 07:43:51, 8.52e-13, 6.67e-11
2022-11-09, 07:43:55, 8.69e-13, 6.68e-11
2022-11-09, 07:44:00, 8.73e-13, 6.66e-11
2022-11-09, 07:44:04, 8.16e-13, 6.59e-11
2022-11-09, 07:44:08, 9.04e-13, 6.61e-11
2022-11-09, 07:44:12, 8.14e-13, 6.7e-11
2022-11-09, 07:44:16, 8.45e-13, 6.67e-11
2022-11-09, 07:44:21, 9.07e-13, 6.7e-11
2022-11-09, 07:44:25, 8.99e-13, 6.69e-11
2022-11-09, 07:44:29, 8.86e-13, 6.64e-11
2022-11-09, 07:44:33, 8.61e-13, 6.69e-11
2022-11-09, 07:44:38, 8.5e-13, 6.71e-11
2022-11-09, 07:44:42, 8.76e-13, 6.7e-11
2022-11-09, 07:44:46, 7.66e-13, 6.7e-11
2022-11-09, 07:44:50, 9.14e-13, 6.67e-11
2022-11-09, 07:44:54, 1e-12, 6.69e-11
2022-11-09, 07:44:59, 8.36e-13, 6.72e-11
2022-11-09, 07:45:03, 8.2e-13, 6.71e-11
2022-11-09, 07:45:07, 8.53e-13, 6.71e-11
2022-11-09, 07:45:11, 8.95e-13, 6.71e-11
2022-11-09, 07:45:16, 8.93e-13, 6.68e-11
2022-11-09, 07:45:20, 6.98e-13, 6.7e-11
2022-11-09, 07:45:24, 8.07e-13, 6.68e-11
2022-11-09, 07:45:28, 8.49e-13, 6.63e-11
2022-11-09, 07:45:32, 8.4e-13, 6.67e-11
2022-11-09, 07:45:37, 8.38e-13, 6.7e-11
2022-11-09, 07:45:41, 8.48e-13, 6.64e-11
2022-11-09, 07:45:45, 9.01e-13, 6.73e-11
2022-11-09, 07:45:49, 7.19e-13, 6.72e-11
2022-11-09, 07:45:54, 8.88e-13, 6.7e-11
2022-11-09, 07:45:58, 8.65e-13, 6.7e-11
2022-11-09, 07:46:02, 8.44e-13, 6.69e-11
2022-11-09, 07:46:06, 8.31e-13, 6.72e-11
2022-11-09, 07:46:10, 8.68e-13, 6.71e-11
2022-11-09, 07:46:15, 8.59e-13, 6.71e-11
2022-11-09, 07:46:19, 8.16e-13, 6.74e-11
2022-11-09, 07:46:23, 1e-12, 6.71e-11
2022-11-09, 07:46:27, 9.33e-13, 6.73e-11
2022-11-09, 07:46:32, 7.39e-13, 6.62e-11
2022-11-09, 07:46:36, 8.99e-13, 6.62e-11
2022-11-09, 07:46:40, 8.57e-13, 6.69e-11
2022-11-09, 07:46:44, 8.78e-13, 6.71e-11
2022-11-09, 07:46:48, 8.49e-13, 6.72e-11
2022-11-09, 07:46:53, 8.89e-13, 6.71e-11
2022-11-09, 07:46:57, 8.08e-13, 6.72e-11
2022-11-09, 07:47:01, 8.77e-13, 6.73e-11
2022-11-09, 07:47:05, 8.27e-13, 6.72e-11
2022-11-09, 07:47:10, 9.96e-13, 6.72e-11
2022-11-09, 07:47:14, 8.77e-13, 6.7e-11
2022-11-09, 07:47:18, 8.17e-13, 6.73e-11
2022-11-09, 07:47:22, 8.55e-13, 6.73e-11
2022-11-09, 07:47:26, 8.48e-13, 6.68e-11
2022-11-09, 07:47:31, 8.21e-13, 6.71e-11
2022-11-09, 07:47:35, 8.72e-13, 6.71e-11
2022-11-09, 07:47:39, 8.44e-13, 6.68e-11
2022-11-09, 07:47:43, 9.29e-13, 6.73e-11
2022-11-09, 07:47:47, 8.81e-13, 6.7e-11
2022-11-09, 07:47:52, 9.77e-13, 6.7e-11
2022-11-09, 07:47:56, 8.93e-13, 6.63e-11
2022-11-09, 07:48:00, 8.99e-13, 6.71e-11
2022-11-09, 07:48:04, 9.1e-13, 6.76e-11
2022-11-09, 07:48:09, 9.77e-13, 6.74e-11
2022-11-09, 07:48:13, 8.15e-13, 6.73e-11
2022-11-09, 07:48:17, 8.7e-13, 6.75e-11
2022-11-09, 07:48:21, 9.1e-13, 6.75e-11
2022-11-09, 07:48:25, 8.73e-13, 6.72e-11
2022-11-09, 07:48:30, 8.68e-13, 6.71e-11
2022-11-09, 07:48:34, 8.66e-13, 6.73e-11
2022-11-09, 07:48:38, 8.3e-13, 6.73e-11
2022-11-09, 07:48:42, 7.08e-13, 6.72e-11
2022-11-09, 07:48:47, 9.41e-13, 6.72e-11
2022-11-09, 07:48:51, 8.21e-13, 6.72e-11
2022-11-09, 07:48:55, 9.14e-13, 6.71e-11
2022-11-09, 07:48:59, 8.06e-13, 6.73e-11
2022-11-09, 07:49:03, 8.61e-13, 6.72e-11
2022-11-09, 07:49:08, 7.7e-13, 6.72e-11
2022-11-09, 07:49:12, 1.01e-12, 6.69e-11
2022-11-09, 07:49:16, 8.26e-13, 6.71e-11
2022-11-09, 07:49:20, 8.57e-13, 6.73e-11
2022-11-09, 07:49:25, 9e-13, 6.65e-11
2022-11-09, 07:49:29, 8.85e-13, 6.74e-11
2022-11-09, 07:49:33, 8.23e-13, 6.71e-11
2022-11-09, 07:49:37, 8.8e-13, 6.62e-11
2022-11-09, 07:49:41, 8.05e-13, 6.72e-11
2022-11-09, 07:49:46, 9e-13, 6.73e-11
2022-11-09, 07:49:50, 9.26e-13, 6.7e-11
2022-11-09, 07:49:54, 8.67e-13, 6.7e-11
2022-11-09, 07:49:58, 8.37e-13, 6.7e-11
2022-11-09, 07:50:03, 8.47e-13, 6.73e-11
2022-11-09, 07:50:07, 8.58e-13, 6.67e-11
2022-11-09, 07:50:11, 8.31e-13, 6.72e-11
2022-11-09, 07:50:15, 8.01e-13, 6.73e-11
2022-11-09, 07:50:19, 8.6e-13, 6.68e-11
2022-11-09, 07:50:24, 8.52e-13, 6.77e-11
2022-11-09, 07:50:28, 8.42e-13, 6.76e-11
2022-11-09, 07:50:32, 8.97e-13, 6.76e-11
2022-11-09, 07:50:36, 9.03e-13, 6.74e-11
2022-11-09, 07:50:41, 8.37e-13, 6.75e-11
2022-11-09, 07:50:45, 8.34e-13, 6.73e-11
2022-11-09, 07:50:49, 8.42e-13, 6.74e-11
2022-11-09, 07:50:53, 7.66e-13, 6.77e-11
2022-11-09, 07:50:57, 8.98e-13, 6.74e-11
2022-11-09, 07:51:02, 8.61e-13, 6.75e-11
2022-11-09, 07:51:06, 8.5e-13, 6.74e-11
2022-11-09, 07:51:10, 8.78e-13, 6.72e-11
2022-11-09, 07:51:14, 8.11e-13, 6.71e-11
2022-11-09, 07:51:18, 8.49e-13, 6.73e-11
2022-11-09, 07:51:23, 8.37e-13, 6.71e-11
2022-11-09, 07:51:27, 9e-13, 6.72e-11
2022-11-09, 07:51:31, 8.72e-13, 6.72e-11
2022-11-09, 07:51:35, 8.68e-13, 6.71e-11
2022-11-09, 07:51:40, 8.66e-13, 6.71e-11
2022-11-09, 07:51:44, 8.85e-13, 6.71e-11
2022-11-09, 07:51:48, 7.9e-13, 6.72e-11
2022-11-09, 07:51:52, 8.91e-13, 6.72e-11
2022-11-09, 07:51:56, 8.71e-13, 6.72e-11
2022-11-09, 07:52:01, 9.1e-13, 6.72e-11
2022-11-09, 07:52:05, 8.73e-13, 6.74e-11
2022-11-09, 07:52:09, 7.97e-13, 6.65e-11
2022-11-09, 07:52:13, 9.24e-13, 6.76e-11
2022-11-09, 07:52:18, 9.55e-13, 6.73e-11
2022-11-09, 07:52:22, 8.61e-13, 6.73e-11
2022-11-09, 07:52:26, 8.24e-13, 6.73e-11
2022-11-09, 07:52:30, 7.82e-13, 6.73e-11
2022-11-09, 07:52:34, 9.04e-13, 6.74e-11
2022-11-09, 07:52:39, 8.67e-13, 6.74e-11
2022-11-09, 07:52:43, 9.17e-13, 6.74e-11
2022-11-09, 07:52:47, 8.46e-13, 6.73e-11
2022-11-09, 07:52:51, 8.63e-13, 6.71e-11
2022-11-09, 07:52:56, 8.8e-13, 6.74e-11
2022-11-09, 07:53:00, 7.98e-13, 6.73e-11
2022-11-09, 07:53:04, 8.56e-13, 6.72e-11
2022-11-09, 07:53:08, 7.23e-13, 6.72e-11
2022-11-09, 07:53:12, 8.88e-13, 6.72e-11
2022-11-09, 07:53:17, 8.76e-13, 6.65e-11
2022-11-09, 07:53:21, 9.04e-13, 6.73e-11
2022-11-09, 07:53:25, 8.49e-13, 6.62e-11
2022-11-09, 07:53:29, 9.06e-13, 6.72e-11
2022-11-09, 07:53:34, 8.58e-13, 6.72e-11
2022-11-09, 07:53:38, 8.96e-13, 6.73e-11
2022-11-09, 07:53:42, 9.1e-13, 6.71e-11
2022-11-09, 07:53:46, 8.99e-13, 6.71e-11
2022-11-09, 07:53:50, 7.9e-13, 6.72e-11
2022-11-09, 07:53:55, 8.97e-13, 6.79e-11
2022-11-09, 07:53:59, 8.55e-13, 6.73e-11
2022-11-09, 07:54:03, 8.56e-13, 6.8e-11
2022-11-09, 07:54:07, 8.94e-13, 6.69e-11
2022-11-09, 07:54:11, 8.84e-13, 6.63e-11
2022-11-09, 07:54:16, 8.56e-13, 6.73e-11
2022-11-09, 07:54:20, 8.48e-13, 6.7e-11
2022-11-09, 07:54:24, 8.78e-13, 6.74e-11
2022-11-09, 07:54:28, 8.92e-13, 6.72e-11
2022-11-09, 07:54:33, 8.41e-13, 6.75e-11
2022-11-09, 07:54:37, 8.21e-13, 6.71e-11
2022-11-09, 07:54:41, 8.38e-13, 6.65e-11
2022-11-09, 07:54:45, 1.01e-12, 6.73e-11
2022-11-09, 07:54:49, 8.75e-13, 6.73e-11
2022-11-09, 07:54:54, 8.55e-13, 6.75e-11
2022-11-09, 07:54:58, 8.5e-13, 6.72e-11
2022-11-09, 07:55:02, 9.26e-13, 6.72e-11
2022-11-09, 07:55:06, 8.49e-13, 6.74e-11
2022-11-09, 07:55:11, 8.49e-13, 6.74e-11
2022-11-09, 07:55:15, 9.02e-13, 6.78e-11
2022-11-09, 07:55:19, 8.18e-13, 6.75e-11
2022-11-09, 07:55:23, 8.73e-13, 6.74e-11
2022-11-09, 07:55:27, 8.69e-13, 6.72e-11
2022-11-09, 07:55:32, 8.23e-13, 6.72e-11
2022-11-09, 07:55:36, 8.95e-13, 6.8e-11
2022-11-09, 07:55:40, 8.24e-13, 6.77e-11
2022-11-09, 07:55:44, 8.72e-13, 6.76e-11
2022-11-09, 07:55:49, 8.59e-13, 6.78e-11
2022-11-09, 07:55:53, 8.36e-13, 6.67e-11
2022-11-09, 07:55:57, 8.15e-13, 6.64e-11
2022-11-09, 07:56:01, 8.5e-13, 6.76e-11
2022-11-09, 07:56:05, 1.01e-12, 6.77e-11
2022-11-09, 07:56:10, 8.41e-13, 6.76e-11
2022-11-09, 07:56:14, 8.74e-13, 6.65e-11
2022-11-09, 07:56:18, 8.66e-13, 6.76e-11
2022-11-09, 07:56:22, 8.37e-13, 6.76e-11
2022-11-09, 07:56:27, 8.62e-13, 6.79e-11
2022-11-09, 07:56:31, 9.02e-13, 6.75e-11
2022-11-09, 07:56:35, 8.12e-13, 6.75e-11
2022-11-09, 07:56:39, 8.29e-13, 6.72e-11
2022-11-09, 07:56:43, 8.56e-13, 6.75e-11
2022-11-09, 07:56:48, 8.84e-13, 6.74e-11
2022-11-09, 07:56:52, 8.45e-13, 6.74e-11
2022-11-09, 07:56:56, 9.72e-13, 6.75e-11
2022-11-09, 07:57:00, 8.59e-13, 6.73e-11
2022-11-09, 07:57:05, 8.97e-13, 6.72e-11
2022-11-09, 07:57:09, 8.82e-13, 6.74e-11
2022-11-09, 07:57:13, 9.1e-13, 6.74e-11
2022-11-09, 07:57:17, 8.41e-13, 6.75e-11
2022-11-09, 07:57:21, 8.54e-13, 6.79e-11
2022-11-09, 07:57:26, 9.16e-13, 6.79e-11
2022-11-09, 07:57:30, 9.02e-13, 6.78e-11
2022-11-09, 07:57:34, 8.46e-13, 6.77e-11
2022-11-09, 07:57:38, 9.63e-13, 6.81e-11
2022-11-09, 07:57:43, 8.6e-13, 6.81e-11
2022-11-09, 07:57:47, 9.08e-13, 6.76e-11
2022-11-09, 07:57:51, 8.19e-13, 6.75e-11
2022-11-09, 07:57:55, 8.68e-13, 6.77e-11
2022-11-09, 07:57:59, 8.41e-13, 6.78e-11
2022-11-09, 07:58:04, 8.02e-13, 6.76e-11
2022-11-09, 07:58:08, 9.1e-13, 6.75e-11
2022-11-09, 07:58:12, 8.54e-13, 6.78e-11
2022-11-09, 07:58:16, 8.58e-13, 6.76e-11
2022-11-09, 07:58:21, 8.38e-13, 6.73e-11
2022-11-09, 07:58:25, 9.58e-13, 6.67e-11
2022-11-09, 07:58:29, 8.89e-13, 6.76e-11
2022-11-09, 07:58:33, 9.21e-13, 6.77e-11
2022-11-09, 07:58:37, 7.44e-13, 6.78e-11
2022-11-09, 07:58:42, 9.05e-13, 6.77e-11
2022-11-09, 07:58:46, 8.94e-13, 6.79e-11
2022-11-09, 07:58:50, 8.62e-13, 6.78e-11
2022-11-09, 07:58:54, 8.45e-13, 6.82e-11
2022-11-09, 07:58:58, 8.72e-13, 6.63e-11
2022-11-09, 07:59:03, 7.8e-13, 6.79e-11
2022-11-09, 07:59:07, 8.4e-13, 6.85e-11
2022-11-09, 07:59:11, 8.6e-13, 6.67e-11
2022-11-09, 07:59:15, 8.69e-13, 6.77e-11
2022-11-09, 07:59:20, 8.29e-13, 6.77e-11
2022-11-09, 07:59:24, 8.2e-13, 6.71e-11
2022-11-09, 07:59:28, 8.89e-13, 6.72e-11
2022-11-09, 07:59:32, 8.44e-13, 6.65e-11
2022-11-09, 07:59:36, 8.62e-13, 6.77e-11
2022-11-09, 07:59:41, 8.05e-13, 6.76e-11
2022-11-09, 07:59:45, 8.8e-13, 6.72e-11
2022-11-09, 07:59:49, 8.88e-13, 6.65e-11
2022-11-09, 07:59:53, 8.52e-13, 6.76e-11
2022-11-09, 07:59:58, 8.22e-13, 6.72e-11
2022-11-09, 08:00:02, 8.78e-13, 6.71e-11
2022-11-09, 08:00:06, 8.48e-13, 6.63e-11
2022-11-09, 08:00:10, 8.62e-13, 6.84e-11
2022-11-09, 08:00:14, 8.42e-13, 6.81e-11
2022-11-09, 08:00:19, 8.74e-13, 6.79e-11
2022-11-09, 08:00:23, 8.49e-13, 6.79e-11
2022-11-09, 08:00:27, 8.44e-13, 6.77e-11
2022-11-09, 08:00:31, 1.04e-12, 6.73e-11
2022-11-09, 08:00:36, 8.51e-13, 6.76e-11
2022-11-09, 08:00:40, 8.5e-13, 6.74e-11
2022-11-09, 08:00:44, 8.91e-13, 6.76e-11
2022-11-09, 08:00:48, 8.9e-13, 6.75e-11
2022-11-09, 08:00:52, 8.42e-13, 6.74e-11
2022-11-09, 08:00:57, 8.91e-13, 6.76e-11
2022-11-09, 08:01:01, 8.78e-13, 6.69e-11
2022-11-09, 08:01:05, 8.29e-13, 6.73e-11
2022-11-09, 08:01:09, 8.45e-13, 6.76e-11
2022-11-09, 08:01:14, 8.72e-13, 6.68e-11
2022-11-09, 08:01:18, 8.68e-13, 6.8e-11
2022-11-09, 08:01:22, 9.28e-13, 6.8e-11
2022-11-09, 08:01:26, 8.59e-13, 6.8e-11
2022-11-09, 08:01:30, 8.31e-13, 6.67e-11
2022-11-09, 08:01:35, 8.84e-13, 6.77e-11
2022-11-09, 08:01:39, 7.23e-13, 6.79e-11
2022-11-09, 08:01:43, 8.52e-13, 6.78e-11
2022-11-09, 08:01:47, 8.88e-13, 6.66e-11
2022-11-09, 08:01:52, 9.12e-13, 6.75e-11
2022-11-09, 08:01:56, 6.96e-13, 6.77e-11
2022-11-09, 08:02:00, 8.97e-13, 6.71e-11
2022-11-09, 08:02:04, 8.28e-13, 6.78e-11
2022-11-09, 08:02:08, 8.14e-13, 6.78e-11
2022-11-09, 08:02:13, 8.98e-13, 6.78e-11
2022-11-09, 08:02:17, 8.6e-13, 6.81e-11
2022-11-09, 08:02:21, 8.61e-13, 6.81e-11
2022-11-09, 08:02:25, 9.23e-13, 6.72e-11
2022-11-09, 08:02:30, 8.57e-13, 6.8e-11
2022-11-09, 08:02:34, 9.1e-13, 6.78e-11
2022-11-09, 08:02:38, 8.56e-13, 6.81e-11
2022-11-09, 08:02:42, 8.87e-13, 6.75e-11
2022-11-09, 08:02:46, 8.99e-13, 6.81e-11
2022-11-09, 08:02:51, 8.56e-13, 6.81e-11
2022-11-09, 08:02:55, 8.46e-13, 6.76e-11
2022-11-09, 08:02:59, 8.8e-13, 6.78e-11
2022-11-09, 08:03:03, 8.42e-13, 6.72e-11
2022-11-09, 08:03:08, 8.59e-13, 6.68e-11
2022-11-09, 08:03:12, 8.77e-13, 6.76e-11
2022-11-09, 08:03:16, 9.02e-13, 6.78e-11
2022-11-09, 08:03:20, 8.32e-13, 6.76e-11
2022-11-09, 08:03:24, 9.49e-13, 6.65e-11
2022-11-09, 08:03:29, 8.8e-13, 6.73e-11
2022-11-09, 08:03:33, 8.22e-13, 6.73e-11
2022-11-09, 08:03:37, 9.32e-13, 6.64e-11
2022-11-09, 08:03:41, 8.46e-13, 6.66e-11
2022-11-09, 08:03:45, 8.91e-13, 6.75e-11
2022-11-09, 08:03:50, 8.78e-13, 6.63e-11
2022-11-09, 08:03:54, 8.74e-13, 6.74e-11
2022-11-09, 08:03:58, 8.5e-13, 6.72e-11
2022-11-09, 08:04:02, 8.29e-13, 6.74e-11
2022-11-09, 08:04:07, 8.4e-13, 6.75e-11
2022-11-09, 08:04:11, 7.91e-13, 6.74e-11
2022-11-09, 08:04:15, 8.52e-13, 6.7e-11
2022-11-09, 08:04:19, 9.06e-13, 6.76e-11
2022-11-09, 08:04:23, 8.6e-13, 6.75e-11
2022-11-09, 08:04:28, 8.48e-13, 6.74e-11
2022-11-09, 08:04:32, 8.74e-13, 6.72e-11
2022-11-09, 08:04:36, 9.13e-13, 6.7e-11
2022-11-09, 08:04:40, 8.88e-13, 6.71e-11
2022-11-09, 08:04:45, 8.9e-13, 6.74e-11
2022-11-09, 08:04:49, 7.86e-13, 6.78e-11
2022-11-09, 08:04:53, 9.35e-13, 6.73e-11
2022-11-09, 08:04:57, 8.82e-13, 6.75e-11
2022-11-09, 08:05:01, 8.12e-13, 6.76e-11
2022-11-09, 08:05:06, 8.76e-13, 6.75e-11
2022-11-09, 08:05:10, 8.33e-13, 6.75e-11
2022-11-09, 08:05:14, 8.21e-13, 6.71e-11
2022-11-09, 08:05:18, 8.86e-13, 6.76e-11
2022-11-09, 08:05:23, 9.05e-13, 6.75e-11
2022-11-09, 08:05:27, 8.94e-13, 6.76e-11
2022-11-09, 08:05:31, 8.25e-13, 6.79e-11
2022-11-09, 08:05:35, 8.37e-13, 6.73e-11
2022-11-09, 08:05:39, 9.16e-13, 6.76e-11
2022-11-09, 08:05:44, 8.58e-13, 6.77e-11
2022-11-09, 08:05:48, 9.3e-13, 6.77e-11
2022-11-09, 08:05:52, 9.23e-13, 6.75e-11
2022-11-09, 08:05:56, 9.34e-13, 6.76e-11
2022-11-09, 08:06:01, 8.58e-13, 6.76e-11
2022-11-09, 08:06:05, 8.59e-13, 6.72e-11
2022-11-09, 08:06:09, 8.6e-13, 6.76e-11
2022-11-09, 08:06:13, 9.14e-13, 6.67e-11
2022-11-09, 08:06:17, 8.65e-13, 6.73e-11
2022-11-09, 08:06:22, 1.04e-12, 6.73e-11
2022-11-09, 08:06:26, 9.17e-13, 6.75e-11
2022-11-09, 08:06:30, 9.34e-13, 6.75e-11
2022-11-09, 08:06:34, 9.26e-13, 6.7e-11
2022-11-09, 08:06:39, 8.7e-13, 6.72e-11
2022-11-09, 08:06:43, 9.11e-13, 6.68e-11
2022-11-09, 08:06:47, 8.12e-13, 6.69e-11
2022-11-09, 08:06:51, 8.41e-13, 6.74e-11
2022-11-09, 08:06:55, 8.07e-13, 6.73e-11
2022-11-09, 08:07:00, 8.9e-13, 6.66e-11
2022-11-09, 08:07:04, 8.5e-13, 6.72e-11
2022-11-09, 08:07:08, 7.93e-13, 6.7e-11
2022-11-09, 08:07:12, 8.42e-13, 6.73e-11
2022-11-09, 08:07:17, 8.57e-13, 6.74e-11
2022-11-09, 08:07:21, 8.87e-13, 6.64e-11
2022-11-09, 08:07:25, 9.27e-13, 6.74e-11
2022-11-09, 08:07:29, 8.44e-13, 6.74e-11
2022-11-09, 08:07:33, 8.4e-13, 6.75e-11
2022-11-09, 08:07:38, 8.27e-13, 6.73e-11
2022-11-09, 08:07:42, 8.15e-13, 6.77e-11
2022-11-09, 08:07:46, 9.3e-13, 6.72e-11
2022-11-09, 08:07:50, 8.95e-13, 6.73e-11
2022-11-09, 08:07:55, 8.77e-13, 6.68e-11
2022-11-09, 08:07:59, 8.6e-13, 6.76e-11
2022-11-09, 08:08:03, 8.88e-13, 6.75e-11
2022-11-09, 08:08:07, 8.26e-13, 6.75e-11
2022-11-09, 08:08:11, 8.63e-13, 6.73e-11
2022-11-09, 08:08:16, 8.77e-13, 6.73e-11
2022-11-09, 08:08:20, 8.11e-13, 6.75e-11
2022-11-09, 08:08:24, 8.84e-13, 6.68e-11
2022-11-09, 08:08:28, 8.72e-13, 6.74e-11
2022-11-09, 08:08:33, 8.51e-13, 6.73e-11
2022-11-09, 08:08:37, 9.75e-13, 6.64e-11
2022-11-09, 08:08:41, 1.02e-12, 6.67e-11
2022-11-09, 08:08:45, 8.78e-13, 6.73e-11
2022-11-09, 08:08:49, 8.7e-13, 6.63e-11
2022-11-09, 08:08:54, 7.98e-13, 6.77e-11
2022-11-09, 08:08:58, 7.87e-13, 6.71e-11
2022-11-09, 08:09:02, 8.12e-13, 6.69e-11
2022-11-09, 08:09:06, 8.62e-13, 6.73e-11
2022-11-09, 08:09:10, 8.35e-13, 6.73e-11
2022-11-09, 08:09:15, 8.33e-13, 6.77e-11
2022-11-09, 08:09:19, 9.39e-13, 6.78e-11
2022-11-09, 08:09:23, 8.2e-13, 6.76e-11
2022-11-09, 08:09:27, 9.13e-13, 6.77e-11
2022-11-09, 08:09:32, 8.9e-13, 6.76e-11
2022-11-09, 08:09:36, 8.17e-13, 6.75e-11
2022-11-09, 08:09:40, 8.63e-13, 6.73e-11
2022-11-09, 08:09:44, 8.16e-13, 6.73e-11
2022-11-09, 08:09:48, 8.53e-13, 6.71e-11
2022-11-09, 08:09:53, 8.8e-13, 6.74e-11
2022-11-09, 08:09:57, 9.55e-13, 6.74e-11
2022-11-09, 08:10:01, 1.08e-12, 6.71e-11
2022-11-09, 08:10:05, 8.42e-13, 6.72e-11
2022-11-09, 08:10:10, 9.66e-13, 6.69e-11
2022-11-09, 08:10:14, 8.69e-13, 6.71e-11
2022-11-09, 08:10:18, 7.94e-13, 6.71e-11
2022-11-09, 08:10:22, 8.38e-13, 6.72e-11
2022-11-09, 08:10:26, 8.11e-13, 6.68e-11
2022-11-09, 08:10:31, 8.84e-13, 6.65e-11
2022-11-09, 08:10:35, 9.53e-13, 6.75e-11
2022-11-09, 08:10:39, 8.68e-13, 6.74e-11
2022-11-09, 08:10:43, 8.24e-13, 6.73e-11
2022-11-09, 08:10:48, 8.23e-13, 6.68e-11
2022-11-09, 08:10:52, 9.2e-13, 6.72e-11
2022-11-09, 08:10:56, 8.65e-13, 6.73e-11
2022-11-09, 08:11:00, 8.69e-13, 6.69e-11
2022-11-09, 08:11:04, 8.08e-13, 6.7e-11
2022-11-09, 08:11:09, 8.96e-13, 6.69e-11
2022-11-09, 08:11:13, 7.85e-13, 6.7e-11
2022-11-09, 08:11:17, 8.89e-13, 6.71e-11
2022-11-09, 08:11:21, 8.33e-13, 6.75e-11
2022-11-09, 08:11:26, 8.47e-13, 6.72e-11
2022-11-09, 08:11:30, 8.29e-13, 6.72e-11
2022-11-09, 08:11:34, 9.34e-13, 6.71e-11
2022-11-09, 08:11:38, 8.15e-13, 6.74e-11
2022-11-09, 08:11:42, 8.45e-13, 6.75e-11
2022-11-09, 08:11:47, 8.9e-13, 6.67e-11
2022-11-09, 08:11:51, 8.68e-13, 6.69e-11
2022-11-09, 08:11:55, 1.01e-12, 6.72e-11
2022-11-09, 08:11:59, 8.72e-13, 6.66e-11
2022-11-09, 08:12:04, 8.73e-13, 6.75e-11
2022-11-09, 08:12:08, 8.38e-13, 6.74e-11
2022-11-09, 08:12:12, 9.13e-13, 6.75e-11
2022-11-09, 08:12:16, 9.2e-13, 6.75e-11
2022-11-09, 08:12:21, 8.88e-13, 6.74e-11
2022-11-09, 08:12:25, 8.6e-13, 6.73e-11
2022-11-09, 08:12:29, 8.58e-13, 6.75e-11
2022-11-09, 08:12:33, 8.84e-13, 6.72e-11
2022-11-09, 08:12:37, 8.63e-13, 6.74e-11
2022-11-09, 08:12:42, 8.51e-13, 6.63e-11
2022-11-09, 08:12:46, 8.39e-13, 6.72e-11
2022-11-09, 08:12:50, 8.05e-13, 6.74e-11
2022-11-09, 08:12:54, 8.19e-13, 6.74e-11
2022-11-09, 08:12:58, 8.23e-13, 6.75e-11
2022-11-09, 08:13:03, 9.42e-13, 6.75e-11
2022-11-09, 08:13:07, 8.2e-13, 6.63e-11
2022-11-09, 08:13:11, 9.1e-13, 6.72e-11
2022-11-09, 08:13:15, 8.37e-13, 6.75e-11
2022-11-09, 08:13:20, 8.87e-13, 6.74e-11
2022-11-09, 08:13:24, 8.38e-13, 6.65e-11
2022-11-09, 08:13:28, 9.02e-13, 6.71e-11
2022-11-09, 08:13:32, 8.73e-13, 6.74e-11
2022-11-09, 08:13:36, 8.35e-13, 6.73e-11
2022-11-09, 08:13:41, 8.22e-13, 6.68e-11
2022-11-09, 08:13:45, 9.02e-13, 6.71e-11
2022-11-09, 08:13:49, 7.87e-13, 6.73e-11
2022-11-09, 08:13:53, 8.49e-13, 6.65e-11
2022-11-09, 08:13:58, 8.49e-13, 6.74e-11
2022-11-09, 08:14:02, 7.79e-13, 6.72e-11
2022-11-09, 08:14:06, 8.21e-13, 6.72e-11
2022-11-09, 08:14:10, 8.53e-13, 6.72e-11
2022-11-09, 08:14:14, 8.62e-13, 6.68e-11
2022-11-09, 08:14:19, 8.37e-13, 6.73e-11
2022-11-09, 08:14:23, 8.93e-13, 6.72e-11
2022-11-09, 08:14:27, 8.3e-13, 6.6e-11
2022-11-09, 08:14:31, 9.25e-13, 6.74e-11
2022-11-09, 08:14:36, 9.38e-13, 6.74e-11
2022-11-09, 08:14:40, 8.94e-13, 6.72e-11
2022-11-09, 08:14:44, 8.62e-13, 6.74e-11
2022-11-09, 08:14:48, 9.19e-13, 6.7e-11
2022-11-09, 08:14:52, 8.75e-13, 6.72e-11
2022-11-09, 08:14:57, 8.26e-13, 6.74e-11
2022-11-09, 08:15:01, 8.3e-13, 6.72e-11
2022-11-09, 08:15:05, 8.62e-13, 6.69e-11
2022-11-09, 08:15:09, 9.16e-13, 6.74e-11
2022-11-09, 08:15:14, 9.03e-13, 6.75e-11
2022-11-09, 08:15:18, 8.91e-13, 6.65e-11
2022-11-09, 08:15:22, 8.49e-13, 6.7e-11
2022-11-09, 08:15:26, 8.59e-13, 6.7e-11
2022-11-09, 08:15:30, 8.33e-13, 6.75e-11
2022-11-09, 08:15:35, 8.61e-13, 6.74e-11
2022-11-09, 08:15:39, 8.76e-13, 6.74e-11
2022-11-09, 08:15:43, 8.78e-13, 6.62e-11
2022-11-09, 08:15:47, 8.57e-13, 6.74e-11
2022-11-09, 08:15:52, 8.77e-13, 6.75e-11
2022-11-09, 08:15:56, 8.36e-13, 6.75e-11
2022-11-09, 08:16:00, 8.97e-13, 6.75e-11
2022-11-09, 08:16:04, 8.34e-13, 6.73e-11
2022-11-09, 08:16:08, 8.34e-13, 6.73e-11
2022-11-09, 08:16:13, 8.24e-13, 6.75e-11
2022-11-09, 08:16:17, 8.76e-13, 6.69e-11
2022-11-09, 08:16:21, 8.73e-13, 6.73e-11
2022-11-09, 08:16:25, 8.46e-13, 6.74e-11
2022-11-09, 08:16:30, 9.16e-13, 6.72e-11
2022-11-09, 08:16:34, 7.81e-13, 6.74e-11
2022-11-09, 08:16:38, 8.64e-13, 6.72e-11
2022-11-09, 08:16:42, 8.41e-13, 6.74e-11
2022-11-09, 08:16:46, 8.72e-13, 6.74e-11
2022-11-09, 08:16:51, 9.04e-13, 6.71e-11
2022-11-09, 08:16:55, 8.75e-13, 6.75e-11
2022-11-09, 08:16:59, 8.61e-13, 6.73e-11
2022-11-09, 08:17:03, 8.86e-13, 6.61e-11
2022-11-09, 08:17:07, 8.59e-13, 6.74e-11
2022-11-09, 08:17:12, 8.39e-13, 6.74e-11
2022-11-09, 08:17:16, 8.42e-13, 6.74e-11
2022-11-09, 08:17:20, 8.82e-13, 6.73e-11
2022-11-09, 08:17:24, 8.07e-13, 6.74e-11
2022-11-09, 08:17:29, 8.84e-13, 6.75e-11
2022-11-09, 08:17:33, 9.14e-13, 6.76e-11
2022-11-09, 08:17:37, 8.58e-13, 6.77e-11
2022-11-09, 08:17:41, 8.62e-13, 6.73e-11
2022-11-09, 08:17:45, 8.62e-13, 6.73e-11
2022-11-09, 08:17:50, 8.44e-13, 6.72e-11
2022-11-09, 08:17:54, 7.82e-13, 6.72e-11
2022-11-09, 08:17:58, 9.22e-13, 6.73e-11
2022-11-09, 08:18:02, 8.32e-13, 6.78e-11
2022-11-09, 08:18:07, 7.83e-13, 6.75e-11
2022-11-09, 08:18:11, 8.55e-13, 6.72e-11
2022-11-09, 08:18:15, 8.7e-13, 6.68e-11
2022-11-09, 08:18:19, 9.49e-13, 6.72e-11
2022-11-09, 08:18:23, 8.44e-13, 6.73e-11
2022-11-09, 08:18:28, 7.88e-13, 6.62e-11
2022-11-09, 08:18:32, 8.5e-13, 6.74e-11
2022-11-09, 08:18:36, 8.77e-13, 6.75e-11
2022-11-09, 08:18:40, 8.69e-13, 6.72e-11
2022-11-09, 08:18:45, 8.81e-13, 6.72e-11
2022-11-09, 08:18:49, 8.8e-13, 6.75e-11
2022-11-09, 08:18:53, 8.94e-13, 6.61e-11
2022-11-09, 08:18:57, 8.72e-13, 6.75e-11
2022-11-09, 08:19:01, 8.9e-13, 6.74e-11
2022-11-09, 08:19:06, 9.01e-13, 6.71e-11
2022-11-09, 08:19:10, 8.32e-13, 6.76e-11
2022-11-09, 08:19:14, 8.86e-13, 6.77e-11
2022-11-09, 08:19:18, 8.57e-13, 6.76e-11
2022-11-09, 08:19:23, 9.73e-13, 6.76e-11
2022-11-09, 08:19:27, 8.87e-13, 6.75e-11
2022-11-09, 08:19:31, 8.99e-13, 6.79e-11
2022-11-09, 08:19:35, 9.14e-13, 6.71e-11
2022-11-09, 08:19:39, 1.04e-12, 6.71e-11
2022-11-09, 08:19:44, 9.25e-13, 6.75e-11
2022-11-09, 08:19:48, 8.28e-13, 6.72e-11
2022-11-09, 08:19:52, 8.58e-13, 6.71e-11
2022-11-09, 08:19:56, 8.89e-13, 6.72e-11
2022-11-09, 08:20:01, 9.46e-13, 6.75e-11
2022-11-09, 08:20:05, 8.57e-13, 6.73e-11
2022-11-09, 08:20:09, 7.19e-13, 6.76e-11
2022-11-09, 08:20:13, 8.36e-13, 6.74e-11
2022-11-09, 08:20:17, 8.89e-13, 6.76e-11
2022-11-09, 08:20:22, 8.15e-13, 6.74e-11
2022-11-09, 08:20:26, 8.92e-13, 6.62e-11
2022-11-09, 08:20:30, 9.5e-13, 6.74e-11
2022-11-09, 08:20:34, 8.65e-13, 6.72e-11
2022-11-09, 08:20:38, 8.12e-13, 6.72e-11
2022-11-09, 08:20:43, 9.09e-13, 6.63e-11
2022-11-09, 08:20:47, 8.77e-13, 6.74e-11
2022-11-09, 08:20:51, 8.27e-13, 6.63e-11
2022-11-09, 08:20:55, 9.19e-13, 6.61e-11
2022-11-09, 08:21:00, 8.65e-13, 6.78e-11
2022-11-09, 08:21:04, 8.6e-13, 6.68e-11
2022-11-09, 08:21:08, 8.32e-13, 6.79e-11
2022-11-09, 08:21:12, 8.86e-13, 6.74e-11
2022-11-09, 08:21:17, 8.4e-13, 6.76e-11
2022-11-09, 08:21:21, 8.28e-13, 6.74e-11
2022-11-09, 08:21:25, 8.5e-13, 6.73e-11
2022-11-09, 08:21:29, 8.81e-13, 6.72e-11
2022-11-09, 08:21:33, 8.72e-13, 6.69e-11
2022-11-09, 08:21:38, 8.8e-13, 6.63e-11
2022-11-09, 08:21:42, 7.89e-13, 6.62e-11
2022-11-09, 08:21:46, 8.83e-13, 6.63e-11
2022-11-09, 08:21:50, 8.49e-13, 6.74e-11
2022-11-09, 08:21:55, 8.26e-13, 6.73e-11
2022-11-09, 08:21:59, 7.94e-13, 6.76e-11
2022-11-09, 08:22:03, 8.78e-13, 6.74e-11
2022-11-09, 08:22:07, 8.84e-13, 6.75e-11
2022-11-09, 08:22:11, 8.19e-13, 6.75e-11
2022-11-09, 08:22:16, 9.19e-13, 6.65e-11
2022-11-09, 08:22:20, 8.27e-13, 6.68e-11
2022-11-09, 08:22:24, 9.34e-13, 6.75e-11
2022-11-09, 08:22:28, 8.55e-13, 6.7e-11
2022-11-09, 08:22:33, 8.71e-13, 6.74e-11
2022-11-09, 08:22:37, 7.47e-13, 6.76e-11
2022-11-09, 08:22:41, 8.67e-13, 6.72e-11
2022-11-09, 08:22:45, 8.35e-13, 6.75e-11
2022-11-09, 08:22:49, 8.25e-13, 6.73e-11
2022-11-09, 08:22:54, 9.87e-13, 6.73e-11
2022-11-09, 08:22:58, 8.65e-13, 6.63e-11
2022-11-09, 08:23:02, 8.51e-13, 6.65e-11
2022-11-09, 08:23:06, 8.14e-13, 6.63e-11
2022-11-09, 08:23:11, 9.03e-13, 6.64e-11
2022-11-09, 08:23:15, 8.74e-13, 6.78e-11
2022-11-09, 08:23:19, 8.69e-13, 6.73e-11
2022-11-09, 08:23:23, 8.75e-13, 6.71e-11
2022-11-09, 08:23:27, 8.49e-13, 6.72e-11
2022-11-09, 08:23:32, 8.95e-13, 6.73e-11
2022-11-09, 08:23:36, 8.15e-13, 6.66e-11
2022-11-09, 08:23:40, 8.42e-13, 6.74e-11
2022-11-09, 08:23:44, 8.17e-13, 6.73e-11
2022-11-09, 08:23:49, 1.02e-12, 6.72e-11
2022-11-09, 08:23:53, 9.19e-13, 6.64e-11
2022-11-09, 08:23:57, 8.58e-13, 6.7e-11
2022-11-09, 08:24:01, 8.39e-13, 6.75e-11
2022-11-09, 08:24:05, 8.65e-13, 6.76e-11
2022-11-09, 08:24:10, 7.22e-13, 6.74e-11
2022-11-09, 08:24:14, 9.18e-13, 6.68e-11
2022-11-09, 08:24:18, 8.64e-13, 6.74e-11
2022-11-09, 08:24:22, 8.54e-13, 6.74e-11
2022-11-09, 08:24:27, 8.77e-13, 6.69e-11
2022-11-09, 08:24:31, 8.89e-13, 6.75e-11
2022-11-09, 08:24:35, 8.35e-13, 6.74e-11
2022-11-09, 08:24:39, 8.19e-13, 6.72e-11
2022-11-09, 08:24:43, 8.87e-13, 6.74e-11
2022-11-09, 08:24:48, 8.88e-13, 6.64e-11
2022-11-09, 08:24:52, 8.24e-13, 6.75e-11
2022-11-09, 08:24:56, 9.7e-13, 6.8e-11
2022-11-09, 08:25:00, 8.58e-13, 6.77e-11
2022-11-09, 08:25:05, 8.74e-13, 6.75e-11
2022-11-09, 08:25:09, 7.89e-13, 6.76e-11
2022-11-09, 08:25:13, 8.62e-13, 6.74e-11
2022-11-09, 08:25:17, 9.5e-13, 6.76e-11
2022-11-09, 08:25:21, 8.75e-13, 6.78e-11
2022-11-09, 08:25:26, 8.44e-13, 6.76e-11
2022-11-09, 08:25:30, 8.49e-13, 6.76e-11
2022-11-09, 08:25:34, 8.38e-13, 6.74e-11
2022-11-09, 08:25:38, 8.31e-13, 6.7e-11
2022-11-09, 08:25:43, 8.54e-13, 6.73e-11
2022-11-09, 08:25:47, 8.79e-13, 6.75e-11
2022-11-09, 08:25:51, 8.28e-13, 6.77e-11
2022-11-09, 08:25:55, 8.77e-13, 6.67e-11
2022-11-09, 08:25:59, 8.38e-13, 6.77e-11
2022-11-09, 08:26:04, 7.9e-13, 6.68e-11
2022-11-09, 08:26:08, 9.2e-13, 6.76e-11
2022-11-09, 08:26:12, 8.66e-13, 6.74e-11
2022-11-09, 08:26:16, 8.9e-13, 6.78e-11
2022-11-09, 08:26:20, 8.65e-13, 6.77e-11
2022-11-09, 08:26:25, 8.95e-13, 6.77e-11
2022-11-09, 08:26:29, 9.13e-13, 6.75e-11
2022-11-09, 08:26:33, 9.01e-13, 6.7e-11
2022-11-09, 08:26:37, 9.07e-13, 6.75e-11
2022-11-09, 08:26:42, 1.05e-12, 6.71e-11
2022-11-09, 08:26:46, 8.17e-13, 6.74e-11
2022-11-09, 08:26:50, 8.56e-13, 6.76e-11
2022-11-09, 08:26:54, 8.22e-13, 6.74e-11
2022-11-09, 08:26:58, 8.97e-13, 6.67e-11
2022-11-09, 08:27:03, 8.47e-13, 6.76e-11
2022-11-09, 08:27:07, 9.29e-13, 6.76e-11
2022-11-09, 08:27:11, 8.57e-13, 6.76e-11
2022-11-09, 08:27:15, 8.83e-13, 6.76e-11
2022-11-09, 08:27:20, 7.96e-13, 6.74e-11
2022-11-09, 08:27:24, 7.51e-13, 6.71e-11
2022-11-09, 08:27:28, 8.82e-13, 6.76e-11
2022-11-09, 08:27:32, 8.1e-13, 6.77e-11
2022-11-09, 08:27:36, 8.54e-13, 6.79e-11
2022-11-09, 08:27:41, 8.03e-13, 6.76e-11
2022-11-09, 08:27:45, 7.85e-13, 6.75e-11
2022-11-09, 08:27:49, 8.55e-13, 6.72e-11
2022-11-09, 08:27:53, 8.28e-13, 6.77e-11
2022-11-09, 08:27:58, 8.74e-13, 6.67e-11
2022-11-09, 08:28:02, 9.12e-13, 6.72e-11
2022-11-09, 08:28:06, 8.02e-13, 6.75e-11
2022-11-09, 08:28:10, 8.71e-13, 6.78e-11
2022-11-09, 08:28:14, 8.96e-13, 6.79e-11
2022-11-09, 08:28:19, 8.68e-13, 6.67e-11
2022-11-09, 08:28:23, 8.4e-13, 6.75e-11
2022-11-09, 08:28:27, 8.75e-13, 6.74e-11
2022-11-09, 08:28:31, 9.6e-13, 6.69e-11
2022-11-09, 08:28:36, 9.12e-13, 6.78e-11
2022-11-09, 08:28:40, 9.05e-13, 6.82e-11
2022-11-09, 08:28:44, 8.65e-13, 6.78e-11
2022-11-09, 08:28:48, 9.68e-13, 6.71e-11
2022-11-09, 08:28:52, 8.27e-13, 6.75e-11
2022-11-09, 08:28:57, 9.03e-13, 6.74e-11
2022-11-09, 08:29:01, 8.33e-13, 6.76e-11
2022-11-09, 08:29:05, 8.4e-13, 6.75e-11
2022-11-09, 08:29:09, 8.59e-13, 6.78e-11
2022-11-09, 08:29:14, 8.55e-13, 6.78e-11
2022-11-09, 08:29:18, 9.01e-13, 6.69e-11
2022-11-09, 08:29:22, 7.93e-13, 6.69e-11
2022-11-09, 08:29:26, 7.87e-13, 6.73e-11
2022-11-09, 08:29:30, 8.78e-13, 6.64e-11
2022-11-09, 08:29:35, 8.7e-13, 6.68e-11
2022-11-09, 08:29:39, 8.79e-13, 6.72e-11
2022-11-09, 08:29:43, 8.43e-13, 6.7e-11
2022-11-09, 08:29:47, 8.61e-13, 6.7e-11
2022-11-09, 08:29:52, 8.94e-13, 6.68e-11
2022-11-09, 08:29:56, 9.21e-13, 6.7e-11
2022-11-09, 08:30:00, 8.14e-13, 6.71e-11
2022-11-09, 08:30:04, 8.6e-13, 6.7e-11
2022-11-09, 08:30:08, 8.33e-13, 6.78e-11
2022-11-09, 08:30:13, 8.71e-13, 6.67e-11
2022-11-09, 08:30:17, 8.38e-13, 6.72e-11
2022-11-09, 08:30:21, 8.96e-13, 6.71e-11
2022-11-09, 08:30:25, 8.31e-13, 6.67e-11
2022-11-09, 08:30:29, 8.37e-13, 6.71e-11
2022-11-09, 08:30:34, 7.97e-13, 6.7e-11
2022-11-09, 08:30:38, 8.47e-13, 6.71e-11
2022-11-09, 08:30:43, 8.14e-13, 6.7e-11
2022-11-09, 08:30:47, 8.66e-13, 6.73e-11
2022-11-09, 08:30:51, 1.01e-12, 6.69e-11
2022-11-09, 08:30:55, 8.44e-13, 6.75e-11
2022-11-09, 08:31:00, 8.67e-13, 6.66e-11
2022-11-09, 08:31:04, 7.86e-13, 6.74e-11
2022-11-09, 08:31:08, 7.26e-13, 6.63e-11
2022-11-09, 08:31:12, 8.99e-13, 6.69e-11
2022-11-09, 08:31:17, 8.52e-13, 6.68e-11
2022-11-09, 08:31:21, 8.49e-13, 6.74e-11
2022-11-09, 08:31:25, 8.71e-13, 6.73e-11
2022-11-09, 08:31:29, 9.11e-13, 6.75e-11
2022-11-09, 08:31:33, 8.83e-13, 6.74e-11
2022-11-09, 08:31:38, 8.2e-13, 6.72e-11
2022-11-09, 08:31:42, 9.22e-13, 6.73e-11
2022-11-09, 08:31:46, 8.76e-13, 6.73e-11
2022-11-09, 08:31:50, 9.52e-13, 6.72e-11
2022-11-09, 08:31:55, 8.51e-13, 6.75e-11
2022-11-09, 08:31:59, 8.29e-13, 6.73e-11
2022-11-09, 08:32:03, 7.19e-13, 6.73e-11
2022-11-09, 08:32:07, 7.65e-13, 6.66e-11
2022-11-09, 08:32:11, 9.6e-13, 6.74e-11
2022-11-09, 08:32:16, 9.22e-13, 6.74e-11
2022-11-09, 08:32:20, 9.72e-13, 6.74e-11
2022-11-09, 08:32:24, 8.13e-13, 6.74e-11
2022-11-09, 08:32:28, 8.61e-13, 6.73e-11
2022-11-09, 08:32:33, 8.51e-13, 6.74e-11
2022-11-09, 08:32:37, 8.7e-13, 6.74e-11
2022-11-09, 08:32:41, 8.41e-13, 6.74e-11
2022-11-09, 08:32:45, 9.11e-13, 6.75e-11
2022-11-09, 08:32:49, 8.61e-13, 6.75e-11
2022-11-09, 08:32:54, 8.24e-13, 6.71e-11
2022-11-09, 08:32:58, 7.88e-13, 6.71e-11
2022-11-09, 08:33:02, 8.77e-13, 6.67e-11
2022-11-09, 08:33:06, 8.45e-13, 6.76e-11
2022-11-09, 08:33:10, 8.72e-13, 6.75e-11
2022-11-09, 08:33:15, 8.7e-13, 6.74e-11
2022-11-09, 08:33:19, 9.65e-13, 6.73e-11
2022-11-09, 08:33:23, 8.48e-13, 6.71e-11
2022-11-09, 08:33:27, 8.57e-13, 6.73e-11
2022-11-09, 08:33:32, 9.23e-13, 6.72e-11
2022-11-09, 08:33:36, 7.87e-13, 6.68e-11
2022-11-09, 08:33:40, 8.6e-13, 6.68e-11
2022-11-09, 08:33:44, 8.45e-13, 6.69e-11
2022-11-09, 08:33:48, 8.57e-13, 6.72e-11
2022-11-09, 08:33:53, 8.64e-13, 6.72e-11
2022-11-09, 08:33:57, 8.69e-13, 6.72e-11
2022-11-09, 08:34:01, 7.98e-13, 6.72e-11
2022-11-09, 08:34:05, 8.22e-13, 6.68e-11
2022-11-09, 08:34:10, 8.71e-13, 6.73e-11
2022-11-09, 08:34:14, 8.01e-13, 6.71e-11
2022-11-09, 08:34:18, 8.25e-13, 6.64e-11
2022-11-09, 08:34:22, 8.32e-13, 6.72e-11
2022-11-09, 08:34:26, 9.4e-13, 6.69e-11
2022-11-09, 08:34:31, 7.8e-13, 6.71e-11
2022-11-09, 08:34:35, 7.16e-13, 6.7e-11
2022-11-09, 08:34:39, 8.93e-13, 6.7e-11
2022-11-09, 08:34:43, 8.6e-13, 6.73e-11
2022-11-09, 08:34:48, 8.17e-13, 6.72e-11
2022-11-09, 08:34:52, 7.8e-13, 6.72e-11
2022-11-09, 08:34:56, 8.58e-13, 6.7e-11
2022-11-09, 08:35:00, 9.05e-13, 6.7e-11
2022-11-09, 08:35:04, 8.55e-13, 6.72e-11
2022-11-09, 08:35:09, 7.86e-13, 6.69e-11
2022-11-09, 08:35:13, 8.38e-13, 6.71e-11
2022-11-09, 08:35:17, 8e-13, 6.69e-11
2022-11-09, 08:35:21, 8.6e-13, 6.73e-11
2022-11-09, 08:35:26, 9.11e-13, 6.73e-11
2022-11-09, 08:35:30, 8.23e-13, 6.66e-11
2022-11-09, 08:35:34, 8.22e-13, 6.72e-11
2022-11-09, 08:35:38, 8.61e-13, 6.75e-11
2022-11-09, 08:35:42, 8.6e-13, 6.75e-11
2022-11-09, 08:35:47, 8.73e-13, 6.75e-11
2022-11-09, 08:35:51, 8.62e-13, 6.71e-11
2022-11-09, 08:35:55, 9.03e-13, 6.72e-11
2022-11-09, 08:35:59, 9e-13, 6.74e-11
2022-11-09, 08:36:04, 9.06e-13, 6.72e-11
2022-11-09, 08:36:08, 8.87e-13, 6.71e-11
2022-11-09, 08:36:12, 8.37e-13, 6.72e-11
2022-11-09, 08:36:16, 8.4e-13, 6.72e-11
2022-11-09, 08:36:20, 8.16e-13, 6.71e-11
2022-11-09, 08:36:25, 8.76e-13, 6.7e-11
2022-11-09, 08:36:29, 8.61e-13, 6.75e-11
2022-11-09, 08:36:33, 1.03e-12, 6.76e-11
2022-11-09, 08:36:37, 8.14e-13, 6.72e-11
2022-11-09, 08:36:41, 8.11e-13, 6.76e-11
2022-11-09, 08:36:46, 7.49e-13, 6.77e-11
2022-11-09, 08:36:50, 8.47e-13, 6.73e-11
2022-11-09, 08:36:54, 7.99e-13, 6.75e-11
2022-11-09, 08:36:58, 9.24e-13, 6.66e-11
2022-11-09, 08:37:03, 8.66e-13, 6.74e-11
2022-11-09, 08:37:07, 8.13e-13, 6.73e-11
2022-11-09, 08:37:11, 8.36e-13, 6.64e-11
2022-11-09, 08:37:15, 8.3e-13, 6.74e-11
2022-11-09, 08:37:19, 8.53e-13, 6.74e-11
2022-11-09, 08:37:24, 8.88e-13, 6.72e-11
2022-11-09, 08:37:28, 8.16e-13, 6.71e-11
2022-11-09, 08:37:32, 8.25e-13, 6.68e-11
2022-11-09, 08:37:36, 8.36e-13, 6.72e-11
2022-11-09, 08:37:41, 8.25e-13, 6.7e-11
2022-11-09, 08:37:45, 8.11e-13, 6.76e-11
2022-11-09, 08:37:49, 8.98e-13, 6.75e-11
2022-11-09, 08:37:53, 8.92e-13, 6.62e-11
2022-11-09, 08:37:57, 8.46e-13, 6.62e-11
2022-11-09, 08:38:02, 7.78e-13, 6.69e-11
2022-11-09, 08:38:06, 9.19e-13, 6.71e-11
2022-11-09, 08:38:10, 8.53e-13, 6.65e-11
2022-11-09, 08:38:14, 8.13e-13, 6.75e-11
2022-11-09, 08:38:19, 8.49e-13, 6.73e-11
2022-11-09, 08:38:23, 8.97e-13, 6.72e-11
2022-11-09, 08:38:27, 9e-13, 6.61e-11
2022-11-09, 08:38:31, 8.75e-13, 6.66e-11
2022-11-09, 08:38:35, 8.33e-13, 6.73e-11
2022-11-09, 08:38:40, 8.01e-13, 6.71e-11
2022-11-09, 08:38:44, 8.37e-13, 6.66e-11
2022-11-09, 08:38:48, 9e-13, 6.7e-11
2022-11-09, 08:38:52, 8.69e-13, 6.7e-11
2022-11-09, 08:38:57, 9.01e-13, 6.68e-11
2022-11-09, 08:39:01, 8.8e-13, 6.73e-11
2022-11-09, 08:39:05, 8.32e-13, 6.69e-11
2022-11-09, 08:39:09, 8.64e-13, 6.71e-11
2022-11-09, 08:39:13, 8.19e-13, 6.69e-11
2022-11-09, 08:39:18, 8.5e-13, 6.71e-11
2022-11-09, 08:39:22, 8.69e-13, 6.72e-11
2022-11-09, 08:39:26, 8.47e-13, 6.68e-11
2022-11-09, 08:39:30, 9.02e-13, 6.7e-11
2022-11-09, 08:39:35, 8.89e-13, 6.7e-11
2022-11-09, 08:39:39, 8.77e-13, 6.62e-11
2022-11-09, 08:39:43, 8.12e-13, 6.71e-11
2022-11-09, 08:39:47, 9.99e-13, 6.69e-11
2022-11-09, 08:39:51, 9.05e-13, 6.63e-11
2022-11-09, 08:39:56, 8.6e-13, 6.69e-11
2022-11-09, 08:40:00, 8.75e-13, 6.7e-11
2022-11-09, 08:40:04, 9.14e-13, 6.64e-11
2022-11-09, 08:40:08, 9.26e-13, 6.73e-11
2022-11-09, 08:40:13, 9.07e-13, 6.71e-11
2022-11-09, 08:40:17, 7.89e-13, 6.73e-11
2022-11-09, 08:40:21, 8.91e-13, 6.63e-11
2022-11-09, 08:40:25, 8.12e-13, 6.72e-11
2022-11-09, 08:40:29, 9.61e-13, 6.69e-11
2022-11-09, 08:40:34, 8.6e-13, 6.73e-11
2022-11-09, 08:40:38, 8.83e-13, 6.72e-11
2022-11-09, 08:40:42, 8.54e-13, 6.7e-11
2022-11-09, 08:40:46, 9.39e-13, 6.73e-11
2022-11-09, 08:40:50, 8.68e-13, 6.74e-11
2022-11-09, 08:40:55, 9.15e-13, 6.73e-11
2022-11-09, 08:40:59, 8.28e-13, 6.7e-11
2022-11-09, 08:41:03, 1.02e-12, 6.71e-11
2022-11-09, 08:41:07, 7.83e-13, 6.69e-11
2022-11-09, 08:41:12, 8.38e-13, 6.71e-11
2022-11-09, 08:41:16, 7.63e-13, 6.71e-11
2022-11-09, 08:41:20, 8.7e-13, 6.68e-11
2022-11-09, 08:41:24, 8.5e-13, 6.69e-11
2022-11-09, 08:41:28, 8.01e-13, 6.71e-11
2022-11-09, 08:41:33, 8.17e-13, 6.69e-11
2022-11-09, 08:41:37, 8.85e-13, 6.67e-11
2022-11-09, 08:41:41, 8.4e-13, 6.7e-11
2022-11-09, 08:41:45, 8.42e-13, 6.72e-11
2022-11-09, 08:41:50, 8.63e-13, 6.7e-11
2022-11-09, 08:41:54, 8.68e-13, 6.7e-11
2022-11-09, 08:41:58, 9.4e-13, 6.69e-11
2022-11-09, 08:42:02, 9.2e-13, 6.71e-11
2022-11-09, 08:42:06, 8.32e-13, 6.71e-11
2022-11-09, 08:42:11, 8.77e-13, 6.71e-11
2022-11-09, 08:42:15, 9e-13, 6.68e-11
2022-11-09, 08:42:19, 8.8e-13, 6.68e-11
2022-11-09, 08:42:23, 8.74e-13, 6.73e-11
2022-11-09, 08:42:28, 9.08e-13, 6.7e-11
2022-11-09, 08:42:32, 8.41e-13, 6.7e-11
2022-11-09, 08:42:36, 9.56e-13, 6.63e-11
2022-11-09, 08:42:40, 8.4e-13, 6.7e-11
2022-11-09, 08:42:44, 9.37e-13, 6.72e-11
2022-11-09, 08:42:49, 8.16e-13, 6.71e-11
2022-11-09, 08:42:53, 8.81e-13, 6.72e-11
2022-11-09, 08:42:57, 8.26e-13, 6.76e-11
2022-11-09, 08:43:01, 8.53e-13, 6.73e-11
2022-11-09, 08:43:06, 8.28e-13, 6.73e-11
2022-11-09, 08:43:10, 8.37e-13, 6.72e-11
2022-11-09, 08:43:14, 7.91e-13, 6.71e-11
2022-11-09, 08:43:18, 8.9e-13, 6.68e-11
2022-11-09, 08:43:22, 7.93e-13, 6.73e-11
2022-11-09, 08:43:27, 8.44e-13, 6.71e-11
2022-11-09, 08:43:31, 8.42e-13, 6.75e-11
2022-11-09, 08:43:35, 9.08e-13, 6.75e-11
2022-11-09, 08:43:39, 8.88e-13, 6.76e-11
2022-11-09, 08:43:44, 8.6e-13, 6.74e-11
2022-11-09, 08:43:48, 9.46e-13, 6.7e-11
2022-11-09, 08:43:52, 8.38e-13, 6.68e-11
2022-11-09, 08:43:56, 8.43e-13, 6.68e-11
2022-11-09, 08:44:00, 8.74e-13, 6.72e-11
2022-11-09, 08:44:05, 8.93e-13, 6.72e-11
2022-11-09, 08:44:09, 8.55e-13, 6.65e-11
2022-11-09, 08:44:13, 8.41e-13, 6.73e-11
2022-11-09, 08:44:17, 7.7e-13, 6.74e-11
2022-11-09, 08:44:22, 8.21e-13, 6.76e-11
2022-11-09, 08:44:26, 8.92e-13, 6.76e-11
2022-11-09, 08:44:30, 9.08e-13, 6.75e-11
2022-11-09, 08:44:34, 8.36e-13, 6.7e-11
2022-11-09, 08:44:38, 8.84e-13, 6.68e-11
2022-11-09, 08:44:43, 8.05e-13, 6.65e-11
2022-11-09, 08:44:47, 8.59e-13, 6.7e-11
2022-11-09, 08:44:51, 7.91e-13, 6.72e-11
2022-11-09, 08:44:55, 8.14e-13, 6.69e-11
2022-11-09, 08:45:00, 8.57e-13, 6.72e-11
2022-11-09, 08:45:04, 8.43e-13, 6.76e-11
2022-11-09, 08:45:08, 7.57e-13, 6.73e-11
2022-11-09, 08:45:12, 9.16e-13, 6.71e-11
2022-11-09, 08:45:16, 8.46e-13, 6.74e-11
2022-11-09, 08:45:21, 8.58e-13, 6.73e-11
2022-11-09, 08:45:25, 8.29e-13, 6.7e-11
2022-11-09, 08:45:29, 9.02e-13, 6.74e-11
2022-11-09, 08:45:33, 8.15e-13, 6.72e-11
2022-11-09, 08:45:38, 8.52e-13, 6.75e-11
2022-11-09, 08:45:42, 7.96e-13, 6.7e-11
2022-11-09, 08:45:46, 7.59e-13, 6.73e-11
2022-11-09, 08:45:50, 8.77e-13, 6.76e-11
2022-11-09, 08:45:54, 9.27e-13, 6.67e-11
2022-11-09, 08:45:59, 8.07e-13, 6.72e-11
2022-11-09, 08:46:03, 9.24e-13, 6.69e-11
2022-11-09, 08:46:07, 8.64e-13, 6.73e-11
2022-11-09, 08:46:11, 9.1e-13, 6.66e-11
2022-11-09, 08:46:15, 8.23e-13, 6.68e-11
2022-11-09, 08:46:20, 8.27e-13, 6.64e-11
2022-11-09, 08:46:24, 8.83e-13, 6.63e-11
2022-11-09, 08:46:28, 8.66e-13, 6.68e-11
2022-11-09, 08:46:32, 8.82e-13, 6.68e-11
2022-11-09, 08:46:37, 8.57e-13, 6.7e-11
2022-11-09, 08:46:41, 8.71e-13, 6.72e-11
2022-11-09, 08:46:45, 8.29e-13, 6.72e-11
2022-11-09, 08:46:49, 8.34e-13, 6.72e-11
2022-11-09, 08:46:53, 1.02e-12, 6.72e-11
2022-11-09, 08:46:58, 9.48e-13, 6.72e-11
2022-11-09, 08:47:02, 8.26e-13, 6.73e-11
2022-11-09, 08:47:06, 9.53e-13, 6.76e-11
2022-11-09, 08:47:10, 8.59e-13, 6.71e-11
2022-11-09, 08:47:15, 9.21e-13, 6.72e-11
2022-11-09, 08:47:19, 8.53e-13, 6.73e-11
2022-11-09, 08:47:23, 8.95e-13, 6.72e-11
2022-11-09, 08:47:27, 8.26e-13, 6.72e-11
2022-11-09, 08:47:31, 8.33e-13, 6.69e-11
2022-11-09, 08:47:36, 8.92e-13, 6.73e-11
2022-11-09, 08:47:40, 8.46e-13, 6.72e-11
2022-11-09, 08:47:44, 8.23e-13, 6.73e-11
2022-11-09, 08:47:48, 8.46e-13, 6.73e-11
2022-11-09, 08:47:53, 8.96e-13, 6.72e-11
2022-11-09, 08:47:57, 7.8e-13, 6.74e-11
2022-11-09, 08:48:01, 9.56e-13, 6.73e-11
2022-11-09, 08:48:05, 8.48e-13, 6.65e-11
2022-11-09, 08:48:09, 8.36e-13, 6.68e-11
2022-11-09, 08:48:14, 8.46e-13, 6.71e-11
2022-11-09, 08:48:18, 8.63e-13, 6.7e-11
2022-11-09, 08:48:22, 8.24e-13, 6.73e-11
2022-11-09, 08:48:26, 9.05e-13, 6.68e-11
2022-11-09, 08:48:31, 8.56e-13, 6.71e-11
2022-11-09, 08:48:35, 9.06e-13, 6.69e-11
2022-11-09, 08:48:39, 8.69e-13, 6.73e-11
2022-11-09, 08:48:43, 8.67e-13, 6.73e-11
2022-11-09, 08:48:47, 9.51e-13, 6.72e-11
2022-11-09, 08:48:52, 7.75e-13, 6.78e-11
2022-11-09, 08:48:56, 9.29e-13, 6.72e-11
2022-11-09, 08:49:00, 8.73e-13, 6.7e-11
2022-11-09, 08:49:04, 8.51e-13, 6.72e-11
2022-11-09, 08:49:09, 8.57e-13, 6.7e-11
2022-11-09, 08:49:13, 8.62e-13, 6.71e-11
2022-11-09, 08:49:17, 8.79e-13, 6.69e-11
2022-11-09, 08:49:21, 7e-13, 6.72e-11
2022-11-09, 08:49:25, 9.59e-13, 6.73e-11
2022-11-09, 08:49:30, 8.85e-13, 6.75e-11
2022-11-09, 08:49:34, 8.9e-13, 6.75e-11
2022-11-09, 08:49:38, 8.81e-13, 6.72e-11
2022-11-09, 08:49:42, 9.09e-13, 6.75e-11
2022-11-09, 08:49:47, 8.48e-13, 6.74e-11
2022-11-09, 08:49:51, 9.22e-13, 6.73e-11
2022-11-09, 08:49:55, 8.27e-13, 6.73e-11
2022-11-09, 08:49:59, 8.43e-13, 6.72e-11
2022-11-09, 08:50:03, 8.28e-13, 6.71e-11
2022-11-09, 08:50:08, 8.71e-13, 6.72e-11
2022-11-09, 08:50:12, 7.54e-13, 6.7e-11
2022-11-09, 08:50:16, 8.87e-13, 6.72e-11
2022-11-09, 08:50:20, 8.7e-13, 6.67e-11
2022-11-09, 08:50:25, 8.64e-13, 6.64e-11
2022-11-09, 08:50:29, 8.63e-13, 6.64e-11
2022-11-09, 08:50:33, 9.22e-13, 6.72e-11
2022-11-09, 08:50:37, 1.03e-12, 6.73e-11
2022-11-09, 08:50:41, 7.93e-13, 6.74e-11
2022-11-09, 08:50:46, 8.72e-13, 6.72e-11
2022-11-09, 08:50:50, 6.61e-13, 6.73e-11
2022-11-09, 08:50:54, 8.22e-13, 6.73e-11
2022-11-09, 08:50:58, 8.54e-13, 6.77e-11
2022-11-09, 08:51:03, 9.35e-13, 6.72e-11
2022-11-09, 08:51:07, 8.06e-13, 6.71e-11
2022-11-09, 08:51:11, 8.33e-13, 6.72e-11
2022-11-09, 08:51:15, 1.06e-12, 6.7e-11
2022-11-09, 08:51:19, 8.22e-13, 6.66e-11
2022-11-09, 08:51:24, 8.35e-13, 6.67e-11
2022-11-09, 08:51:28, 8.02e-13, 6.68e-11
2022-11-09, 08:51:32, 8.13e-13, 6.72e-11
2022-11-09, 08:51:36, 8.74e-13, 6.72e-11
2022-11-09, 08:51:41, 8.75e-13, 6.7e-11
2022-11-09, 08:51:45, 8.73e-13, 6.72e-11
2022-11-09, 08:51:49, 9.21e-13, 6.74e-11
2022-11-09, 08:51:53, 8.62e-13, 6.72e-11
2022-11-09, 08:51:57, 8.85e-13, 6.72e-11
2022-11-09, 08:52:02, 8.66e-13, 6.72e-11
2022-11-09, 08:52:06, 9.05e-13, 6.66e-11
2022-11-09, 08:52:10, 8.55e-13, 6.74e-11
2022-11-09, 08:52:14, 8.54e-13, 6.74e-11
2022-11-09, 08:52:18, 8.74e-13, 6.7e-11
2022-11-09, 08:52:23, 8.73e-13, 6.71e-11
2022-11-09, 08:52:27, 8.83e-13, 6.76e-11
2022-11-09, 08:52:31, 9.07e-13, 6.7e-11
2022-11-09, 08:52:35, 8.35e-13, 6.71e-11
2022-11-09, 08:52:40, 9.19e-13, 6.69e-11
2022-11-09, 08:52:44, 7.13e-13, 6.7e-11
2022-11-09, 08:52:48, 7.88e-13, 6.74e-11
2022-11-09, 08:52:52, 8.76e-13, 6.76e-11
2022-11-09, 08:52:56, 8.44e-13, 6.75e-11
2022-11-09, 08:53:01, 8.78e-13, 6.71e-11
2022-11-09, 08:53:05, 8.45e-13, 6.71e-11
2022-11-09, 08:53:09, 8.26e-13, 6.73e-11
2022-11-09, 08:53:13, 9.49e-13, 6.7e-11
2022-11-09, 08:53:18, 7.92e-13, 6.69e-11
2022-11-09, 08:53:22, 8.74e-13, 6.68e-11
2022-11-09, 08:53:26, 8.12e-13, 6.68e-11
2022-11-09, 08:53:30, 8.71e-13, 6.72e-11
2022-11-09, 08:53:34, 8.27e-13, 6.74e-11
2022-11-09, 08:53:39, 9.63e-13, 6.73e-11
2022-11-09, 08:53:43, 9.16e-13, 6.73e-11
2022-11-09, 08:53:47, 8.58e-13, 6.72e-11
2022-11-09, 08:53:51, 8.41e-13, 6.77e-11
2022-11-09, 08:53:56, 8.58e-13, 6.7e-11
2022-11-09, 08:54:00, 9.18e-13, 6.73e-11
2022-11-09, 08:54:04, 8.3e-13, 6.74e-11
2022-11-09, 08:54:08, 8.54e-13, 6.7e-11
2022-11-09, 08:54:12, 8.33e-13, 6.75e-11
2022-11-09, 08:54:17, 8.93e-13, 6.75e-11
2022-11-09, 08:54:21, 9.02e-13, 6.73e-11
2022-11-09, 08:54:25, 8.76e-13, 6.72e-11
2022-11-09, 08:54:29, 8.42e-13, 6.72e-11
2022-11-09, 08:54:34, 8.77e-13, 6.71e-11
2022-11-09, 08:54:38, 8.48e-13, 6.67e-11
2022-11-09, 08:54:42, 8.57e-13, 6.71e-11
2022-11-09, 08:54:46, 8.72e-13, 6.71e-11
2022-11-09, 08:54:50, 8.73e-13, 6.73e-11
2022-11-09, 08:54:55, 9.28e-13, 6.69e-11
2022-11-09, 08:54:59, 8.28e-13, 6.72e-11
2022-11-09, 08:55:03, 7.78e-13, 6.71e-11
2022-11-09, 08:55:07, 8.41e-13, 6.67e-11
2022-11-09, 08:55:12, 8.83e-13, 6.68e-11
2022-11-09, 08:55:16, 8.41e-13, 6.72e-11
2022-11-09, 08:55:20, 8.56e-13, 6.71e-11
2022-11-09, 08:55:24, 8.86e-13, 6.71e-11
2022-11-09, 08:55:28, 8.51e-13, 6.68e-11
2022-11-09, 08:55:33, 9.22e-13, 6.74e-11
2022-11-09, 08:55:37, 8.65e-13, 6.74e-11
2022-11-09, 08:55:41, 8.68e-13, 6.74e-11
2022-11-09, 08:55:45, 8.77e-13, 6.73e-11
2022-11-09, 08:55:49, 8.89e-13, 6.75e-11
2022-11-09, 08:55:54, 9e-13, 6.76e-11
2022-11-09, 08:55:58, 8.81e-13, 6.7e-11
2022-11-09, 08:56:02, 9.07e-13, 6.73e-11
2022-11-09, 08:56:06, 9.68e-13, 6.72e-11
2022-11-09, 08:56:11, 9.17e-13, 6.68e-11
2022-11-09, 08:56:15, 8.28e-13, 6.71e-11
2022-11-09, 08:56:19, 8.1e-13, 6.72e-11
2022-11-09, 08:56:23, 8.76e-13, 6.71e-11
2022-11-09, 08:56:27, 8.48e-13, 6.67e-11
2022-11-09, 08:56:32, 9.08e-13, 6.71e-11
2022-11-09, 08:56:36, 9.28e-13, 6.7e-11
2022-11-09, 08:56:40, 8.19e-13, 6.71e-11
2022-11-09, 08:56:44, 8.66e-13, 6.72e-11
2022-11-09, 08:56:49, 8.97e-13, 6.72e-11
2022-11-09, 08:56:53, 8.96e-13, 6.72e-11
2022-11-09, 08:56:57, 9.02e-13, 6.71e-11
2022-11-09, 08:57:01, 8.33e-13, 6.77e-11
2022-11-09, 08:57:05, 8.26e-13, 6.64e-11
2022-11-09, 08:57:10, 8.14e-13, 6.67e-11
2022-11-09, 08:57:14, 7.53e-13, 6.72e-11
2022-11-09, 08:57:18, 8.08e-13, 6.71e-11
2022-11-09, 08:57:22, 8.19e-13, 6.72e-11
2022-11-09, 08:57:27, 8.53e-13, 6.71e-11
2022-11-09, 08:57:31, 8.61e-13, 6.72e-11
2022-11-09, 08:57:35, 8.56e-13, 6.69e-11
2022-11-09, 08:57:39, 9.24e-13, 6.73e-11
2022-11-09, 08:57:43, 8.66e-13, 6.72e-11
2022-11-09, 08:57:48, 8.53e-13, 6.72e-11
2022-11-09, 08:57:52, 8.59e-13, 6.75e-11
2022-11-09, 08:57:56, 8.7e-13, 6.67e-11
2022-11-09, 08:58:01, 8.79e-13, 6.75e-11
2022-11-09, 08:58:05, 9.77e-13, 6.73e-11
2022-11-09, 08:58:09, 8.56e-13, 6.67e-11
2022-11-09, 08:58:13, 8.13e-13, 6.74e-11
2022-11-09, 08:58:17, 8.9e-13, 6.74e-11
2022-11-09, 08:58:22, 8.26e-13, 6.71e-11
2022-11-09, 08:58:26, 8.87e-13, 6.74e-11
2022-11-09, 08:58:30, 8.55e-13, 6.74e-11
2022-11-09, 08:58:34, 7.29e-13, 6.73e-11
2022-11-09, 08:58:39, 8.54e-13, 6.67e-11
2022-11-09, 08:58:43, 8.78e-13, 6.67e-11
2022-11-09, 08:58:47, 8.15e-13, 6.66e-11
2022-11-09, 08:58:51, 9.32e-13, 6.72e-11
2022-11-09, 08:58:55, 8.14e-13, 6.79e-11
2022-11-09, 08:59:00, 8.66e-13, 6.77e-11
2022-11-09, 08:59:04, 8.26e-13, 6.75e-11
2022-11-09, 08:59:08, 8.62e-13, 6.69e-11
2022-11-09, 08:59:12, 8.65e-13, 6.75e-11
2022-11-09, 08:59:17, 8.61e-13, 6.68e-11
2022-11-09, 08:59:21, 8.57e-13, 6.7e-11
2022-11-09, 08:59:25, 8.92e-13, 6.68e-11
2022-11-09, 08:59:29, 9.24e-13, 6.66e-11
2022-11-09, 08:59:33, 8.79e-13, 6.69e-11
2022-11-09, 08:59:38, 1.01e-12, 6.65e-11
2022-11-09, 08:59:42, 8.66e-13, 6.69e-11
2022-11-09, 08:59:46, 8.17e-13, 6.68e-11
2022-11-09, 08:59:50, 8.56e-13, 6.65e-11
2022-11-09, 08:59:54, 8.29e-13, 6.69e-11
2022-11-09, 08:59:59, 8.54e-13, 6.7e-11
2022-11-09, 09:00:03, 8.7e-13, 6.68e-11
2022-11-09, 09:00:07, 8.87e-13, 6.72e-11
2022-11-09, 09:00:11, 8.26e-13, 6.68e-11
2022-11-09, 09:00:16, 8.93e-13, 6.68e-11
2022-11-09, 09:00:20, 8.08e-13, 6.71e-11
2022-11-09, 09:00:24, 9.09e-13, 6.71e-11
2022-11-09, 09:00:28, 8.88e-13, 6.73e-11
2022-11-09, 09:00:32, 8.95e-13, 6.7e-11
2022-11-09, 09:00:37, 8.44e-13, 6.71e-11
2022-11-09, 09:00:41, 8.88e-13, 6.67e-11
2022-11-09, 09:00:45, 8.58e-13, 6.64e-11
2022-11-09, 09:00:49, 8.22e-13, 6.7e-11
2022-11-09, 09:00:54, 8.9e-13, 6.69e-11
2022-11-09, 09:00:58, 7.78e-13, 6.63e-11
2022-11-09, 09:01:02, 8.43e-13, 6.72e-11
2022-11-09, 09:01:06, 8.45e-13, 6.72e-11
2022-11-09, 09:01:10, 8.31e-13, 6.71e-11
2022-11-09, 09:01:15, 9.49e-13, 6.69e-11
2022-11-09, 09:01:19, 8.74e-13, 6.69e-11
2022-11-09, 09:01:23, 9.16e-13, 6.71e-11
2022-11-09, 09:01:27, 8.61e-13, 6.7e-11
2022-11-09, 09:01:32, 7.88e-13, 6.71e-11
2022-11-09, 09:01:36, 8.67e-13, 6.71e-11
2022-11-09, 09:01:40, 8.51e-13, 6.67e-11
2022-11-09, 09:01:44, 8.58e-13, 6.69e-11
2022-11-09, 09:01:48, 8.68e-13, 6.7e-11
2022-11-09, 09:01:53, 7.83e-13, 6.69e-11
2022-11-09, 09:01:57, 8.83e-13, 6.7e-11
2022-11-09, 09:02:01, 8.97e-13, 6.7e-11
2022-11-09, 09:02:05, 8.83e-13, 6.7e-11
2022-11-09, 09:02:10, 8.5e-13, 6.7e-11
2022-11-09, 09:02:14, 8.87e-13, 6.67e-11
2022-11-09, 09:02:18, 8.79e-13, 6.68e-11
2022-11-09, 09:02:22, 8.63e-13, 6.67e-11
2022-11-09, 09:02:26, 8.3e-13, 6.68e-11
2022-11-09, 09:02:31, 8.74e-13, 6.69e-11
2022-11-09, 09:02:35, 8.87e-13, 6.71e-11
2022-11-09, 09:02:39, 8.38e-13, 6.67e-11
2022-11-09, 09:02:43, 9e-13, 6.7e-11
2022-11-09, 09:02:48, 8.84e-13, 6.63e-11
2022-11-09, 09:02:52, 8.42e-13, 6.71e-11
2022-11-09, 09:02:56, 8.91e-13, 6.68e-11
2022-11-09, 09:03:00, 8.75e-13, 6.68e-11
2022-11-09, 09:03:04, 8.74e-13, 6.73e-11
2022-11-09, 09:03:09, 8.84e-13, 6.72e-11
2022-11-09, 09:03:13, 8.68e-13, 6.72e-11
2022-11-09, 09:03:17, 8.44e-13, 6.7e-11
2022-11-09, 09:03:21, 8.35e-13, 6.67e-11
2022-11-09, 09:03:26, 8.87e-13, 6.71e-11
2022-11-09, 09:03:30, 9.09e-13, 6.67e-11
2022-11-09, 09:03:34, 8.33e-13, 6.72e-11
2022-11-09, 09:03:38, 8.63e-13, 6.7e-11
2022-11-09, 09:03:42, 8.79e-13, 6.69e-11
2022-11-09, 09:03:47, 8.93e-13, 6.69e-11
2022-11-09, 09:03:51, 9.25e-13, 6.7e-11
2022-11-09, 09:03:55, 9.04e-13, 6.71e-11
2022-11-09, 09:03:59, 8.72e-13, 6.7e-11
2022-11-09, 09:04:03, 8.93e-13, 6.68e-11
2022-11-09, 09:04:08, 9.17e-13, 6.71e-11
2022-11-09, 09:04:12, 8.87e-13, 6.71e-11
2022-11-09, 09:04:16, 8.39e-13, 6.71e-11
2022-11-09, 09:04:20, 8.96e-13, 6.69e-11
2022-11-09, 09:04:25, 9.32e-13, 6.71e-11
2022-11-09, 09:04:29, 8.85e-13, 6.71e-11
2022-11-09, 09:04:33, 8.44e-13, 6.72e-11
2022-11-09, 09:04:37, 8.51e-13, 6.71e-11
2022-11-09, 09:04:41, 8.68e-13, 6.7e-11
2022-11-09, 09:04:46, 8.48e-13, 6.65e-11
2022-11-09, 09:04:50, 8.62e-13, 6.65e-11
2022-11-09, 09:04:54, 8.17e-13, 6.66e-11
2022-11-09, 09:04:58, 1.01e-12, 6.67e-11
2022-11-09, 09:05:03, 9.28e-13, 6.61e-11
2022-11-09, 09:05:07, 8.66e-13, 6.68e-11
2022-11-09, 09:05:11, 8.66e-13, 6.7e-11
2022-11-09, 09:05:15, 8.73e-13, 6.68e-11
2022-11-09, 09:05:19, 8.42e-13, 6.69e-11
2022-11-09, 09:05:24, 9.05e-13, 6.68e-11
2022-11-09, 09:05:28, 8.98e-13, 6.65e-11
2022-11-09, 09:05:32, 8.29e-13, 6.67e-11
2022-11-09, 09:05:36, 8.16e-13, 6.68e-11
2022-11-09, 09:05:41, 8.47e-13, 6.66e-11
2022-11-09, 09:05:45, 7.94e-13, 6.66e-11
2022-11-09, 09:05:49, 8.02e-13, 6.62e-11
2022-11-09, 09:05:53, 8.72e-13, 6.67e-11
2022-11-09, 09:05:57, 8.37e-13, 6.66e-11
2022-11-09, 09:06:02, 8.56e-13, 6.61e-11
2022-11-09, 09:06:06, 8.57e-13, 6.68e-11
2022-11-09, 09:06:10, 8.39e-13, 6.67e-11
2022-11-09, 09:06:14, 8.78e-13, 6.67e-11
2022-11-09, 09:06:19, 8.26e-13, 6.66e-11
2022-11-09, 09:06:23, 8.57e-13, 6.67e-11
2022-11-09, 09:06:27, 8.67e-13, 6.64e-11
2022-11-09, 09:06:31, 9.34e-13, 6.68e-11
2022-11-09, 09:06:35, 8.28e-13, 6.67e-11
2022-11-09, 09:06:40, 8.66e-13, 6.68e-11
2022-11-09, 09:06:44, 8.19e-13, 6.68e-11
2022-11-09, 09:06:48, 8.28e-13, 6.69e-11
2022-11-09, 09:06:52, 9.2e-13, 6.66e-11
2022-11-09, 09:06:57, 8.01e-13, 6.68e-11
2022-11-09, 09:07:01, 8.69e-13, 6.68e-11
2022-11-09, 09:07:05, 7.53e-13, 6.66e-11
2022-11-09, 09:07:09, 8.14e-13, 6.68e-11
2022-11-09, 09:07:13, 8.54e-13, 6.65e-11
2022-11-09, 09:07:18, 8.86e-13, 6.64e-11
2022-11-09, 09:07:22, 8.58e-13, 6.69e-11
2022-11-09, 09:07:26, 8.13e-13, 6.7e-11
2022-11-09, 09:07:30, 8.95e-13, 6.67e-11
2022-11-09, 09:07:35, 9.03e-13, 6.64e-11
2022-11-09, 09:07:39, 8.91e-13, 6.67e-11
2022-11-09, 09:07:43, 7.44e-13, 6.66e-11
2022-11-09, 09:07:47, 9.74e-13, 6.65e-11
2022-11-09, 09:07:51, 7.98e-13, 6.65e-11
2022-11-09, 09:07:56, 8.41e-13, 6.65e-11
2022-11-09, 09:08:00, 8.56e-13, 6.65e-11
2022-11-09, 09:08:04, 8.12e-13, 6.6e-11
2022-11-09, 09:08:08, 7.32e-13, 6.64e-11
2022-11-09, 09:08:13, 8.42e-13, 6.65e-11
2022-11-09, 09:08:17, 8.99e-13, 6.67e-11
2022-11-09, 09:08:21, 8.69e-13, 6.67e-11
2022-11-09, 09:08:25, 8.28e-13, 6.66e-11
2022-11-09, 09:08:29, 8.11e-13, 6.64e-11
2022-11-09, 09:08:34, 9.42e-13, 6.67e-11
2022-11-09, 09:08:38, 8.6e-13, 6.61e-11
2022-11-09, 09:08:42, 9.06e-13, 6.65e-11
2022-11-09, 09:08:46, 7.8e-13, 6.64e-11
2022-11-09, 09:08:50, 7.82e-13, 6.65e-11
2022-11-09, 09:08:55, 8.72e-13, 6.64e-11
2022-11-09, 09:08:59, 8.77e-13, 6.65e-11
2022-11-09, 09:09:03, 1.06e-12, 6.65e-11
2022-11-09, 09:09:07, 8.13e-13, 6.66e-11
2022-11-09, 09:09:12, 9.02e-13, 6.61e-11
2022-11-09, 09:09:16, 8.56e-13, 6.64e-11
2022-11-09, 09:09:20, 8.36e-13, 6.64e-11
2022-11-09, 09:09:24, 7.24e-13, 6.65e-11
2022-11-09, 09:09:28, 7.57e-13, 6.64e-11
2022-11-09, 09:09:33, 8.96e-13, 6.66e-11
2022-11-09, 09:09:37, 8.44e-13, 6.65e-11
2022-11-09, 09:09:41, 9.34e-13, 6.66e-11
2022-11-09, 09:09:45, 8.34e-13, 6.61e-11
2022-11-09, 09:09:50, 8.09e-13, 6.63e-11
2022-11-09, 09:09:54, 8.16e-13, 6.63e-11
2022-11-09, 09:09:58, 7.68e-13, 6.63e-11
2022-11-09, 09:10:02, 9.38e-13, 6.62e-11
2022-11-09, 09:10:06, 8.39e-13, 6.6e-11
2022-11-09, 09:10:11, 7.84e-13, 6.63e-11
2022-11-09, 09:10:15, 8.27e-13, 6.63e-11
2022-11-09, 09:10:19, 8.58e-13, 6.63e-11
2022-11-09, 09:10:23, 1.03e-12, 6.63e-11
2022-11-09, 09:10:28, 8.23e-13, 6.67e-11
2022-11-09, 09:10:32, 8.23e-13, 6.64e-11
2022-11-09, 09:10:36, 9e-13, 6.58e-11
2022-11-09, 09:10:40, 8.71e-13, 6.65e-11
2022-11-09, 09:10:44, 8.6e-13, 6.66e-11
2022-11-09, 09:10:49, 8.62e-13, 6.64e-11
2022-11-09, 09:10:53, 8.11e-13, 6.63e-11
2022-11-09, 09:10:57, 8.62e-13, 6.64e-11
2022-11-09, 09:11:01, 7.59e-13, 6.62e-11
2022-11-09, 09:11:06, 8.31e-13, 6.63e-11
2022-11-09, 09:11:10, 8.01e-13, 6.55e-11
2022-11-09, 09:11:14, 8.55e-13, 6.62e-11
2022-11-09, 09:11:18, 8.4e-13, 6.64e-11
2022-11-09, 09:11:22, 8.55e-13, 6.63e-11
2022-11-09, 09:11:27, 8.79e-13, 6.63e-11
2022-11-09, 09:11:31, 8.67e-13, 6.64e-11
2022-11-09, 09:11:35, 8.32e-13, 6.64e-11
2022-11-09, 09:11:39, 8.9e-13, 6.64e-11
2022-11-09, 09:11:44, 8.11e-13, 6.64e-11
2022-11-09, 09:11:48, 8.76e-13, 6.64e-11
2022-11-09, 09:11:52, 8.51e-13, 6.63e-11
2022-11-09, 09:11:56, 8.37e-13, 6.62e-11
2022-11-09, 09:12:00, 8.74e-13, 6.63e-11
2022-11-09, 09:12:05, 7.53e-13, 6.63e-11
2022-11-09, 09:12:09, 8.77e-13, 6.63e-11
2022-11-09, 09:12:13, 9.27e-13, 6.63e-11
2022-11-09, 09:12:17, 8.29e-13, 6.65e-11
2022-11-09, 09:12:22, 8.86e-13, 6.64e-11
2022-11-09, 09:12:26, 8.59e-13, 6.67e-11
2022-11-09, 09:12:30, 8.89e-13, 6.63e-11
2022-11-09, 09:12:34, 8.22e-13, 6.6e-11
2022-11-09, 09:12:38, 9.19e-13, 6.56e-11
2022-11-09, 09:12:43, 8.48e-13, 6.65e-11
2022-11-09, 09:12:47, 8.8e-13, 6.58e-11
2022-11-09, 09:12:51, 8.3e-13, 6.6e-11
2022-11-09, 09:12:55, 8.71e-13, 6.64e-11
2022-11-09, 09:12:59, 8.47e-13, 6.62e-11
2022-11-09, 09:13:04, 8.83e-13, 6.62e-11
2022-11-09, 09:13:08, 8.38e-13, 6.62e-11
2022-11-09, 09:13:12, 8.71e-13, 6.61e-11
2022-11-09, 09:13:16, 7.97e-13, 6.61e-11
2022-11-09, 09:13:21, 8.39e-13, 6.61e-11
2022-11-09, 09:13:25, 9.25e-13, 6.63e-11
2022-11-09, 09:13:29, 8.18e-13, 6.61e-11
2022-11-09, 09:13:33, 8.41e-13, 6.64e-11
2022-11-09, 09:13:37, 9.06e-13, 6.62e-11
2022-11-09, 09:13:42, 8.12e-13, 6.63e-11
2022-11-09, 09:13:46, 8.36e-13, 6.58e-11
2022-11-09, 09:13:50, 7.96e-13, 6.64e-11
2022-11-09, 09:13:54, 8.74e-13, 6.63e-11
2022-11-09, 09:13:59, 8.6e-13, 6.63e-11
2022-11-09, 09:14:03, 8.43e-13, 6.67e-11
2022-11-09, 09:14:07, 8.3e-13, 6.65e-11
2022-11-09, 09:14:11, 9.21e-13, 6.62e-11
2022-11-09, 09:14:15, 8.85e-13, 6.58e-11
2022-11-09, 09:14:20, 9.03e-13, 6.66e-11
2022-11-09, 09:14:24, 8.54e-13, 6.65e-11
2022-11-09, 09:14:28, 8.57e-13, 6.69e-11
2022-11-09, 09:14:32, 9.28e-13, 6.64e-11
2022-11-09, 09:14:37, 8.86e-13, 6.68e-11
2022-11-09, 09:14:41, 8.87e-13, 6.63e-11
2022-11-09, 09:14:45, 7.99e-13, 6.62e-11
2022-11-09, 09:14:49, 8.76e-13, 6.63e-11
2022-11-09, 09:14:53, 8.44e-13, 6.66e-11
2022-11-09, 09:14:58, 8.72e-13, 6.64e-11
2022-11-09, 09:15:02, 8.51e-13, 6.6e-11
2022-11-09, 09:15:06, 9.25e-13, 6.7e-11
2022-11-09, 09:15:10, 8.73e-13, 6.63e-11
2022-11-09, 09:15:15, 8.27e-13, 6.65e-11
2022-11-09, 09:15:19, 9.09e-13, 6.65e-11
2022-11-09, 09:15:23, 7.82e-13, 6.64e-11
2022-11-09, 09:15:27, 8.98e-13, 6.55e-11
2022-11-09, 09:15:31, 7.71e-13, 6.69e-11
2022-11-09, 09:15:36, 8.35e-13, 6.66e-11
2022-11-09, 09:15:40, 8.29e-13, 6.58e-11
2022-11-09, 09:15:44, 7.86e-13, 6.65e-11
2022-11-09, 09:15:48, 8.36e-13, 6.66e-11
2022-11-09, 09:15:52, 8.29e-13, 6.62e-11
2022-11-09, 09:15:57, 9.35e-13, 6.52e-11
2022-11-09, 09:16:01, 8.66e-13, 6.64e-11
2022-11-09, 09:16:05, 8.39e-13, 6.69e-11
2022-11-09, 09:16:09, 9.87e-13, 6.68e-11
2022-11-09, 09:16:14, 8.43e-13, 6.66e-11
2022-11-09, 09:16:18, 9.8e-13, 6.7e-11
2022-11-09, 09:16:22, 8.6e-13, 6.65e-11
2022-11-09, 09:16:26, 8.9e-13, 6.63e-11
2022-11-09, 09:16:30, 8.68e-13, 6.66e-11
2022-11-09, 09:16:35, 8.92e-13, 6.64e-11
2022-11-09, 09:16:39, 8.4e-13, 6.65e-11
2022-11-09, 09:16:43, 9.43e-13, 6.65e-11
2022-11-09, 09:16:47, 8.76e-13, 6.6e-11
2022-11-09, 09:16:52, 8.75e-13, 6.64e-11
2022-11-09, 09:16:56, 9.33e-13, 6.63e-11
2022-11-09, 09:17:00, 8.73e-13, 6.64e-11
2022-11-09, 09:17:04, 8.86e-13, 6.63e-11
2022-11-09, 09:17:09, 8.59e-13, 6.62e-11
2022-11-09, 09:17:13, 8.6e-13, 6.62e-11
2022-11-09, 09:17:17, 8.71e-13, 6.57e-11
2022-11-09, 09:17:21, 8.91e-13, 6.64e-11
2022-11-09, 09:17:25, 8.59e-13, 6.65e-11
2022-11-09, 09:17:30, 7.9e-13, 6.63e-11
2022-11-09, 09:17:34, 8.32e-13, 6.66e-11
2022-11-09, 09:17:38, 9.07e-13, 6.67e-11
2022-11-09, 09:17:42, 8.48e-13, 6.61e-11
2022-11-09, 09:17:47, 8.96e-13, 6.65e-11
2022-11-09, 09:17:51, 7.68e-13, 6.64e-11
2022-11-09, 09:17:55, 8.31e-13, 6.63e-11
2022-11-09, 09:17:59, 8.72e-13, 6.63e-11
2022-11-09, 09:18:03, 8.79e-13, 6.59e-11
2022-11-09, 09:18:08, 9.05e-13, 6.61e-11
2022-11-09, 09:18:12, 8.5e-13, 6.63e-11
2022-11-09, 09:18:16, 8.29e-13, 6.63e-11
2022-11-09, 09:18:20, 8.95e-13, 6.61e-11
2022-11-09, 09:18:25, 9.16e-13, 6.57e-11
2022-11-09, 09:18:29, 8.76e-13, 6.61e-11
2022-11-09, 09:18:33, 7.98e-13, 6.53e-11
2022-11-09, 09:18:37, 1.1e-12, 6.58e-11
2022-11-09, 09:18:41, 8.37e-13, 6.61e-11
2022-11-09, 09:18:46, 1.05e-12, 6.62e-11
2022-11-09, 09:18:50, 9.66e-13, 6.61e-11
2022-11-09, 09:18:54, 7.89e-13, 6.6e-11
2022-11-09, 09:18:58, 8.65e-13, 6.61e-11
2022-11-09, 09:19:03, 8.07e-13, 6.61e-11
2022-11-09, 09:19:07, 9.61e-13, 6.58e-11
2022-11-09, 09:19:11, 8.6e-13, 6.62e-11
2022-11-09, 09:19:15, 9.87e-13, 6.57e-11
2022-11-09, 09:19:19, 8.06e-13, 6.58e-11
2022-11-09, 09:19:24, 9.01e-13, 6.62e-11
2022-11-09, 09:19:28, 9.09e-13, 6.61e-11
2022-11-09, 09:19:32, 8.08e-13, 6.62e-11
2022-11-09, 09:19:36, 8.53e-13, 6.64e-11
2022-11-09, 09:19:41, 8.5e-13, 6.61e-11
2022-11-09, 09:19:45, 9.47e-13, 6.58e-11
2022-11-09, 09:19:49, 1e-12, 6.64e-11
2022-11-09, 09:19:53, 9.15e-13, 6.66e-11
2022-11-09, 09:19:57, 8.28e-13, 6.61e-11
2022-11-09, 09:20:02, 7.84e-13, 6.63e-11
2022-11-09, 09:20:06, 8.39e-13, 6.61e-11
2022-11-09, 09:20:10, 8.41e-13, 6.65e-11
2022-11-09, 09:20:14, 8.36e-13, 6.68e-11
2022-11-09, 09:20:18, 8.38e-13, 6.6e-11
2022-11-09, 09:20:23, 8.62e-13, 6.51e-11
2022-11-09, 09:20:27, 7.9e-13, 6.59e-11
2022-11-09, 09:20:31, 8.24e-13, 6.59e-11
2022-11-09, 09:20:35, 8.92e-13, 6.52e-11
2022-11-09, 09:20:40, 8.88e-13, 6.6e-11
2022-11-09, 09:20:44, 1.01e-12, 6.6e-11
2022-11-09, 09:20:48, 9.31e-13, 6.61e-11
2022-11-09, 09:20:52, 9.06e-13, 6.63e-11
2022-11-09, 09:20:56, 8.79e-13, 6.57e-11
2022-11-09, 09:21:01, 9.33e-13, 6.57e-11
2022-11-09, 09:21:05, 9.09e-13, 6.52e-11
2022-11-09, 09:21:09, 9.4e-13, 6.61e-11
2022-11-09, 09:21:13, 8.29e-13, 6.61e-11
2022-11-09, 09:21:18, 8.36e-13, 6.64e-11
2022-11-09, 09:21:22, 8.48e-13, 6.63e-11
2022-11-09, 09:21:26, 8.86e-13, 6.62e-11
2022-11-09, 09:21:30, 9.19e-13, 6.58e-11
2022-11-09, 09:21:34, 8.02e-13, 6.6e-11
2022-11-09, 09:21:39, 8.32e-13, 6.62e-11
2022-11-09, 09:21:43, 9.48e-13, 6.64e-11
2022-11-09, 09:21:47, 8.66e-13, 6.63e-11
2022-11-09, 09:21:51, 9.66e-13, 6.59e-11
2022-11-09, 09:21:56, 8.85e-13, 6.61e-11
2022-11-09, 09:22:00, 8.17e-13, 6.61e-11
2022-11-09, 09:22:04, 8.42e-13, 6.6e-11
2022-11-09, 09:22:08, 8.54e-13, 6.56e-11
2022-11-09, 09:22:12, 7.96e-13, 6.52e-11
2022-11-09, 09:22:17, 8.97e-13, 6.58e-11
2022-11-09, 09:22:21, 8.83e-13, 6.58e-11
2022-11-09, 09:22:25, 8.05e-13, 6.56e-11
2022-11-09, 09:22:29, 1.03e-12, 6.59e-11
2022-11-09, 09:22:34, 8.97e-13, 6.63e-11
2022-11-09, 09:22:38, 8.55e-13, 6.59e-11
2022-11-09, 09:22:42, 8.78e-13, 6.6e-11
2022-11-09, 09:22:46, 9.11e-13, 6.59e-11
2022-11-09, 09:22:50, 8.73e-13, 6.61e-11
2022-11-09, 09:22:55, 1e-12, 6.59e-11
2022-11-09, 09:22:59, 8.52e-13, 6.64e-11
2022-11-09, 09:23:03, 1e-12, 6.61e-11
2022-11-09, 09:23:07, 8.37e-13, 6.62e-11
2022-11-09, 09:23:12, 8.79e-13, 6.63e-11
2022-11-09, 09:23:16, 8.98e-13, 6.63e-11
2022-11-09, 09:23:20, 9.08e-13, 6.62e-11
2022-11-09, 09:23:24, 8.74e-13, 6.56e-11
2022-11-09, 09:23:28, 7.63e-13, 6.57e-11
2022-11-09, 09:23:33, 8.71e-13, 6.58e-11
2022-11-09, 09:23:37, 9.75e-13, 6.59e-11
2022-11-09, 09:23:41, 1.01e-12, 6.62e-11
2022-11-09, 09:23:45, 8.68e-13, 6.56e-11
2022-11-09, 09:23:49, 7.9e-13, 6.58e-11
2022-11-09, 09:23:54, 8.21e-13, 6.56e-11
2022-11-09, 09:23:58, 8.69e-13, 6.56e-11
2022-11-09, 09:24:02, 9.07e-13, 6.59e-11
2022-11-09, 09:24:06, 8.45e-13, 6.61e-11
2022-11-09, 09:24:11, 8.32e-13, 6.61e-11
2022-11-09, 09:24:15, 8.83e-13, 6.75e-11
2022-11-09, 09:24:19, 8.79e-13, 6.95e-11
2022-11-09, 09:24:23, 8.77e-13, 6.66e-11
2022-11-09, 09:24:27, 9.84e-13, 6.58e-11
2022-11-09, 09:24:32, 9.03e-13, 6.6e-11
2022-11-09, 09:24:36, 8.27e-13, 6.58e-11
2022-11-09, 09:24:40, 9.37e-13, 6.59e-11
2022-11-09, 09:24:44, 9.01e-13, 6.56e-11
2022-11-09, 09:24:49, 8.72e-13, 6.61e-11
2022-11-09, 09:24:53, 8.53e-13, 6.6e-11
2022-11-09, 09:24:57, 8.45e-13, 6.6e-11
2022-11-09, 09:25:01, 9.08e-13, 6.61e-11
2022-11-09, 09:25:05, 8.74e-13, 6.58e-11
2022-11-09, 09:25:10, 9.14e-13, 6.61e-11
2022-11-09, 09:25:14, 9e-13, 6.56e-11
2022-11-09, 09:25:18, 8.41e-13, 6.64e-11
2022-11-09, 09:25:22, 8.41e-13, 6.67e-11
2022-11-09, 09:25:27, 9.69e-13, 6.61e-11
2022-11-09, 09:25:31, 8.25e-13, 6.61e-11
2022-11-09, 09:25:35, 8.22e-13, 6.58e-11
2022-11-09, 09:25:39, 8.92e-13, 6.63e-11
2022-11-09, 09:25:43, 9.18e-13, 6.6e-11
2022-11-09, 09:25:48, 9.36e-13, 6.59e-11
2022-11-09, 09:25:53, 8.61e-13, 6.59e-11
2022-11-09, 09:25:57, 8.17e-13, 6.64e-11
2022-11-09, 09:26:01, 8.73e-13, 6.67e-11
2022-11-09, 09:26:05, 9.05e-13, 6.61e-11
2022-11-09, 09:26:10, 8.37e-13, 6.6e-11
2022-11-09, 09:26:14, 8.65e-13, 6.56e-11
2022-11-09, 09:26:18, 8.52e-13, 6.57e-11
2022-11-09, 09:26:22, 7.99e-13, 6.6e-11
2022-11-09, 09:26:26, 8.67e-13, 6.5e-11
2022-11-09, 09:26:31, 8e-13, 6.58e-11
2022-11-09, 09:26:35, 8.55e-13, 6.57e-11
2022-11-09, 09:26:39, 9.13e-13, 6.52e-11
2022-11-09, 09:26:43, 7.8e-13, 6.53e-11
2022-11-09, 09:26:48, 8.77e-13, 6.56e-11
2022-11-09, 09:26:52, 7.8e-13, 6.57e-11
2022-11-09, 09:26:56, 8.77e-13, 6.58e-11
2022-11-09, 09:27:00, 8.76e-13, 6.61e-11
2022-11-09, 09:27:04, 8.06e-13, 6.61e-11
2022-11-09, 09:27:09, 9e-13, 6.59e-11
2022-11-09, 09:27:13, 8.86e-13, 6.57e-11
2022-11-09, 09:27:17, 8.62e-13, 6.58e-11
2022-11-09, 09:27:21, 8.54e-13, 6.62e-11
2022-11-09, 09:27:26, 9.38e-13, 6.57e-11
2022-11-09, 09:27:30, 8.17e-13, 6.59e-11
2022-11-09, 09:27:34, 8.5e-13, 6.61e-11
2022-11-09, 09:27:38, 8.85e-13, 6.57e-11
2022-11-09, 09:27:42, 8.62e-13, 6.58e-11
2022-11-09, 09:27:47, 7.7e-13, 6.62e-11
2022-11-09, 09:27:51, 8.81e-13, 6.62e-11
2022-11-09, 09:27:55, 9.27e-13, 6.6e-11
2022-11-09, 09:27:59, 8.73e-13, 6.63e-11
2022-11-09, 09:28:04, 8.95e-13, 6.54e-11
2022-11-09, 09:28:08, 8.43e-13, 6.55e-11
2022-11-09, 09:28:12, 9.02e-13, 6.59e-11
2022-11-09, 09:28:16, 9.03e-13, 6.62e-11
2022-11-09, 09:28:20, 8.72e-13, 6.68e-11
2022-11-09, 09:28:25, 8.76e-13, 6.64e-11
2022-11-09, 09:28:29, 8.57e-13, 6.59e-11
2022-11-09, 09:28:33, 8.94e-13, 6.61e-11
2022-11-09, 09:28:37, 8.55e-13, 6.59e-11
2022-11-09, 09:28:42, 8.57e-13, 6.57e-11
2022-11-09, 09:28:46, 8.53e-13, 6.56e-11
2022-11-09, 09:28:50, 8.38e-13, 6.59e-11
2022-11-09, 09:28:54, 8.88e-13, 6.6e-11
2022-11-09, 09:28:58, 8.76e-13, 6.6e-11
2022-11-09, 09:29:03, 8.78e-13, 6.57e-11
2022-11-09, 09:29:07, 8.98e-13, 6.65e-11
2022-11-09, 09:29:11, 7.9e-13, 6.64e-11
2022-11-09, 09:29:15, 7.96e-13, 6.6e-11
2022-11-09, 09:29:19, 9.97e-13, 6.6e-11
2022-11-09, 09:29:24, 1.05e-12, 6.59e-11
2022-11-09, 09:29:28, 8.79e-13, 6.58e-11
2022-11-09, 09:29:32, 8.19e-13, 6.61e-11
2022-11-09, 09:29:36, 8.72e-13, 6.59e-11
2022-11-09, 09:29:41, 1.01e-12, 6.6e-11
2022-11-09, 09:29:45, 1.09e-12, 6.6e-11
2022-11-09, 09:29:49, 8.07e-13, 6.59e-11
2022-11-09, 09:29:53, 8.34e-13, 6.57e-11
2022-11-09, 09:29:57, 8.7e-13, 6.57e-11
2022-11-09, 09:30:02, 8.41e-13, 6.57e-11
2022-11-09, 09:30:06, 8.76e-13, 6.59e-11
2022-11-09, 09:30:10, 9.19e-13, 6.55e-11
2022-11-09, 09:30:14, 8.56e-13, 6.58e-11
2022-11-09, 09:30:19, 8.47e-13, 6.51e-11
2022-11-09, 09:30:23, 8.71e-13, 6.56e-11
2022-11-09, 09:30:27, 8.88e-13, 6.57e-11
2022-11-09, 09:30:31, 7.93e-13, 6.57e-11
2022-11-09, 09:30:35, 8.44e-13, 6.58e-11
2022-11-09, 09:30:40, 7.15e-13, 6.57e-11
2022-11-09, 09:30:44, 9.49e-13, 6.58e-11
2022-11-09, 09:30:48, 8.84e-13, 6.5e-11
2022-11-09, 09:30:52, 9.51e-13, 6.56e-11
2022-11-09, 09:30:57, 8.31e-13, 6.56e-11
2022-11-09, 09:31:01, 8.88e-13, 6.56e-11
2022-11-09, 09:31:05, 8.78e-13, 6.56e-11
2022-11-09, 09:31:09, 8.92e-13, 6.55e-11
2022-11-09, 09:31:13, 8.85e-13, 6.58e-11
2022-11-09, 09:31:18, 8.41e-13, 6.53e-11
2022-11-09, 09:31:22, 8.47e-13, 6.57e-11
2022-11-09, 09:31:26, 8.43e-13, 6.57e-11
2022-11-09, 09:31:30, 8.83e-13, 6.55e-11
2022-11-09, 09:31:35, 8.18e-13, 6.58e-11
2022-11-09, 09:31:39, 8.48e-13, 6.57e-11
2022-11-09, 09:31:43, 9.05e-13, 6.56e-11
2022-11-09, 09:31:47, 9.2e-13, 6.53e-11
2022-11-09, 09:31:51, 8.67e-13, 6.54e-11
2022-11-09, 09:31:56, 8.3e-13, 6.55e-11
2022-11-09, 09:32:00, 8.9e-13, 6.55e-11
2022-11-09, 09:32:04, 8.65e-13, 6.54e-11
2022-11-09, 09:32:08, 8.74e-13, 6.5e-11
2022-11-09, 09:32:13, 8.97e-13, 6.56e-11
2022-11-09, 09:32:17, 8.62e-13, 6.54e-11
2022-11-09, 09:32:21, 8.72e-13, 6.5e-11
2022-11-09, 09:32:25, 9.13e-13, 6.56e-11
2022-11-09, 09:32:29, 8.31e-13, 6.56e-11
2022-11-09, 09:32:34, 8.38e-13, 6.59e-11
2022-11-09, 09:32:38, 9.29e-13, 6.55e-11
2022-11-09, 09:32:42, 7.72e-13, 6.57e-11
2022-11-09, 09:32:46, 8.96e-13, 6.55e-11
2022-11-09, 09:32:51, 8.08e-13, 6.54e-11
2022-11-09, 09:32:55, 7.95e-13, 6.55e-11
2022-11-09, 09:32:59, 8.81e-13, 6.52e-11
2022-11-09, 09:33:03, 7e-13, 6.54e-11
2022-11-09, 09:33:07, 8.4e-13, 6.56e-11
2022-11-09, 09:33:12, 8.38e-13, 6.57e-11
2022-11-09, 09:33:16, 9e-13, 6.53e-11
2022-11-09, 09:33:20, 8.97e-13, 6.54e-11
2022-11-09, 09:33:24, 8.05e-13, 6.54e-11
2022-11-09, 09:33:29, 8.95e-13, 6.57e-11
2022-11-09, 09:33:33, 8.23e-13, 6.55e-11
2022-11-09, 09:33:37, 8.33e-13, 6.55e-11
2022-11-09, 09:33:41, 8.88e-13, 6.53e-11
2022-11-09, 09:33:45, 8.81e-13, 6.54e-11
2022-11-09, 09:33:50, 8.97e-13, 6.56e-11
2022-11-09, 09:33:54, 8.36e-13, 6.56e-11
2022-11-09, 09:33:58, 1.04e-12, 6.51e-11
2022-11-09, 09:34:02, 7.97e-13, 6.52e-11
2022-11-09, 09:34:07, 8.28e-13, 6.52e-11
2022-11-09, 09:34:11, 8.29e-13, 6.49e-11
2022-11-09, 09:34:15, 9.18e-13, 6.51e-11
2022-11-09, 09:34:19, 8.61e-13, 6.56e-11
2022-11-09, 09:34:23, 8.83e-13, 6.46e-11
2022-11-09, 09:34:28, 7.84e-13, 6.51e-11
2022-11-09, 09:34:32, 8.63e-13, 6.51e-11
2022-11-09, 09:34:36, 8.35e-13, 6.5e-11
2022-11-09, 09:34:40, 8.71e-13, 6.51e-11
2022-11-09, 09:34:45, 9.12e-13, 6.5e-11
2022-11-09, 09:34:49, 8.23e-13, 6.5e-11
2022-11-09, 09:34:53, 8.63e-13, 6.49e-11
2022-11-09, 09:34:57, 8.65e-13, 6.5e-11
2022-11-09, 09:35:01, 8.76e-13, 6.51e-11
2022-11-09, 09:35:06, 8.63e-13, 6.5e-11
2022-11-09, 09:35:10, 8.58e-13, 6.5e-11
2022-11-09, 09:35:14, 8.28e-13, 6.51e-11
2022-11-09, 09:35:18, 8.7e-13, 6.52e-11
2022-11-09, 09:35:23, 1.01e-12, 6.5e-11
2022-11-09, 09:35:27, 9.07e-13, 6.47e-11
2022-11-09, 09:35:31, 8.27e-13, 6.51e-11
2022-11-09, 09:35:35, 8.44e-13, 6.5e-11
2022-11-09, 09:35:39, 8.52e-13, 6.51e-11
2022-11-09, 09:35:44, 8.58e-13, 6.47e-11
2022-11-09, 09:35:48, 8.5e-13, 6.51e-11
2022-11-09, 09:35:52, 9.14e-13, 6.51e-11
2022-11-09, 09:35:56, 8.8e-13, 6.56e-11
2022-11-09, 09:36:01, 7.73e-13, 6.52e-11
2022-11-09, 09:36:05, 8.89e-13, 6.5e-11
2022-11-09, 09:36:09, 8.61e-13, 6.52e-11
2022-11-09, 09:36:13, 8.33e-13, 6.5e-11
2022-11-09, 09:36:17, 9.01e-13, 6.51e-11
2022-11-09, 09:36:22, 8.36e-13, 6.5e-11
2022-11-09, 09:36:26, 8.17e-13, 6.48e-11
2022-11-09, 09:36:30, 8.47e-13, 6.5e-11
2022-11-09, 09:36:34, 8.54e-13, 6.51e-11
2022-11-09, 09:36:38, 9.07e-13, 6.51e-11
2022-11-09, 09:36:43, 8.9e-13, 6.51e-11
2022-11-09, 09:36:47, 8.95e-13, 6.51e-11
2022-11-09, 09:36:51, 8.99e-13, 6.53e-11
2022-11-09, 09:36:55, 8.39e-13, 6.52e-11
2022-11-09, 09:37:00, 8.79e-13, 6.52e-11
2022-11-09, 09:37:04, 8.34e-13, 6.49e-11
2022-11-09, 09:37:08, 8.86e-13, 6.5e-11
2022-11-09, 09:37:12, 8.81e-13, 6.51e-11
2022-11-09, 09:37:16, 8.38e-13, 6.52e-11
2022-11-09, 09:37:21, 8.15e-13, 6.52e-11
2022-11-09, 09:37:25, 8.11e-13, 6.48e-11
2022-11-09, 09:37:29, 8.31e-13, 6.48e-11
2022-11-09, 09:37:33, 8.89e-13, 6.49e-11
2022-11-09, 09:37:38, 9.35e-13, 6.51e-11
2022-11-09, 09:37:42, 8.51e-13, 6.49e-11
2022-11-09, 09:37:46, 9.17e-13, 6.5e-11
2022-11-09, 09:37:50, 1.01e-12, 6.51e-11
2022-11-09, 09:37:54, 8.44e-13, 6.49e-11
2022-11-09, 09:37:59, 7.75e-13, 6.49e-11
2022-11-09, 09:38:03, 8.47e-13, 6.5e-11
2022-11-09, 09:38:07, 8.58e-13, 6.52e-11
2022-11-09, 09:38:11, 8.29e-13, 6.47e-11
2022-11-09, 09:38:16, 9.67e-13, 6.49e-11
2022-11-09, 09:38:20, 8.99e-13, 6.51e-11
2022-11-09, 09:38:24, 8.49e-13, 6.48e-11
2022-11-09, 09:38:28, 8.48e-13, 6.5e-11
2022-11-09, 09:38:32, 8.45e-13, 6.49e-11
2022-11-09, 09:38:37, 9.73e-13, 6.49e-11
2022-11-09, 09:38:41, 8.87e-13, 6.5e-11
2022-11-09, 09:38:45, 8.76e-13, 6.49e-11
2022-11-09, 09:38:49, 9.58e-13, 6.5e-11
2022-11-09, 09:38:54, 8.76e-13, 6.5e-11
2022-11-09, 09:38:58, 8.88e-13, 6.48e-11
2022-11-09, 09:39:02, 8.35e-13, 6.51e-11
2022-11-09, 09:39:06, 8.06e-13, 6.47e-11
2022-11-09, 09:39:10, 8.48e-13, 6.49e-11
2022-11-09, 09:39:15, 9.29e-13, 6.53e-11
2022-11-09, 09:39:19, 8.19e-13, 6.48e-11
2022-11-09, 09:39:23, 8.51e-13, 6.51e-11
2022-11-09, 09:39:27, 8.95e-13, 6.51e-11
2022-11-09, 09:39:32, 8.71e-13, 6.47e-11
2022-11-09, 09:39:36, 8.44e-13, 6.48e-11
2022-11-09, 09:39:40, 8.79e-13, 6.47e-11
2022-11-09, 09:39:44, 8.91e-13, 6.49e-11
2022-11-09, 09:39:48, 8.42e-13, 6.49e-11
2022-11-09, 09:39:53, 9.01e-13, 6.51e-11
2022-11-09, 09:39:57, 8.8e-13, 6.5e-11
2022-11-09, 09:40:01, 8.01e-13, 6.5e-11
2022-11-09, 09:40:05, 8.3e-13, 6.49e-11
2022-11-09, 09:40:10, 7.82e-13, 6.49e-11
2022-11-09, 09:40:14, 8.67e-13, 6.49e-11
2022-11-09, 09:40:18, 8.5e-13, 6.51e-11
2022-11-09, 09:40:23, 8.8e-13, 6.49e-11
2022-11-09, 09:40:27, 8.83e-13, 6.49e-11
2022-11-09, 09:40:33, 8.77e-13, 6.47e-11
2022-11-09, 09:40:39, 8.6e-13, 6.49e-11
2022-11-09, 09:40:43, 8.74e-13, 6.47e-11
2022-11-09, 09:40:47, 7.98e-13, 6.47e-11
2022-11-09, 09:40:51, 8.64e-13, 6.49e-11
2022-11-09, 09:40:55, 8.34e-13, 6.46e-11
2022-11-09, 09:41:00, 8.99e-13, 6.46e-11
2022-11-09, 09:41:04, 8.54e-13, 6.49e-11
2022-11-09, 09:41:08, 8.36e-13, 6.48e-11
2022-11-09, 09:41:12, 8.71e-13, 6.48e-11
2022-11-09, 09:41:17, 8.21e-13, 6.49e-11
2022-11-09, 09:41:21, 8.76e-13, 6.45e-11
2022-11-09, 09:41:25, 9.15e-13, 6.49e-11
2022-11-09, 09:41:29, 8.27e-13, 6.47e-11
2022-11-09, 09:41:33, 9.17e-13, 6.48e-11
2022-11-09, 09:41:38, 8.92e-13, 6.5e-11
2022-11-09, 09:41:42, 8.01e-13, 6.51e-11
2022-11-09, 09:41:46, 8.23e-13, 6.5e-11
2022-11-09, 09:41:50, 8.7e-13, 6.49e-11
2022-11-09, 09:41:55, 8.04e-13, 6.51e-11
2022-11-09, 09:41:59, 8.33e-13, 6.51e-11
2022-11-09, 09:42:03, 8.81e-13, 6.45e-11
2022-11-09, 09:42:07, 9.45e-13, 6.5e-11
2022-11-09, 09:42:11, 8.13e-13, 6.51e-11
2022-11-09, 09:42:16, 8.99e-13, 6.5e-11
2022-11-09, 09:42:20, 8.44e-13, 6.5e-11
2022-11-09, 09:42:24, 9.09e-13, 6.47e-11
2022-11-09, 09:42:28, 8.38e-13, 6.43e-11
2022-11-09, 09:42:32, 9.81e-13, 6.47e-11
2022-11-09, 09:42:37, 8.63e-13, 6.49e-11
2022-11-09, 09:42:41, 8.03e-13, 6.47e-11
2022-11-09, 09:42:45, 8.72e-13, 6.49e-11
2022-11-09, 09:42:49, 8.58e-13, 6.48e-11
2022-11-09, 09:42:54, 8.51e-13, 6.48e-11
2022-11-09, 09:42:58, 8.03e-13, 6.52e-11
2022-11-09, 09:43:02, 8.36e-13, 6.5e-11
2022-11-09, 09:43:06, 8.49e-13, 6.48e-11
2022-11-09, 09:43:10, 8.16e-13, 6.48e-11
2022-11-09, 09:43:15, 8.48e-13, 6.49e-11
2022-11-09, 09:43:19, 8.64e-13, 6.47e-11
2022-11-09, 09:43:23, 8.41e-13, 6.45e-11
2022-11-09, 09:43:27, 8.61e-13, 6.47e-11
2022-11-09, 09:43:32, 8.15e-13, 6.45e-11
2022-11-09, 09:43:36, 7.78e-13, 6.45e-11
2022-11-09, 09:43:40, 7.77e-13, 6.47e-11
2022-11-09, 09:43:44, 9.21e-13, 6.47e-11
2022-11-09, 09:43:48, 7.88e-13, 6.45e-11
2022-11-09, 09:43:53, 8.3e-13, 6.46e-11
2022-11-09, 09:43:57, 8.64e-13, 6.46e-11
2022-11-09, 09:44:01, 9.16e-13, 6.44e-11
2022-11-09, 09:44:05, 8.45e-13, 6.44e-11
2022-11-09, 09:44:10, 8.66e-13, 6.41e-11
2022-11-09, 09:44:14, 8.51e-13, 6.48e-11
2022-11-09, 09:44:18, 8.46e-13, 6.49e-11
2022-11-09, 09:44:22, 9.44e-13, 6.46e-11
2022-11-09, 09:44:26, 8.86e-13, 6.47e-11
2022-11-09, 09:44:31, 8.2e-13, 6.46e-11
2022-11-09, 09:44:35, 8.52e-13, 6.46e-11
2022-11-09, 09:44:39, 8.33e-13, 6.5e-11
2022-11-09, 09:44:43, 8.54e-13, 6.46e-11
2022-11-09, 09:44:48, 8.7e-13, 6.46e-11
2022-11-09, 09:44:52, 8.52e-13, 6.46e-11
2022-11-09, 09:44:56, 7.64e-13, 6.44e-11
2022-11-09, 09:45:00, 9.02e-13, 6.46e-11
2022-11-09, 09:45:04, 8.59e-13, 6.47e-11
2022-11-09, 09:45:09, 8.76e-13, 6.48e-11
2022-11-09, 09:45:13, 9.19e-13, 6.46e-11
2022-11-09, 09:45:17, 8.45e-13, 6.47e-11
2022-11-09, 09:45:21, 8.62e-13, 6.46e-11
2022-11-09, 09:45:26, 8.84e-13, 6.45e-11
2022-11-09, 09:45:30, 8.72e-13, 6.48e-11
2022-11-09, 09:45:34, 8.12e-13, 6.45e-11
2022-11-09, 09:45:38, 8.9e-13, 6.46e-11
2022-11-09, 09:45:42, 8.92e-13, 6.45e-11
2022-11-09, 09:45:47, 8.48e-13, 6.45e-11
2022-11-09, 09:45:51, 8.3e-13, 6.47e-11
2022-11-09, 09:45:55, 8.69e-13, 6.44e-11
2022-11-09, 09:45:59, 8.06e-13, 6.44e-11
2022-11-09, 09:46:04, 9.12e-13, 6.45e-11
2022-11-09, 09:46:08, 9.16e-13, 6.47e-11
2022-11-09, 09:46:12, 8.89e-13, 6.46e-11
2022-11-09, 09:46:16, 9.49e-13, 6.45e-11
2022-11-09, 09:46:20, 8.43e-13, 6.46e-11
2022-11-09, 09:46:25, 1.04e-12, 6.4e-11
2022-11-09, 09:46:29, 8.85e-13, 6.44e-11
2022-11-09, 09:46:33, 8.51e-13, 6.44e-11
2022-11-09, 09:46:37, 8.3e-13, 6.42e-11
2022-11-09, 09:46:41, 8.49e-13, 6.4e-11
2022-11-09, 09:46:46, 8.65e-13, 6.44e-11
2022-11-09, 09:46:50, 8.46e-13, 6.46e-11
2022-11-09, 09:46:54, 8.98e-13, 6.44e-11
2022-11-09, 09:46:58, 9.2e-13, 6.43e-11
2022-11-09, 09:47:03, 8.76e-13, 6.46e-11
2022-11-09, 09:47:07, 1.01e-12, 6.46e-11
2022-11-09, 09:47:11, 8.84e-13, 6.44e-11
2022-11-09, 09:47:15, 9e-13, 6.44e-11
2022-11-09, 09:47:19, 8.43e-13, 6.46e-11
2022-11-09, 09:47:24, 8.49e-13, 6.46e-11
2022-11-09, 09:47:29, 9.76e-13, 6.42e-11
2022-11-09, 09:47:33, 9.08e-13, 6.47e-11
2022-11-09, 09:47:38, 8.51e-13, 6.44e-11
2022-11-09, 09:47:42, 8.67e-13, 6.44e-11
2022-11-09, 09:47:46, 9.13e-13, 6.46e-11
2022-11-09, 09:47:50, 8.53e-13, 6.47e-11
2022-11-09, 09:47:55, 8.77e-13, 6.4e-11
2022-11-09, 09:47:59, 8.62e-13, 6.42e-11
2022-11-09, 09:48:03, 8.4e-13, 6.42e-11
2022-11-09, 09:48:07, 8.3e-13, 6.44e-11
2022-11-09, 09:48:11, 7.78e-13, 6.45e-11
2022-11-09, 09:48:16, 8.67e-13, 6.43e-11
2022-11-09, 09:48:20, 9.23e-13, 8.05e-11
2022-11-09, 09:48:24, 8.72e-13, 6.63e-11
2022-11-09, 09:48:28, 7.34e-13, 6.54e-11
2022-11-09, 09:48:33, 8.78e-13, 6.47e-11
2022-11-09, 09:48:37, 8.59e-13, 6.47e-11
2022-11-09, 09:48:41, 8.77e-13, 6.48e-11
2022-11-09, 09:48:45, 8.64e-13, 6.48e-11
2022-11-09, 09:48:49, 8.19e-13, 6.46e-11
2022-11-09, 09:48:54, 8.3e-13, 6.43e-11
2022-11-09, 09:48:58, 8.52e-13, 6.45e-11
2022-11-09, 09:49:02, 8.74e-13, 6.45e-11
2022-11-09, 09:49:06, 9.01e-13, 6.44e-11
2022-11-09, 09:49:11, 9.26e-13, 6.45e-11
2022-11-09, 09:49:15, 8.72e-13, 6.4e-11
2022-11-09, 09:49:19, 8.81e-13, 6.44e-11
2022-11-09, 09:49:23, 8.39e-13, 6.44e-11
2022-11-09, 09:49:27, 8.57e-13, 6.41e-11
2022-11-09, 09:49:32, 8.61e-13, 6.44e-11
2022-11-09, 09:49:36, 9.47e-13, 6.43e-11
2022-11-09, 09:49:40, 9.78e-13, 6.44e-11
2022-11-09, 09:49:44, 1.03e-12, 6.44e-11
2022-11-09, 09:49:49, 8.94e-13, 6.45e-11
2022-11-09, 09:49:54, 8.7e-13, 6.43e-11
2022-11-09, 09:49:58, 8.44e-13, 6.43e-11
2022-11-09, 09:50:02, 8.96e-13, 6.44e-11
2022-11-09, 09:50:06, 8.59e-13, 6.45e-11
2022-11-09, 09:50:11, 8.58e-13, 6.47e-11
2022-11-09, 09:50:15, 8.62e-13, 6.47e-11
2022-11-09, 09:50:19, 8.67e-13, 6.44e-11
2022-11-09, 09:50:23, 8.83e-13, 6.45e-11
2022-11-09, 09:50:27, 8.18e-13, 6.43e-11
2022-11-09, 09:50:32, 8.51e-13, 6.42e-11
2022-11-09, 09:50:36, 8.2e-13, 6.44e-11
2022-11-09, 09:50:40, 9.29e-13, 6.41e-11
2022-11-09, 09:50:44, 8.71e-13, 6.46e-11
2022-11-09, 09:50:49, 9.14e-13, 6.46e-11
2022-11-09, 09:50:53, 8.37e-13, 6.47e-11
2022-11-09, 09:50:57, 8.63e-13, 6.45e-11
2022-11-09, 09:51:01, 8.8e-13, 6.46e-11
2022-11-09, 09:51:05, 8.6e-13, 6.44e-11
2022-11-09, 09:51:10, 8.29e-13, 6.46e-11
2022-11-09, 09:51:14, 8.09e-13, 6.43e-11
2022-11-09, 09:51:18, 8.75e-13, 6.43e-11
2022-11-09, 09:51:22, 8.64e-13, 6.46e-11
2022-11-09, 09:51:26, 8.02e-13, 6.43e-11
2022-11-09, 09:51:31, 8.53e-13, 6.45e-11
2022-11-09, 09:51:35, 8.94e-13, 6.45e-11
2022-11-09, 09:51:39, 8.54e-13, 6.44e-11
2022-11-09, 09:51:43, 8.12e-13, 6.47e-11
2022-11-09, 09:51:48, 8.61e-13, 6.46e-11
2022-11-09, 09:51:52, 8.74e-13, 6.44e-11
2022-11-09, 09:51:56, 8.96e-13, 6.43e-11
2022-11-09, 09:52:00, 9.05e-13, 6.44e-11
2022-11-09, 09:52:04, 9.48e-13, 6.47e-11
2022-11-09, 09:52:09, 9.3e-13, 6.44e-11
2022-11-09, 09:52:13, 9.47e-13, 6.45e-11
2022-11-09, 09:52:17, 8.44e-13, 6.46e-11
2022-11-09, 09:52:21, 8.58e-13, 6.41e-11
2022-11-09, 09:52:26, 8.64e-13, 6.46e-11
2022-11-09, 09:52:30, 8.54e-13, 6.47e-11
2022-11-09, 09:52:34, 8.25e-13, 6.46e-11
2022-11-09, 09:52:38, 8.92e-13, 6.44e-11
2022-11-09, 09:52:42, 8.83e-13, 6.46e-11
2022-11-09, 09:52:47, 8.83e-13, 6.48e-11
2022-11-09, 09:52:51, 9.52e-13, 6.44e-11
2022-11-09, 09:52:55, 8.64e-13, 6.48e-11
2022-11-09, 09:52:59, 8.87e-13, 6.45e-11
2022-11-09, 09:53:04, 8.63e-13, 6.5e-11
2022-11-09, 09:53:08, 8.09e-13, 6.46e-11
2022-11-09, 09:53:12, 8.83e-13, 6.44e-11
2022-11-09, 09:53:16, 7.74e-13, 6.48e-11
2022-11-09, 09:53:20, 1e-12, 6.47e-11
2022-11-09, 09:53:25, 8.29e-13, 6.45e-11
2022-11-09, 09:53:29, 9.05e-13, 6.46e-11
2022-11-09, 09:53:33, 8.19e-13, 6.45e-11
2022-11-09, 09:53:37, 8.25e-13, 6.43e-11
2022-11-09, 09:53:42, 8.93e-13, 6.45e-11
2022-11-09, 09:53:46, 8.75e-13, 6.43e-11
2022-11-09, 09:53:50, 8.5e-13, 6.43e-11
2022-11-09, 09:53:54, 9.83e-13, 6.43e-11
2022-11-09, 09:53:58, 8.71e-13, 6.41e-11
2022-11-09, 09:54:03, 8.25e-13, 6.48e-11
2022-11-09, 09:54:07, 9.11e-13, 6.44e-11
2022-11-09, 09:54:11, 8.87e-13, 6.44e-11
2022-11-09, 09:54:15, 8.85e-13, 6.43e-11
2022-11-09, 09:54:20, 8.68e-13, 6.45e-11
2022-11-09, 09:54:24, 8.77e-13, 6.46e-11
2022-11-09, 09:54:28, 8.23e-13, 6.45e-11
2022-11-09, 09:54:32, 8.32e-13, 6.43e-11
2022-11-09, 09:54:36, 9.62e-13, 6.45e-11
2022-11-09, 09:54:41, 8.88e-13, 6.45e-11
2022-11-09, 09:54:45, 8.61e-13, 6.45e-11
2022-11-09, 09:54:49, 8.83e-13, 6.39e-11
2022-11-09, 09:54:53, 7.67e-13, 6.45e-11
2022-11-09, 09:54:58, 8.45e-13, 6.44e-11
2022-11-09, 09:55:02, 9.1e-13, 6.45e-11
2022-11-09, 09:55:06, 9.02e-13, 6.43e-11
2022-11-09, 09:55:10, 8.76e-13, 6.43e-11
2022-11-09, 09:55:14, 8e-13, 6.44e-11
2022-11-09, 09:55:19, 8.59e-13, 6.44e-11
2022-11-09, 09:55:23, 8.55e-13, 6.47e-11
2022-11-09, 09:55:27, 8.99e-13, 6.47e-11
2022-11-09, 09:55:31, 8.91e-13, 6.45e-11
2022-11-09, 09:55:35, 8.6e-13, 6.45e-11
2022-11-09, 09:55:40, 8.6e-13, 6.4e-11
2022-11-09, 09:55:44, 8.73e-13, 6.46e-11
2022-11-09, 09:55:48, 8.77e-13, 6.45e-11
2022-11-09, 09:55:52, 8.67e-13, 6.46e-11
2022-11-09, 09:55:57, 8.57e-13, 6.46e-11
2022-11-09, 09:56:01, 8.53e-13, 6.43e-11
2022-11-09, 09:56:05, 8.67e-13, 6.42e-11
2022-11-09, 09:56:09, 8.8e-13, 6.46e-11
2022-11-09, 09:56:13, 9.11e-13, 6.44e-11
2022-11-09, 09:56:18, 8.03e-13, 6.45e-11
2022-11-09, 09:56:22, 8.35e-13, 6.44e-11
2022-11-09, 09:56:26, 9.17e-13, 6.41e-11
2022-11-09, 09:56:30, 8.56e-13, 6.44e-11
2022-11-09, 09:56:35, 8.96e-13, 6.42e-11
2022-11-09, 09:56:39, 9e-13, 6.44e-11
2022-11-09, 09:56:43, 8.17e-13, 6.43e-11
2022-11-09, 09:56:47, 8.47e-13, 6.46e-11
2022-11-09, 09:56:51, 9.15e-13, 6.44e-11
2022-11-09, 09:56:56, 8.11e-13, 6.45e-11
2022-11-09, 09:57:00, 8.71e-13, 6.45e-11
2022-11-09, 09:57:04, 7.34e-13, 6.45e-11
2022-11-09, 09:57:08, 8.55e-13, 6.45e-11
2022-11-09, 09:57:13, 8.87e-13, 6.45e-11
2022-11-09, 09:57:17, 8.88e-13, 6.45e-11
2022-11-09, 09:57:21, 8.71e-13, 6.47e-11
2022-11-09, 09:57:25, 8.53e-13, 6.48e-11
2022-11-09, 09:57:29, 8.17e-13, 6.45e-11
2022-11-09, 09:57:34, 8.73e-13, 6.45e-11
2022-11-09, 09:57:38, 9.18e-13, 6.47e-11
2022-11-09, 09:57:42, 9.25e-13, 6.47e-11
2022-11-09, 09:57:46, 8.43e-13, 6.46e-11
2022-11-09, 09:57:51, 8.82e-13, 6.46e-11
2022-11-09, 09:57:55, 8.23e-13, 6.42e-11
2022-11-09, 09:57:59, 1.03e-12, 6.44e-11
2022-11-09, 09:58:03, 7.79e-13, 6.41e-11
2022-11-09, 09:58:07, 8.66e-13, 6.45e-11
2022-11-09, 09:58:12, 8.7e-13, 6.45e-11
2022-11-09, 09:58:16, 8.72e-13, 6.37e-11
2022-11-09, 09:58:20, 8.85e-13, 6.44e-11
2022-11-09, 09:58:24, 8.82e-13, 6.45e-11
2022-11-09, 09:58:28, 8.44e-13, 6.45e-11
2022-11-09, 09:58:33, 8.66e-13, 6.43e-11
2022-11-09, 09:58:37, 8.47e-13, 6.44e-11
2022-11-09, 09:58:41, 8.65e-13, 6.44e-11
2022-11-09, 09:58:45, 8.21e-13, 6.44e-11
2022-11-09, 09:58:50, 8.53e-13, 6.45e-11
2022-11-09, 09:58:54, 8.68e-13, 6.45e-11
2022-11-09, 09:58:58, 1.04e-12, 6.38e-11
2022-11-09, 09:59:02, 8.97e-13, 6.45e-11
2022-11-09, 09:59:06, 1.01e-12, 6.44e-11
2022-11-09, 09:59:11, 8.35e-13, 6.43e-11
2022-11-09, 09:59:15, 9.58e-13, 6.45e-11
2022-11-09, 09:59:19, 8.87e-13, 6.45e-11
2022-11-09, 09:59:23, 9.21e-13, 6.45e-11
2022-11-09, 09:59:28, 7.96e-13, 6.45e-11
2022-11-09, 09:59:32, 8.96e-13, 6.45e-11
2022-11-09, 09:59:36, 8.15e-13, 6.47e-11
2022-11-09, 09:59:40, 8.94e-13, 6.46e-11
2022-11-09, 09:59:44, 8.59e-13, 6.48e-11
2022-11-09, 09:59:49, 8.24e-13, 6.44e-11
2022-11-09, 09:59:53, 9.02e-13, 6.46e-11
2022-11-09, 09:59:57, 8.85e-13, 6.45e-11
2022-11-09, 10:00:01, 8.68e-13, 6.45e-11
2022-11-09, 10:00:06, 8.82e-13, 6.47e-11
2022-11-09, 10:00:10, 8.84e-13, 6.45e-11
2022-11-09, 10:00:14, 7.76e-13, 6.46e-11
2022-11-09, 10:00:18, 8.73e-13, 6.44e-11
2022-11-09, 10:00:24, 8.32e-13, 6.38e-11
2022-11-09, 10:00:28, 9.02e-13, 6.49e-11
2022-11-09, 10:00:32, 8.72e-13, 6.41e-11
2022-11-09, 10:00:36, 8.42e-13, 6.45e-11
2022-11-09, 10:00:40, 8.53e-13, 6.43e-11
2022-11-09, 10:00:45, 8.8e-13, 6.47e-11
2022-11-09, 10:00:49, 8.61e-13, 6.45e-11
2022-11-09, 10:00:53, 8.39e-13, 6.45e-11
2022-11-09, 10:00:57, 9.29e-13, 6.48e-11
2022-11-09, 10:01:02, 7.89e-13, 6.44e-11
2022-11-09, 10:01:06, 8.79e-13, 6.47e-11
2022-11-09, 10:01:10, 8.12e-13, 6.49e-11
2022-11-09, 10:01:14, 8.15e-13, 6.45e-11
2022-11-09, 10:01:18, 8.47e-13, 6.47e-11
2022-11-09, 10:01:23, 9.39e-13, 6.44e-11
2022-11-09, 10:01:27, 8.94e-13, 6.45e-11
2022-11-09, 10:01:31, 8.77e-13, 6.46e-11
2022-11-09, 10:01:35, 8.96e-13, 6.45e-11
2022-11-09, 10:01:40, 8.34e-13, 6.45e-11
2022-11-09, 10:01:44, 7.65e-13, 6.4e-11
2022-11-09, 10:01:48, 8.36e-13, 6.47e-11
2022-11-09, 10:01:52, 7.98e-13, 6.45e-11
2022-11-09, 10:01:56, 8.93e-13, 6.45e-11
2022-11-09, 10:02:01, 8.91e-13, 6.46e-11
2022-11-09, 10:02:05, 7.04e-13, 6.46e-11
2022-11-09, 10:02:09, 9.16e-13, 6.45e-11
2022-11-09, 10:02:13, 8.81e-13, 6.47e-11
2022-11-09, 10:02:18, 8.4e-13, 6.47e-11
2022-11-09, 10:02:22, 8.25e-13, 6.45e-11
2022-11-09, 10:02:26, 8.45e-13, 6.42e-11
2022-11-09, 10:02:30, 8.81e-13, 6.46e-11
2022-11-09, 10:02:34, 9.4e-13, 6.42e-11
2022-11-09, 10:02:39, 8.76e-13, 6.45e-11
2022-11-09, 10:02:43, 8.73e-13, 6.44e-11
2022-11-09, 10:02:47, 8.73e-13, 6.45e-11
2022-11-09, 10:02:51, 8.82e-13, 6.44e-11
2022-11-09, 10:02:55, 9.12e-13, 6.45e-11
2022-11-09, 10:03:00, 8.49e-13, 6.43e-11
2022-11-09, 10:03:04, 8.41e-13, 6.45e-11
2022-11-09, 10:03:08, 8.24e-13, 6.45e-11
2022-11-09, 10:03:12, 8.12e-13, 6.45e-11
2022-11-09, 10:03:17, 9.02e-13, 6.43e-11
2022-11-09, 10:03:21, 8.39e-13, 6.46e-11
2022-11-09, 10:03:25, 9.04e-13, 6.46e-11
2022-11-09, 10:03:29, 8.57e-13, 6.47e-11
2022-11-09, 10:03:33, 8.7e-13, 6.46e-11
2022-11-09, 10:03:38, 8.22e-13, 6.48e-11
2022-11-09, 10:03:42, 9.17e-13, 6.46e-11
2022-11-09, 10:03:46, 9.16e-13, 6.44e-11
2022-11-09, 10:03:50, 8.26e-13, 6.48e-11
2022-11-09, 10:03:55, 8.05e-13, 6.47e-11
2022-11-09, 10:03:59, 8.28e-13, 6.46e-11
2022-11-09, 10:04:03, 8.4e-13, 6.48e-11
2022-11-09, 10:04:07, 8.29e-13, 6.48e-11
2022-11-09, 10:04:11, 8.51e-13, 6.46e-11
2022-11-09, 10:04:16, 8.72e-13, 6.47e-11
2022-11-09, 10:04:20, 1.02e-12, 6.46e-11
2022-11-09, 10:04:24, 8.97e-13, 6.46e-11
2022-11-09, 10:04:28, 9.38e-13, 6.49e-11
2022-11-09, 10:04:33, 8.74e-13, 6.49e-11
2022-11-09, 10:04:37, 8.62e-13, 6.46e-11
2022-11-09, 10:04:41, 8.66e-13, 6.49e-11
2022-11-09, 10:04:45, 8.65e-13, 6.47e-11
2022-11-09, 10:04:49, 8.59e-13, 6.42e-11
2022-11-09, 10:04:54, 8.35e-13, 6.46e-11
2022-11-09, 10:04:58, 9.16e-13, 6.48e-11
2022-11-09, 10:05:02, 8.76e-13, 6.47e-11
2022-11-09, 10:05:06, 8.68e-13, 6.46e-11
2022-11-09, 10:05:11, 9.56e-13, 6.47e-11
2022-11-09, 10:05:15, 8.17e-13, 6.47e-11
2022-11-09, 10:05:19, 8.44e-13, 6.45e-11
2022-11-09, 10:05:23, 9.11e-13, 6.5e-11
2022-11-09, 10:05:27, 8.96e-13, 6.46e-11
2022-11-09, 10:05:32, 8.76e-13, 6.49e-11
2022-11-09, 10:05:36, 8.76e-13, 6.47e-11
2022-11-09, 10:05:40, 8.9e-13, 6.47e-11
2022-11-09, 10:05:44, 9.17e-13, 6.48e-11
2022-11-09, 10:05:49, 8.38e-13, 6.46e-11
2022-11-09, 10:05:53, 9.54e-13, 6.45e-11
2022-11-09, 10:05:57, 8.79e-13, 6.44e-11
2022-11-09, 10:06:01, 8.58e-13, 6.54e-11
2022-11-09, 10:06:05, 9.17e-13, 6.52e-11
2022-11-09, 10:06:10, 8.74e-13, 6.5e-11
2022-11-09, 10:06:14, 9.08e-13, 6.51e-11
2022-11-09, 10:06:18, 9.19e-13, 6.49e-11
2022-11-09, 10:06:22, 8.9e-13, 6.41e-11
2022-11-09, 10:06:26, 9.11e-13, 6.48e-11
2022-11-09, 10:06:31, 8.04e-13, 6.46e-11
2022-11-09, 10:06:35, 8.6e-13, 6.45e-11
2022-11-09, 10:06:39, 7.37e-13, 6.47e-11
2022-11-09, 10:06:43, 8.91e-13, 6.49e-11
2022-11-09, 10:06:48, 8.64e-13, 6.52e-11
2022-11-09, 10:06:52, 8.15e-13, 6.48e-11
2022-11-09, 10:06:56, 8.72e-13, 6.5e-11
2022-11-09, 10:07:00, 8.96e-13, 6.48e-11
2022-11-09, 10:07:04, 8.66e-13, 6.48e-11
2022-11-09, 10:07:09, 7.92e-13, 6.46e-11
2022-11-09, 10:07:13, 8.82e-13, 6.46e-11
2022-11-09, 10:07:17, 8.27e-13, 6.45e-11
2022-11-09, 10:07:21, 8.42e-13, 6.44e-11
2022-11-09, 10:07:26, 8.66e-13, 6.47e-11
2022-11-09, 10:07:30, 8.76e-13, 6.5e-11
2022-11-09, 10:07:34, 9.8e-13, 6.47e-11
2022-11-09, 10:07:38, 8.57e-13, 6.5e-11
2022-11-09, 10:07:42, 8.15e-13, 6.49e-11
2022-11-09, 10:07:47, 8.66e-13, 6.46e-11
2022-11-09, 10:07:51, 8.02e-13, 6.48e-11
2022-11-09, 10:07:55, 8.62e-13, 6.46e-11
2022-11-09, 10:07:59, 8.61e-13, 6.47e-11
2022-11-09, 10:08:04, 8.66e-13, 6.48e-11
2022-11-09, 10:08:08, 9.36e-13, 6.48e-11
2022-11-09, 10:08:12, 9.12e-13, 6.49e-11
2022-11-09, 10:08:16, 8.64e-13, 6.48e-11
2022-11-09, 10:08:20, 8.18e-13, 6.49e-11
2022-11-09, 10:08:25, 8.82e-13, 6.49e-11
2022-11-09, 10:08:29, 9.04e-13, 6.48e-11
2022-11-09, 10:08:33, 8.96e-13, 6.45e-11
2022-11-09, 10:08:37, 9.73e-13, 6.46e-11
2022-11-09, 10:08:42, 8.71e-13, 6.48e-11
2022-11-09, 10:08:46, 8.99e-13, 6.5e-11
2022-11-09, 10:08:50, 8.68e-13, 6.48e-11
2022-11-09, 10:08:54, 8.62e-13, 6.47e-11
2022-11-09, 10:08:58, 8.53e-13, 6.47e-11
2022-11-09, 10:09:03, 8.52e-13, 6.43e-11
2022-11-09, 10:09:07, 8.36e-13, 6.48e-11
2022-11-09, 10:09:11, 8.54e-13, 6.43e-11
2022-11-09, 10:09:15, 8.74e-13, 6.46e-11
2022-11-09, 10:09:20, 9.05e-13, 6.47e-11
2022-11-09, 10:09:24, 8.41e-13, 6.51e-11
2022-11-09, 10:09:28, 8.3e-13, 6.42e-11
2022-11-09, 10:09:32, 8.7e-13, 6.48e-11
2022-11-09, 10:09:36, 8.53e-13, 6.51e-11
2022-11-09, 10:09:41, 8.49e-13, 6.47e-11
2022-11-09, 10:09:45, 8.93e-13, 6.5e-11
2022-11-09, 10:09:49, 8.65e-13, 6.47e-11
2022-11-09, 10:09:53, 7.89e-13, 6.48e-11
2022-11-09, 10:09:57, 8.67e-13, 6.48e-11
2022-11-09, 10:10:02, 8.91e-13, 6.5e-11
2022-11-09, 10:10:06, 8.54e-13, 6.48e-11
2022-11-09, 10:10:10, 8.54e-13, 6.45e-11
2022-11-09, 10:10:14, 9.28e-13, 6.49e-11
2022-11-09, 10:10:19, 8.46e-13, 6.44e-11
2022-11-09, 10:10:23, 7.43e-13, 6.49e-11
2022-11-09, 10:10:27, 8.82e-13, 6.48e-11
2022-11-09, 10:10:31, 8.5e-13, 6.49e-11
2022-11-09, 10:10:35, 8.51e-13, 6.48e-11
2022-11-09, 10:10:40, 8.51e-13, 6.47e-11
2022-11-09, 10:10:44, 8.57e-13, 6.46e-11
2022-11-09, 10:10:48, 9.68e-13, 6.48e-11
2022-11-09, 10:10:52, 9.23e-13, 6.48e-11
2022-11-09, 10:10:57, 8.3e-13, 6.48e-11
2022-11-09, 10:11:01, 8.47e-13, 6.49e-11
2022-11-09, 10:11:05, 8.92e-13, 6.49e-11
2022-11-09, 10:11:09, 8.23e-13, 6.48e-11
2022-11-09, 10:11:13, 8.1e-13, 6.48e-11
2022-11-09, 10:11:18, 7.94e-13, 6.47e-11
2022-11-09, 10:11:22, 1.03e-12, 6.45e-11
2022-11-09, 10:11:26, 8.89e-13, 6.47e-11
2022-11-09, 10:11:30, 9.1e-13, 6.5e-11
2022-11-09, 10:11:35, 9.84e-13, 6.47e-11
2022-11-09, 10:11:39, 8.97e-13, 6.48e-11
2022-11-09, 10:11:43, 9.1e-13, 6.48e-11
2022-11-09, 10:11:47, 9.15e-13, 6.47e-11
2022-11-09, 10:11:51, 8.81e-13, 6.48e-11
2022-11-09, 10:11:56, 8.12e-13, 6.47e-11
2022-11-09, 10:12:00, 7.62e-13, 6.42e-11
2022-11-09, 10:12:04, 8.75e-13, 6.46e-11
2022-11-09, 10:12:08, 9.34e-13, 6.51e-11
2022-11-09, 10:12:13, 9.27e-13, 6.48e-11
2022-11-09, 10:12:17, 8.25e-13, 6.52e-11
2022-11-09, 10:12:21, 8.84e-13, 6.49e-11
2022-11-09, 10:12:25, 8.68e-13, 6.52e-11
2022-11-09, 10:12:29, 8.9e-13, 6.54e-11
2022-11-09, 10:12:34, 8.78e-13, 6.52e-11
2022-11-09, 10:12:38, 8.65e-13, 6.51e-11
2022-11-09, 10:12:42, 8.44e-13, 6.53e-11
2022-11-09, 10:12:46, 9.36e-13, 6.5e-11
2022-11-09, 10:12:51, 8.64e-13, 6.53e-11
2022-11-09, 10:12:55, 8.37e-13, 6.51e-11
2022-11-09, 10:12:59, 9.51e-13, 6.49e-11
2022-11-09, 10:13:03, 7.75e-13, 6.51e-11
2022-11-09, 10:13:07, 8.39e-13, 6.51e-11
2022-11-09, 10:13:12, 9e-13, 6.52e-11
2022-11-09, 10:13:16, 8.27e-13, 6.5e-11
2022-11-09, 10:13:20, 8.51e-13, 6.49e-11
2022-11-09, 10:13:24, 9.2e-13, 6.52e-11
2022-11-09, 10:13:29, 8.6e-13, 6.5e-11
2022-11-09, 10:13:33, 8.54e-13, 6.5e-11
2022-11-09, 10:13:37, 9.01e-13, 6.43e-11
2022-11-09, 10:13:41, 8.96e-13, 6.47e-11
2022-11-09, 10:13:45, 9.03e-13, 6.48e-11
2022-11-09, 10:13:50, 8.64e-13, 6.48e-11
2022-11-09, 10:13:54, 8.36e-13, 6.48e-11
2022-11-09, 10:13:58, 8.98e-13, 6.5e-11
2022-11-09, 10:14:02, 9.15e-13, 6.5e-11
2022-11-09, 10:14:06, 9.04e-13, 6.49e-11
2022-11-09, 10:14:11, 9.16e-13, 6.48e-11
2022-11-09, 10:14:15, 1.02e-12, 6.51e-11
2022-11-09, 10:14:19, 8.52e-13, 6.51e-11
2022-11-09, 10:14:23, 8.76e-13, 6.51e-11
2022-11-09, 10:14:28, 8.74e-13, 6.47e-11
2022-11-09, 10:14:32, 9.44e-13, 6.49e-11
2022-11-09, 10:14:36, 8.72e-13, 6.5e-11
2022-11-09, 10:14:40, 9.55e-13, 6.5e-11
2022-11-09, 10:14:44, 8.7e-13, 6.48e-11
2022-11-09, 10:14:49, 8.9e-13, 6.56e-11
2022-11-09, 10:14:53, 8.8e-13, 6.54e-11
2022-11-09, 10:14:57, 8.91e-13, 6.54e-11
2022-11-09, 10:15:01, 9.47e-13, 6.53e-11
2022-11-09, 10:15:06, 9.84e-13, 6.57e-11
2022-11-09, 10:15:10, 8.2e-13, 6.53e-11
2022-11-09, 10:15:14, 9.22e-13, 6.5e-11
2022-11-09, 10:15:18, 9.07e-13, 6.55e-11
2022-11-09, 10:15:22, 8.96e-13, 6.49e-11
2022-11-09, 10:15:27, 9.61e-13, 6.51e-11
2022-11-09, 10:15:31, 8.74e-13, 6.48e-11
2022-11-09, 10:15:35, 8.18e-13, 6.54e-11
2022-11-09, 10:15:39, 8.48e-13, 6.5e-11
2022-11-09, 10:15:44, 8.92e-13, 6.5e-11
2022-11-09, 10:15:48, 9.29e-13, 6.53e-11
2022-11-09, 10:15:52, 9.08e-13, 6.55e-11
2022-11-09, 10:15:56, 9.19e-13, 6.53e-11
2022-11-09, 10:16:00, 8.36e-13, 6.52e-11
2022-11-09, 10:16:05, 9.33e-13, 6.56e-11
2022-11-09, 10:16:09, 8.81e-13, 6.53e-11
2022-11-09, 10:16:13, 8.54e-13, 6.44e-11
2022-11-09, 10:16:17, 9.48e-13, 6.56e-11
2022-11-09, 10:16:22, 8.61e-13, 6.51e-11
2022-11-09, 10:16:26, 9.08e-13, 6.51e-11
2022-11-09, 10:16:30, 8.41e-13, 6.5e-11
2022-11-09, 10:16:34, 8.46e-13, 6.5e-11
2022-11-09, 10:16:38, 8.67e-13, 6.48e-11
2022-11-09, 10:16:43, 8.59e-13, 6.51e-11
2022-11-09, 10:16:47, 8.57e-13, 6.47e-11
2022-11-09, 10:16:51, 8.57e-13, 6.45e-11
2022-11-09, 10:16:55, 9.86e-13, 6.43e-11
2022-11-09, 10:17:00, 8.87e-13, 6.48e-11
2022-11-09, 10:17:04, 8.85e-13, 6.51e-11
2022-11-09, 10:17:08, 8.32e-13, 6.52e-11
2022-11-09, 10:17:12, 9.14e-13, 6.49e-11
2022-11-09, 10:17:16, 8.64e-13, 6.5e-11
2022-11-09, 10:17:21, 8.61e-13, 6.5e-11
2022-11-09, 10:17:25, 8.96e-13, 6.49e-11
2022-11-09, 10:17:29, 8.61e-13, 6.51e-11
2022-11-09, 10:17:33, 8.87e-13, 6.49e-11
2022-11-09, 10:17:37, 8.11e-13, 6.47e-11
2022-11-09, 10:17:42, 9.03e-13, 6.52e-11
2022-11-09, 10:17:46, 8.63e-13, 6.52e-11
2022-11-09, 10:17:50, 8.83e-13, 6.5e-11
2022-11-09, 10:17:54, 8.6e-13, 6.48e-11
2022-11-09, 10:17:59, 8.74e-13, 6.49e-11
2022-11-09, 10:18:03, 8.25e-13, 6.49e-11
2022-11-09, 10:18:07, 8.84e-13, 6.5e-11
2022-11-09, 10:18:11, 8.77e-13, 6.5e-11
2022-11-09, 10:18:15, 8.71e-13, 6.53e-11
2022-11-09, 10:18:20, 7.77e-13, 6.53e-11
2022-11-09, 10:18:24, 8.15e-13, 6.53e-11
2022-11-09, 10:18:28, 8.12e-13, 6.54e-11
2022-11-09, 10:18:32, 8.55e-13, 6.52e-11
2022-11-09, 10:18:37, 8.87e-13, 6.52e-11
2022-11-09, 10:18:41, 8.74e-13, 6.49e-11
2022-11-09, 10:18:45, 9.17e-13, 6.54e-11
2022-11-09, 10:18:49, 8.64e-13, 6.51e-11
2022-11-09, 10:18:53, 8.78e-13, 6.54e-11
2022-11-09, 10:18:58, 9.05e-13, 6.53e-11
2022-11-09, 10:19:02, 9e-13, 6.49e-11
2022-11-09, 10:19:06, 8.71e-13, 6.52e-11
2022-11-09, 10:19:10, 9.15e-13, 6.5e-11
2022-11-09, 10:19:15, 9.04e-13, 6.49e-11
2022-11-09, 10:19:19, 9.42e-13, 6.52e-11
2022-11-09, 10:19:23, 9.06e-13, 6.54e-11
2022-11-09, 10:19:27, 8.53e-13, 6.42e-11
2022-11-09, 10:19:31, 8.49e-13, 6.5e-11
2022-11-09, 10:19:36, 8.39e-13, 6.46e-11
2022-11-09, 10:19:40, 8.88e-13, 6.48e-11
2022-11-09, 10:19:44, 8.79e-13, 6.43e-11
2022-11-09, 10:19:48, 8.38e-13, 6.51e-11
2022-11-09, 10:19:53, 8.59e-13, 6.49e-11
2022-11-09, 10:19:57, 8.53e-13, 6.51e-11
2022-11-09, 10:20:01, 9.27e-13, 6.46e-11
2022-11-09, 10:20:05, 8.74e-13, 6.51e-11
2022-11-09, 10:20:10, 8.82e-13, 6.5e-11
2022-11-09, 10:20:14, 8.39e-13, 6.49e-11
2022-11-09, 10:20:18, 8.42e-13, 6.51e-11
2022-11-09, 10:20:22, 8.58e-13, 6.55e-11
2022-11-09, 10:20:26, 9.13e-13, 6.54e-11
2022-11-09, 10:20:31, 8.55e-13, 6.5e-11
2022-11-09, 10:20:35, 8.95e-13, 6.52e-11
2022-11-09, 10:20:39, 8.81e-13, 6.53e-11
2022-11-09, 10:20:43, 8.32e-13, 6.46e-11
2022-11-09, 10:20:48, 8.69e-13, 6.49e-11
2022-11-09, 10:20:52, 8.69e-13, 6.52e-11
2022-11-09, 10:20:56, 9.32e-13, 6.49e-11
2022-11-09, 10:21:00, 8.73e-13, 6.48e-11
2022-11-09, 10:21:04, 8.78e-13, 6.48e-11
2022-11-09, 10:21:09, 8.42e-13, 6.49e-11
2022-11-09, 10:21:13, 9.24e-13, 6.51e-11
2022-11-09, 10:21:17, 1.03e-12, 6.52e-11
2022-11-09, 10:21:21, 9.69e-13, 6.48e-11
2022-11-09, 10:21:26, 8.12e-13, 6.52e-11
2022-11-09, 10:21:30, 7.99e-13, 6.52e-11
2022-11-09, 10:21:34, 8.52e-13, 6.5e-11
2022-11-09, 10:21:38, 8.86e-13, 6.51e-11
2022-11-09, 10:21:42, 8.52e-13, 6.5e-11
2022-11-09, 10:21:47, 8.73e-13, 6.5e-11
2022-11-09, 10:21:51, 9.05e-13, 6.49e-11
2022-11-09, 10:21:55, 8.71e-13, 6.45e-11
2022-11-09, 10:21:59, 8.93e-13, 6.43e-11
2022-11-09, 10:22:04, 9.03e-13, 6.52e-11
2022-11-09, 10:22:08, 9.19e-13, 6.53e-11
2022-11-09, 10:22:12, 8.78e-13, 6.48e-11
2022-11-09, 10:22:16, 8.54e-13, 6.5e-11
2022-11-09, 10:22:20, 8.9e-13, 6.48e-11
2022-11-09, 10:22:25, 8.94e-13, 6.48e-11
2022-11-09, 10:22:29, 9.73e-13, 6.5e-11
2022-11-09, 10:22:33, 9.15e-13, 6.48e-11
2022-11-09, 10:22:37, 8.12e-13, 6.48e-11
2022-11-09, 10:22:42, 8.4e-13, 6.51e-11
2022-11-09, 10:22:46, 8.42e-13, 6.52e-11
2022-11-09, 10:22:50, 8.53e-13, 6.51e-11
2022-11-09, 10:22:54, 8.61e-13, 6.52e-11
2022-11-09, 10:22:58, 8.14e-13, 6.52e-11
2022-11-09, 10:23:03, 7.94e-13, 6.5e-11
2022-11-09, 10:23:07, 8.56e-13, 6.52e-11
2022-11-09, 10:23:11, 8.16e-13, 6.5e-11
2022-11-09, 10:23:15, 8.62e-13, 6.5e-11
2022-11-09, 10:23:20, 8.63e-13, 6.52e-11
2022-11-09, 10:23:24, 9.35e-13, 6.5e-11
2022-11-09, 10:23:28, 8.69e-13, 6.54e-11
2022-11-09, 10:23:32, 8.49e-13, 6.53e-11
2022-11-09, 10:23:36, 9.12e-13, 6.49e-11
2022-11-09, 10:23:41, 8.53e-13, 6.5e-11
2022-11-09, 10:23:45, 9.17e-13, 6.48e-11
2022-11-09, 10:23:49, 8.59e-13, 6.51e-11
2022-11-09, 10:23:53, 8.82e-13, 6.51e-11
2022-11-09, 10:23:58, 8.02e-13, 6.58e-11
2022-11-09, 10:24:02, 8.97e-13, 6.56e-11
2022-11-09, 10:24:06, 8.9e-13, 6.51e-11
2022-11-09, 10:24:10, 9.57e-13, 6.51e-11
2022-11-09, 10:24:14, 8.75e-13, 6.5e-11
2022-11-09, 10:24:19, 8.96e-13, 6.52e-11
2022-11-09, 10:24:23, 8.81e-13, 6.51e-11
2022-11-09, 10:24:27, 7.87e-13, 6.52e-11
2022-11-09, 10:24:31, 8.64e-13, 6.5e-11
2022-11-09, 10:24:36, 8.41e-13, 6.5e-11
2022-11-09, 10:24:40, 8.05e-13, 6.51e-11
2022-11-09, 10:24:44, 8.99e-13, 6.52e-11
2022-11-09, 10:24:48, 8.95e-13, 6.46e-11
2022-11-09, 10:24:52, 8.36e-13, 6.51e-11
2022-11-09, 10:24:57, 8.13e-13, 6.49e-11
2022-11-09, 10:25:01, 8.13e-13, 6.49e-11
2022-11-09, 10:25:05, 1.01e-12, 6.48e-11
2022-11-09, 10:25:09, 8.25e-13, 6.43e-11
2022-11-09, 10:25:14, 8.18e-13, 6.5e-11
2022-11-09, 10:25:18, 8.19e-13, 6.48e-11
2022-11-09, 10:25:22, 8.55e-13, 6.48e-11
2022-11-09, 10:25:26, 9.87e-13, 6.48e-11
2022-11-09, 10:25:30, 9.48e-13, 6.45e-11
2022-11-09, 10:25:35, 8.44e-13, 6.51e-11
2022-11-09, 10:25:39, 7.77e-13, 6.5e-11
2022-11-09, 10:25:43, 8.8e-13, 6.51e-11
2022-11-09, 10:25:47, 8.71e-13, 6.46e-11
2022-11-09, 10:25:52, 8.18e-13, 6.49e-11
2022-11-09, 10:25:56, 8.49e-13, 6.47e-11
2022-11-09, 10:26:00, 8.84e-13, 6.5e-11
2022-11-09, 10:26:04, 8.33e-13, 6.5e-11
2022-11-09, 10:26:08, 8.81e-13, 6.48e-11
2022-11-09, 10:26:13, 8.39e-13, 6.51e-11
2022-11-09, 10:26:17, 8.55e-13, 6.5e-11
2022-11-09, 10:26:21, 9.56e-13, 6.52e-11
2022-11-09, 10:26:25, 8.53e-13, 6.52e-11
2022-11-09, 10:26:30, 8.38e-13, 6.46e-11
2022-11-09, 10:26:34, 9.08e-13, 6.54e-11
2022-11-09, 10:26:38, 8.59e-13, 6.51e-11
2022-11-09, 10:26:42, 9.17e-13, 6.5e-11
2022-11-09, 10:26:46, 8.88e-13, 6.52e-11
2022-11-09, 10:26:51, 8.55e-13, 6.48e-11
2022-11-09, 10:26:55, 8.83e-13, 6.49e-11
2022-11-09, 10:26:59, 8.48e-13, 6.48e-11
2022-11-09, 10:27:03, 8.15e-13, 6.51e-11
2022-11-09, 10:27:08, 8.21e-13, 6.53e-11
2022-11-09, 10:27:12, 8.27e-13, 6.52e-11
2022-11-09, 10:27:16, 9.01e-13, 6.51e-11
2022-11-09, 10:27:20, 8.44e-13, 6.51e-11
2022-11-09, 10:27:24, 8.14e-13, 6.47e-11
2022-11-09, 10:27:29, 8.86e-13, 6.49e-11
2022-11-09, 10:27:33, 9.24e-13, 6.5e-11
2022-11-09, 10:27:37, 8.67e-13, 6.51e-11
2022-11-09, 10:27:41, 8.12e-13, 6.51e-11
2022-11-09, 10:27:46, 8.76e-13, 6.5e-11
2022-11-09, 10:27:50, 8.52e-13, 6.5e-11
2022-11-09, 10:27:54, 8.64e-13, 6.48e-11
2022-11-09, 10:27:58, 9.4e-13, 6.49e-11
2022-11-09, 10:28:02, 8.64e-13, 6.43e-11
2022-11-09, 10:28:07, 8.87e-13, 6.41e-11
2022-11-09, 10:28:11, 7.82e-13, 6.47e-11
2022-11-09, 10:28:15, 8.21e-13, 6.5e-11
2022-11-09, 10:28:19, 8.67e-13, 6.5e-11
2022-11-09, 10:28:24, 9.87e-13, 6.51e-11
2022-11-09, 10:28:28, 7.86e-13, 6.48e-11
2022-11-09, 10:28:32, 8.72e-13, 6.52e-11
2022-11-09, 10:28:36, 8.54e-13, 6.51e-11
2022-11-09, 10:28:40, 8.5e-13, 6.48e-11
2022-11-09, 10:28:45, 8.76e-13, 6.52e-11
2022-11-09, 10:28:49, 9.05e-13, 6.47e-11
2022-11-09, 10:28:53, 8.75e-13, 6.48e-11
2022-11-09, 10:28:57, 8.83e-13, 6.5e-11
2022-11-09, 10:29:01, 8.14e-13, 6.51e-11
2022-11-09, 10:29:06, 9.42e-13, 6.51e-11
2022-11-09, 10:29:10, 8.18e-13, 6.51e-11
2022-11-09, 10:29:14, 9.85e-13, 6.5e-11
2022-11-09, 10:29:18, 8.74e-13, 6.49e-11
2022-11-09, 10:29:23, 8.79e-13, 6.51e-11
2022-11-09, 10:29:27, 8.52e-13, 6.52e-11
2022-11-09, 10:29:31, 8.54e-13, 6.48e-11
2022-11-09, 10:29:35, 8.93e-13, 6.48e-11
2022-11-09, 10:29:39, 9.05e-13, 6.52e-11
2022-11-09, 10:29:44, 1.03e-12, 6.48e-11
2022-11-09, 10:29:48, 9.02e-13, 6.5e-11
2022-11-09, 10:29:52, 8.4e-13, 6.53e-11
2022-11-09, 10:29:56, 8.72e-13, 6.5e-11
2022-11-09, 10:30:01, 9.02e-13, 6.53e-11
2022-11-09, 10:30:05, 9.18e-13, 6.5e-11
2022-11-09, 10:30:09, 8.54e-13, 6.51e-11
2022-11-09, 10:30:13, 7.9e-13, 6.52e-11
2022-11-09, 10:30:17, 8.72e-13, 6.45e-11
2022-11-09, 10:30:22, 8.79e-13, 6.51e-11
2022-11-09, 10:30:26, 9.06e-13, 6.47e-11
2022-11-09, 10:30:30, 9.07e-13, 6.5e-11
2022-11-09, 10:30:35, 8.66e-13, 6.48e-11
2022-11-09, 10:30:39, 8.27e-13, 6.52e-11
2022-11-09, 10:30:43, 9.16e-13, 6.52e-11
2022-11-09, 10:30:47, 8.53e-13, 6.49e-11
2022-11-09, 10:30:52, 8.8e-13, 6.44e-11
2022-11-09, 10:30:56, 8.93e-13, 6.49e-11
2022-11-09, 10:31:00, 8.25e-13, 6.5e-11
2022-11-09, 10:31:04, 8.5e-13, 6.49e-11
2022-11-09, 10:31:08, 8.37e-13, 6.5e-11
2022-11-09, 10:31:13, 8.67e-13, 6.48e-11
2022-11-09, 10:31:17, 9.09e-13, 6.53e-11
2022-11-09, 10:31:21, 8.73e-13, 6.43e-11
2022-11-09, 10:31:25, 8.53e-13, 6.5e-11
2022-11-09, 10:31:30, 9.02e-13, 6.47e-11
2022-11-09, 10:31:34, 8.16e-13, 6.5e-11
2022-11-09, 10:31:38, 8.48e-13, 6.5e-11
2022-11-09, 10:31:42, 8.92e-13, 6.51e-11
2022-11-09, 10:31:46, 7.95e-13, 6.51e-11
2022-11-09, 10:31:51, 8.62e-13, 6.51e-11
2022-11-09, 10:31:55, 9.14e-13, 6.52e-11
2022-11-09, 10:31:59, 8.52e-13, 6.52e-11
2022-11-09, 10:32:03, 8.67e-13, 6.55e-11
2022-11-09, 10:32:08, 7.97e-13, 6.52e-11
2022-11-09, 10:32:12, 8.41e-13, 6.53e-11
2022-11-09, 10:32:16, 9.07e-13, 6.51e-11
2022-11-09, 10:32:20, 8.81e-13, 6.52e-11
2022-11-09, 10:32:24, 8.49e-13, 6.52e-11
2022-11-09, 10:32:29, 8.95e-13, 6.51e-11
2022-11-09, 10:32:33, 8.82e-13, 6.54e-11
2022-11-09, 10:32:37, 8.76e-13, 6.52e-11
2022-11-09, 10:32:41, 9.27e-13, 6.53e-11
2022-11-09, 10:32:46, 1.05e-12, 6.53e-11
2022-11-09, 10:32:50, 8.68e-13, 6.53e-11
2022-11-09, 10:32:54, 8.95e-13, 6.48e-11
2022-11-09, 10:32:58, 8.71e-13, 6.53e-11
2022-11-09, 10:33:02, 8.66e-13, 6.51e-11
2022-11-09, 10:33:07, 9.11e-13, 6.5e-11
2022-11-09, 10:33:11, 9e-13, 6.5e-11
2022-11-09, 10:33:15, 9.67e-13, 6.52e-11
2022-11-09, 10:33:19, 7.97e-13, 6.56e-11
2022-11-09, 10:33:24, 8.08e-13, 6.51e-11
2022-11-09, 10:33:28, 8.65e-13, 6.55e-11
2022-11-09, 10:33:32, 1.03e-12, 6.56e-11
2022-11-09, 10:33:36, 8.63e-13, 6.53e-11
2022-11-09, 10:33:40, 8.69e-13, 6.55e-11
2022-11-09, 10:33:45, 9.48e-13, 6.53e-11
2022-11-09, 10:33:49, 8.87e-13, 6.54e-11
2022-11-09, 10:33:53, 1e-12, 6.54e-11
2022-11-09, 10:33:57, 8.15e-13, 6.53e-11
2022-11-09, 10:34:01, 8.96e-13, 6.46e-11
2022-11-09, 10:34:06, 1.01e-12, 6.53e-11
2022-11-09, 10:34:10, 8.68e-13, 6.55e-11
2022-11-09, 10:34:14, 8.89e-13, 6.56e-11
2022-11-09, 10:34:18, 8.98e-13, 6.59e-11
2022-11-09, 10:34:23, 7.78e-13, 6.55e-11
2022-11-09, 10:34:27, 9.6e-13, 6.58e-11
2022-11-09, 10:34:31, 8.91e-13, 6.53e-11
2022-11-09, 10:34:35, 9.01e-13, 6.56e-11
2022-11-09, 10:34:39, 8.38e-13, 6.56e-11
2022-11-09, 10:34:44, 8.38e-13, 6.56e-11
2022-11-09, 10:34:48, 8.88e-13, 6.46e-11
2022-11-09, 10:34:52, 8.7e-13, 6.55e-11
2022-11-09, 10:34:56, 8.82e-13, 6.56e-11
2022-11-09, 10:35:01, 8.43e-13, 6.54e-11
2022-11-09, 10:35:05, 9.07e-13, 6.54e-11
2022-11-09, 10:35:09, 8.65e-13, 6.56e-11
2022-11-09, 10:35:13, 9.26e-13, 6.61e-11
2022-11-09, 10:35:17, 8.58e-13, 6.58e-11
2022-11-09, 10:35:22, 9.09e-13, 6.55e-11
2022-11-09, 10:35:26, 9.37e-13, 6.55e-11
2022-11-09, 10:35:30, 8.4e-13, 6.57e-11
2022-11-09, 10:35:34, 8.69e-13, 6.57e-11
2022-11-09, 10:35:39, 8.51e-13, 6.57e-11
2022-11-09, 10:35:43, 7.97e-13, 6.49e-11
2022-11-09, 10:35:47, 9.35e-13, 6.54e-11
2022-11-09, 10:35:51, 1.02e-12, 6.45e-11
2022-11-09, 10:35:55, 9.34e-13, 6.58e-11
2022-11-09, 10:36:00, 8.06e-13, 6.58e-11
2022-11-09, 10:36:04, 8.65e-13, 6.51e-11
2022-11-09, 10:36:08, 9.03e-13, 6.53e-11
2022-11-09, 10:36:12, 9.06e-13, 6.53e-11
2022-11-09, 10:36:17, 8.1e-13, 6.55e-11
2022-11-09, 10:36:21, 8.55e-13, 6.54e-11
2022-11-09, 10:36:25, 8.79e-13, 6.5e-11
2022-11-09, 10:36:29, 8.42e-13, 6.55e-11
2022-11-09, 10:36:33, 8.94e-13, 6.53e-11
2022-11-09, 10:36:38, 8.93e-13, 6.55e-11
2022-11-09, 10:36:42, 7.21e-13, 6.58e-11
2022-11-09, 10:36:46, 9.4e-13, 6.54e-11
2022-11-09, 10:36:50, 9.02e-13, 6.56e-11
2022-11-09, 10:36:55, 9.04e-13, 6.53e-11
2022-11-09, 10:36:59, 7.77e-13, 6.59e-11
2022-11-09, 10:37:03, 9.17e-13, 6.54e-11
2022-11-09, 10:37:07, 9.58e-13, 6.55e-11
2022-11-09, 10:37:11, 8.44e-13, 6.56e-11
2022-11-09, 10:37:16, 9.16e-13, 6.48e-11
2022-11-09, 10:37:20, 8.6e-13, 6.55e-11
2022-11-09, 10:37:24, 9.16e-13, 6.56e-11
2022-11-09, 10:37:28, 9.02e-13, 6.55e-11
2022-11-09, 10:37:33, 8.68e-13, 6.54e-11
2022-11-09, 10:37:37, 7.77e-13, 6.53e-11
2022-11-09, 10:37:41, 9.07e-13, 6.55e-11
2022-11-09, 10:37:45, 9.03e-13, 6.53e-11
2022-11-09, 10:37:49, 8.5e-13, 6.54e-11
2022-11-09, 10:37:54, 8.67e-13, 6.55e-11
2022-11-09, 10:37:58, 8.28e-13, 6.56e-11
2022-11-09, 10:38:02, 9.05e-13, 6.54e-11
2022-11-09, 10:38:06, 8.9e-13, 6.55e-11
2022-11-09, 10:38:10, 8.48e-13, 6.56e-11
2022-11-09, 10:38:15, 9.89e-13, 6.54e-11
2022-11-09, 10:38:19, 9.11e-13, 6.52e-11
2022-11-09, 10:38:23, 8.69e-13, 6.51e-11
2022-11-09, 10:38:27, 8.7e-13, 6.44e-11
2022-11-09, 10:38:32, 8.98e-13, 6.44e-11
2022-11-09, 10:38:36, 8.95e-13, 6.45e-11
2022-11-09, 10:38:40, 8.58e-13, 6.45e-11
2022-11-09, 10:38:44, 8e-13, 6.56e-11
2022-11-09, 10:38:48, 8.74e-13, 6.53e-11
2022-11-09, 10:38:53, 8.92e-13, 6.5e-11
2022-11-09, 10:38:57, 7.71e-13, 6.53e-11
2022-11-09, 10:39:01, 9.24e-13, 6.53e-11
2022-11-09, 10:39:05, 8.02e-13, 6.53e-11
2022-11-09, 10:39:10, 8.52e-13, 6.53e-11
2022-11-09, 10:39:14, 8.67e-13, 6.54e-11
2022-11-09, 10:39:18, 8.85e-13, 6.53e-11
2022-11-09, 10:39:22, 8.74e-13, 6.45e-11
2022-11-09, 10:39:26, 8.15e-13, 6.45e-11
2022-11-09, 10:39:31, 8.84e-13, 6.48e-11
2022-11-09, 10:39:35, 8.71e-13, 6.59e-11
2022-11-09, 10:39:39, 8.44e-13, 6.51e-11
2022-11-09, 10:39:43, 8.8e-13, 6.58e-11
2022-11-09, 10:39:48, 9.14e-13, 6.56e-11
2022-11-09, 10:39:52, 8.7e-13, 6.54e-11
2022-11-09, 10:39:56, 9.04e-13, 6.55e-11
2022-11-09, 10:40:00, 8.67e-13, 6.56e-11
2022-11-09, 10:40:04, 8.7e-13, 6.59e-11
2022-11-09, 10:40:09, 8.31e-13, 6.58e-11
2022-11-09, 10:40:13, 8.72e-13, 6.51e-11
2022-11-09, 10:40:17, 8.93e-13, 6.51e-11
2022-11-09, 10:40:21, 9.22e-13, 6.54e-11
2022-11-09, 10:40:26, 8.46e-13, 6.51e-11
2022-11-09, 10:40:30, 9.07e-13, 6.55e-11
2022-11-09, 10:40:34, 8.36e-13, 6.49e-11
2022-11-09, 10:40:38, 9.09e-13, 6.53e-11
2022-11-09, 10:40:42, 8.93e-13, 6.56e-11
2022-11-09, 10:40:47, 8.85e-13, 6.55e-11
2022-11-09, 10:40:51, 8.7e-13, 6.53e-11
2022-11-09, 10:40:55, 9.22e-13, 6.56e-11
2022-11-09, 10:40:59, 9.18e-13, 6.58e-11
2022-11-09, 10:41:04, 8.85e-13, 6.56e-11
2022-11-09, 10:41:08, 8.39e-13, 6.5e-11
2022-11-09, 10:41:12, 8.7e-13, 6.58e-11
2022-11-09, 10:41:16, 7.15e-13, 6.5e-11
2022-11-09, 10:41:20, 8.37e-13, 6.59e-11
2022-11-09, 10:41:25, 8.97e-13, 6.58e-11
2022-11-09, 10:41:29, 8.79e-13, 6.52e-11
2022-11-09, 10:41:33, 8.75e-13, 6.57e-11
2022-11-09, 10:41:37, 8.68e-13, 6.57e-11
2022-11-09, 10:41:41, 8.93e-13, 6.56e-11
2022-11-09, 10:41:46, 8.38e-13, 6.53e-11
2022-11-09, 10:41:50, 8.44e-13, 6.45e-11
2022-11-09, 10:41:54, 8.38e-13, 6.54e-11
2022-11-09, 10:41:58, 8.86e-13, 6.52e-11
2022-11-09, 10:42:03, 8.46e-13, 6.5e-11
2022-11-09, 10:42:07, 7.78e-13, 6.54e-11
2022-11-09, 10:42:11, 9.07e-13, 6.51e-11
2022-11-09, 10:42:15, 1.02e-12, 6.5e-11
2022-11-09, 10:42:19, 9.18e-13, 6.77e-11
2022-11-09, 10:42:24, 8.87e-13, 6.54e-11
2022-11-09, 10:42:28, 8.73e-13, 6.54e-11
2022-11-09, 10:42:32, 9.14e-13, 6.53e-11
2022-11-09, 10:42:36, 8.68e-13, 6.55e-11
2022-11-09, 10:42:41, 8.92e-13, 6.51e-11
2022-11-09, 10:42:45, 7.68e-13, 6.55e-11
2022-11-09, 10:42:49, 8.3e-13, 6.52e-11
2022-11-09, 10:42:53, 9.47e-13, 6.51e-11
2022-11-09, 10:42:57, 8.22e-13, 6.46e-11
2022-11-09, 10:43:02, 7.15e-13, 6.47e-11
2022-11-09, 10:43:06, 8.81e-13, 6.54e-11
2022-11-09, 10:43:10, 9.15e-13, 6.49e-11
2022-11-09, 10:43:14, 8.91e-13, 6.53e-11
2022-11-09, 10:43:19, 9.88e-13, 6.56e-11
2022-11-09, 10:43:23, 8.6e-13, 6.54e-11
2022-11-09, 10:43:27, 8.74e-13, 6.55e-11
2022-11-09, 10:43:31, 9.09e-13, 6.53e-11
2022-11-09, 10:43:35, 8.78e-13, 6.53e-11
2022-11-09, 10:43:40, 8.4e-13, 6.48e-11
2022-11-09, 10:43:44, 8.09e-13, 6.51e-11
2022-11-09, 10:43:48, 8.41e-13, 6.53e-11
2022-11-09, 10:43:52, 8.57e-13, 6.51e-11
2022-11-09, 10:43:57, 8.71e-13, 6.54e-11
2022-11-09, 10:44:01, 8.19e-13, 6.51e-11
2022-11-09, 10:44:05, 9.84e-13, 6.58e-11
2022-11-09, 10:44:09, 8.57e-13, 6.52e-11
2022-11-09, 10:44:13, 8.38e-13, 6.55e-11
2022-11-09, 10:44:18, 8.49e-13, 6.52e-11
2022-11-09, 10:44:22, 8.83e-13, 6.52e-11
2022-11-09, 10:44:26, 8.94e-13, 6.5e-11
2022-11-09, 10:44:30, 8.3e-13, 6.51e-11
2022-11-09, 10:44:34, 9.04e-13, 6.48e-11
2022-11-09, 10:44:39, 8.79e-13, 6.51e-11
2022-11-09, 10:44:43, 8.58e-13, 6.52e-11
2022-11-09, 10:44:48, 8.16e-13, 6.53e-11
2022-11-09, 10:44:52, 9.21e-13, 6.58e-11
2022-11-09, 10:44:57, 9.26e-13, 6.53e-11
2022-11-09, 10:45:01, 8.3e-13, 6.56e-11
2022-11-09, 10:45:05, 8.33e-13, 6.54e-11
2022-11-09, 10:45:09, 8.74e-13, 6.57e-11
2022-11-09, 10:45:13, 8.51e-13, 6.56e-11
2022-11-09, 10:45:18, 8.63e-13, 6.5e-11
2022-11-09, 10:45:22, 9.84e-13, 6.52e-11
2022-11-09, 10:45:26, 8.91e-13, 6.53e-11
2022-11-09, 10:45:30, 8.93e-13, 6.54e-11
2022-11-09, 10:45:35, 8.23e-13, 6.54e-11
2022-11-09, 10:45:40, 9.06e-13, 6.54e-11
2022-11-09, 10:45:45, 8.93e-13, 6.48e-11
2022-11-09, 10:45:49, 9.12e-13, 6.52e-11
2022-11-09, 10:45:53, 8.74e-13, 6.53e-11
2022-11-09, 10:45:59, 8.62e-13, 6.44e-11
2022-11-09, 10:46:03, 8.77e-13, 6.5e-11
2022-11-09, 10:46:07, 8.98e-13, 6.55e-11
2022-11-09, 10:46:11, 8.55e-13, 6.52e-11
2022-11-09, 10:46:16, 8.57e-13, 6.52e-11
2022-11-09, 10:46:20, 8.23e-13, 6.51e-11
2022-11-09, 10:46:24, 8.41e-13, 6.52e-11
2022-11-09, 10:46:28, 8.56e-13, 6.47e-11
2022-11-09, 10:46:32, 9.29e-13, 6.51e-11
2022-11-09, 10:46:37, 8.65e-13, 6.5e-11
2022-11-09, 10:46:41, 1.02e-12, 6.52e-11
2022-11-09, 10:46:45, 9.25e-13, 6.51e-11
2022-11-09, 10:46:49, 8.44e-13, 6.47e-11
2022-11-09, 10:46:54, 8.87e-13, 6.52e-11
2022-11-09, 10:46:58, 9.17e-13, 6.52e-11
2022-11-09, 10:47:02, 8.45e-13, 6.53e-11
2022-11-09, 10:47:06, 8.84e-13, 6.52e-11
2022-11-09, 10:47:10, 8.78e-13, 6.53e-11
2022-11-09, 10:47:15, 8.74e-13, 6.53e-11
2022-11-09, 10:47:19, 8.39e-13, 6.47e-11
2022-11-09, 10:47:23, 8.6e-13, 6.52e-11
2022-11-09, 10:47:27, 8.3e-13, 6.54e-11
2022-11-09, 10:47:32, 9.17e-13, 6.5e-11
2022-11-09, 10:47:36, 8.73e-13, 6.53e-11
2022-11-09, 10:47:40, 9.26e-13, 6.5e-11
2022-11-09, 10:47:44, 8.73e-13, 6.52e-11
2022-11-09, 10:47:48, 8.4e-13, 6.51e-11
2022-11-09, 10:47:53, 8.77e-13, 6.53e-11
2022-11-09, 10:47:57, 8.44e-13, 6.52e-11
2022-11-09, 10:48:01, 8.86e-13, 6.48e-11
2022-11-09, 10:48:05, 8.59e-13, 6.52e-11
2022-11-09, 10:48:10, 7.3e-13, 6.55e-11
2022-11-09, 10:48:14, 8.88e-13, 6.54e-11
2022-11-09, 10:48:18, 8.75e-13, 6.54e-11
2022-11-09, 10:48:22, 8.31e-13, 6.56e-11
2022-11-09, 10:48:26, 8.68e-13, 6.53e-11
2022-11-09, 10:48:31, 8.76e-13, 6.51e-11
2022-11-09, 10:48:35, 8.91e-13, 6.53e-11
2022-11-09, 10:48:39, 9.36e-13, 6.57e-11
2022-11-09, 10:48:43, 9e-13, 6.58e-11
2022-11-09, 10:48:48, 9.2e-13, 6.56e-11
2022-11-09, 10:48:52, 8.51e-13, 6.55e-11
2022-11-09, 10:48:56, 8.65e-13, 6.56e-11
2022-11-09, 10:49:00, 9.18e-13, 6.51e-11
2022-11-09, 10:49:04, 6.47e-13, 6.55e-11
2022-11-09, 10:49:09, 8.7e-13, 6.52e-11
2022-11-09, 10:49:13, 8.79e-13, 6.51e-11
2022-11-09, 10:49:17, 9.25e-13, 6.52e-11
2022-11-09, 10:49:21, 8.75e-13, 6.5e-11
2022-11-09, 10:49:25, 9.21e-13, 6.54e-11
2022-11-09, 10:49:30, 9.22e-13, 6.53e-11
2022-11-09, 10:49:34, 8.85e-13, 6.55e-11
2022-11-09, 10:49:38, 8.18e-13, 6.54e-11
2022-11-09, 10:49:42, 8.23e-13, 6.46e-11
2022-11-09, 10:49:47, 8.18e-13, 6.52e-11
2022-11-09, 10:49:51, 8.79e-13, 6.51e-11
2022-11-09, 10:49:55, 8.79e-13, 6.54e-11
2022-11-09, 10:49:59, 9.03e-13, 6.53e-11
2022-11-09, 10:50:03, 9.11e-13, 6.53e-11
2022-11-09, 10:50:08, 8.79e-13, 6.56e-11
2022-11-09, 10:50:12, 8.69e-13, 6.53e-11
2022-11-09, 10:50:16, 8.52e-13, 6.57e-11
2022-11-09, 10:50:20, 8.62e-13, 6.53e-11
2022-11-09, 10:50:25, 8.89e-13, 6.57e-11
2022-11-09, 10:50:29, 8.39e-13, 6.52e-11
2022-11-09, 10:50:33, 8.23e-13, 6.56e-11
2022-11-09, 10:50:37, 8.76e-13, 6.55e-11
2022-11-09, 10:50:41, 9.02e-13, 6.54e-11
2022-11-09, 10:50:46, 8.03e-13, 6.56e-11
2022-11-09, 10:50:50, 9.06e-13, 6.52e-11
2022-11-09, 10:50:54, 8.6e-13, 6.54e-11
2022-11-09, 10:50:58, 8.63e-13, 6.51e-11
2022-11-09, 10:51:03, 7.93e-13, 6.53e-11
2022-11-09, 10:51:07, 8.03e-13, 6.53e-11
2022-11-09, 10:51:11, 9.22e-13, 6.53e-11
2022-11-09, 10:51:15, 8.97e-13, 6.55e-11
2022-11-09, 10:51:19, 8.85e-13, 6.51e-11
2022-11-09, 10:51:24, 8.66e-13, 6.51e-11
2022-11-09, 10:51:28, 8.43e-13, 6.47e-11
2022-11-09, 10:51:32, 8.34e-13, 6.55e-11
2022-11-09, 10:51:36, 8.7e-13, 6.48e-11
2022-11-09, 10:51:41, 8.24e-13, 6.52e-11
2022-11-09, 10:51:45, 8.98e-13, 6.54e-11
2022-11-09, 10:51:49, 8.66e-13, 6.54e-11
2022-11-09, 10:51:53, 8.68e-13, 6.52e-11
2022-11-09, 10:51:57, 9.01e-13, 6.52e-11
2022-11-09, 10:52:02, 8.27e-13, 6.51e-11
2022-11-09, 10:52:06, 9.98e-13, 6.55e-11
2022-11-09, 10:52:10, 8.88e-13, 6.55e-11
2022-11-09, 10:52:14, 7.3e-13, 6.48e-11
2022-11-09, 10:52:19, 8.98e-13, 6.53e-11
2022-11-09, 10:52:23, 8.97e-13, 6.54e-11
2022-11-09, 10:52:27, 9.49e-13, 6.52e-11
2022-11-09, 10:52:31, 8.58e-13, 6.53e-11
2022-11-09, 10:52:35, 9.22e-13, 6.52e-11
2022-11-09, 10:52:40, 9.4e-13, 6.54e-11
2022-11-09, 10:52:44, 1.02e-12, 6.55e-11
2022-11-09, 10:52:48, 9.14e-13, 6.53e-11
2022-11-09, 10:52:52, 8.68e-13, 6.58e-11
2022-11-09, 10:52:56, 8.42e-13, 6.53e-11
2022-11-09, 10:53:01, 8.96e-13, 6.52e-11
2022-11-09, 10:53:05, 9.33e-13, 6.56e-11
2022-11-09, 10:53:09, 8.58e-13, 6.54e-11
2022-11-09, 10:53:13, 8.82e-13, 6.53e-11
2022-11-09, 10:53:18, 8.88e-13, 6.52e-11
2022-11-09, 10:53:22, 8.62e-13, 6.53e-11
2022-11-09, 10:53:26, 8.58e-13, 6.52e-11
2022-11-09, 10:53:30, 9.05e-13, 6.54e-11
2022-11-09, 10:53:34, 8.68e-13, 6.51e-11
2022-11-09, 10:53:39, 8.47e-13, 6.53e-11
2022-11-09, 10:53:43, 9.14e-13, 6.53e-11
2022-11-09, 10:53:47, 8.63e-13, 6.55e-11
2022-11-09, 10:53:51, 8.85e-13, 6.52e-11
2022-11-09, 10:53:56, 8.14e-13, 6.54e-11
2022-11-09, 10:54:00, 7.37e-13, 6.49e-11
2022-11-09, 10:54:04, 8.64e-13, 6.53e-11
2022-11-09, 10:54:08, 8.69e-13, 6.48e-11
2022-11-09, 10:54:12, 8.51e-13, 6.52e-11
2022-11-09, 10:54:17, 8.07e-13, 6.49e-11
2022-11-09, 10:54:21, 8.35e-13, 6.52e-11
2022-11-09, 10:54:25, 7.6e-13, 6.48e-11
2022-11-09, 10:54:29, 8.4e-13, 6.51e-11
2022-11-09, 10:54:34, 8.97e-13, 6.5e-11
2022-11-09, 10:54:38, 8.59e-13, 6.54e-11
2022-11-09, 10:54:42, 9.23e-13, 6.54e-11
2022-11-09, 10:54:46, 9.2e-13, 6.54e-11
2022-11-09, 10:54:50, 8.6e-13, 6.49e-11
2022-11-09, 10:54:55, 8.88e-13, 6.52e-11
2022-11-09, 10:54:59, 8.83e-13, 6.51e-11
2022-11-09, 10:55:03, 8.26e-13, 6.55e-11
2022-11-09, 10:55:07, 8.53e-13, 6.54e-11
2022-11-09, 10:55:12, 8.63e-13, 6.52e-11
2022-11-09, 10:55:16, 7.91e-13, 6.54e-11
2022-11-09, 10:55:20, 7.86e-13, 6.51e-11
2022-11-09, 10:55:24, 7.82e-13, 6.5e-11
2022-11-09, 10:55:28, 9.15e-13, 6.52e-11
2022-11-09, 10:55:33, 8.89e-13, 6.52e-11
2022-11-09, 10:55:37, 8.94e-13, 6.53e-11
2022-11-09, 10:55:41, 8.51e-13, 6.51e-11
2022-11-09, 10:55:45, 8.98e-13, 6.48e-11
2022-11-09, 10:55:50, 8.91e-13, 6.5e-11
2022-11-09, 10:55:54, 8.58e-13, 6.5e-11
2022-11-09, 10:55:58, 9.08e-13, 6.52e-11
2022-11-09, 10:56:02, 8.26e-13, 6.52e-11
2022-11-09, 10:56:06, 8.89e-13, 6.54e-11
2022-11-09, 10:56:11, 8.45e-13, 6.53e-11
2022-11-09, 10:56:15, 8.89e-13, 6.52e-11
2022-11-09, 10:56:19, 8.61e-13, 6.53e-11
2022-11-09, 10:56:23, 8.45e-13, 6.53e-11
2022-11-09, 10:56:28, 8.67e-13, 6.55e-11
2022-11-09, 10:56:32, 9.51e-13, 6.5e-11
2022-11-09, 10:56:36, 8.86e-13, 6.45e-11
2022-11-09, 10:56:40, 8.52e-13, 6.53e-11
2022-11-09, 10:56:44, 8.82e-13, 6.51e-11
2022-11-09, 10:56:49, 8.6e-13, 6.54e-11
2022-11-09, 10:56:53, 8.59e-13, 6.56e-11
2022-11-09, 10:56:57, 8.8e-13, 6.57e-11
2022-11-09, 10:57:01, 9.24e-13, 6.55e-11
2022-11-09, 10:57:05, 8.18e-13, 6.52e-11
2022-11-09, 10:57:10, 8.62e-13, 6.54e-11
2022-11-09, 10:57:14, 9.05e-13, 6.55e-11
2022-11-09, 10:57:18, 9.04e-13, 6.56e-11
2022-11-09, 10:57:22, 8.65e-13, 6.54e-11
2022-11-09, 10:57:27, 9.39e-13, 6.55e-11
2022-11-09, 10:57:31, 9.07e-13, 6.53e-11
2022-11-09, 10:57:35, 8.54e-13, 6.52e-11
2022-11-09, 10:57:39, 8.41e-13, 6.54e-11
2022-11-09, 10:57:43, 8.78e-13, 6.56e-11
2022-11-09, 10:57:48, 8.72e-13, 6.57e-11
2022-11-09, 10:57:52, 8.38e-13, 6.54e-11
2022-11-09, 10:57:56, 8.63e-13, 6.56e-11
2022-11-09, 10:58:00, 8.67e-13, 6.57e-11
2022-11-09, 10:58:05, 8.85e-13, 6.53e-11
2022-11-09, 10:58:09, 8.38e-13, 6.54e-11
2022-11-09, 10:58:13, 8.42e-13, 6.55e-11
2022-11-09, 10:58:17, 8.17e-13, 6.55e-11
2022-11-09, 10:58:21, 8.7e-13, 6.56e-11
2022-11-09, 10:58:26, 7.42e-13, 6.57e-11
2022-11-09, 10:58:30, 8.87e-13, 6.55e-11
2022-11-09, 10:58:34, 9e-13, 6.54e-11
2022-11-09, 10:58:38, 1.02e-12, 6.55e-11
2022-11-09, 10:58:43, 8.66e-13, 6.58e-11
2022-11-09, 10:58:47, 8.35e-13, 6.54e-11
2022-11-09, 10:58:51, 8.63e-13, 6.56e-11
2022-11-09, 10:58:55, 8.39e-13, 6.55e-11
2022-11-09, 10:58:59, 9.24e-13, 6.56e-11
2022-11-09, 10:59:04, 8.26e-13, 6.51e-11
2022-11-09, 10:59:08, 9.22e-13, 6.56e-11
2022-11-09, 10:59:12, 1.04e-12, 6.55e-11
2022-11-09, 10:59:16, 8.83e-13, 6.51e-11
2022-11-09, 10:59:21, 7.45e-13, 6.53e-11
2022-11-09, 10:59:25, 8.91e-13, 6.53e-11
2022-11-09, 10:59:29, 9.65e-13, 6.51e-11
2022-11-09, 10:59:33, 9.11e-13, 6.56e-11
2022-11-09, 10:59:37, 8.1e-13, 6.55e-11
2022-11-09, 10:59:42, 8.41e-13, 6.53e-11
2022-11-09, 10:59:46, 8.9e-13, 6.48e-11
2022-11-09, 10:59:50, 8.87e-13, 6.52e-11
2022-11-09, 10:59:54, 8.8e-13, 6.53e-11
2022-11-09, 10:59:59, 9.39e-13, 6.55e-11
2022-11-09, 11:00:03, 8.6e-13, 6.52e-11
2022-11-09, 11:00:07, 8.5e-13, 6.54e-11
2022-11-09, 11:00:11, 7.81e-13, 6.47e-11
2022-11-09, 11:00:15, 8.93e-13, 6.54e-11
2022-11-09, 11:00:20, 8.9e-13, 6.5e-11
2022-11-09, 11:00:24, 9.27e-13, 6.52e-11
2022-11-09, 11:00:28, 8.52e-13, 6.55e-11
2022-11-09, 11:00:32, 8.52e-13, 6.56e-11
2022-11-09, 11:00:36, 8.5e-13, 6.55e-11
2022-11-09, 11:00:41, 9.15e-13, 6.55e-11
2022-11-09, 11:00:45, 8.65e-13, 6.49e-11
2022-11-09, 11:00:49, 8.77e-13, 6.55e-11
2022-11-09, 11:00:53, 9.09e-13, 6.53e-11
2022-11-09, 11:00:58, 9.69e-13, 6.52e-11
2022-11-09, 11:01:02, 8.89e-13, 6.57e-11
2022-11-09, 11:01:06, 1.12e-12, 6.53e-11
2022-11-09, 11:01:10, 8.62e-13, 6.56e-11
2022-11-09, 11:01:14, 8.35e-13, 6.54e-11
2022-11-09, 11:01:19, 8.32e-13, 6.52e-11
2022-11-09, 11:01:23, 9.06e-13, 6.53e-11
2022-11-09, 11:01:27, 8.33e-13, 6.56e-11
2022-11-09, 11:01:31, 9.63e-13, 6.52e-11
2022-11-09, 11:01:36, 8.52e-13, 6.56e-11
2022-11-09, 11:01:40, 8.7e-13, 6.56e-11
2022-11-09, 11:01:44, 9.16e-13, 6.49e-11
2022-11-09, 11:01:48, 9.7e-13, 6.56e-11
2022-11-09, 11:01:52, 8.67e-13, 6.55e-11
2022-11-09, 11:01:57, 9.09e-13, 6.57e-11
2022-11-09, 11:02:01, 9.21e-13, 6.49e-11
2022-11-09, 11:02:05, 7.65e-13, 6.56e-11
2022-11-09, 11:02:09, 8.49e-13, 6.58e-11
2022-11-09, 11:02:14, 8.41e-13, 6.6e-11
2022-11-09, 11:02:18, 8.64e-13, 6.6e-11
2022-11-09, 11:02:22, 8.68e-13, 6.57e-11
2022-11-09, 11:02:26, 8.38e-13, 6.53e-11
2022-11-09, 11:02:30, 1.1e-12, 6.61e-11
2022-11-09, 11:02:35, 8.43e-13, 6.56e-11
2022-11-09, 11:02:39, 8.63e-13, 6.59e-11
2022-11-09, 11:02:43, 8.67e-13, 6.57e-11
2022-11-09, 11:02:47, 8.68e-13, 6.6e-11
2022-11-09, 11:02:52, 8.88e-13, 6.59e-11
2022-11-09, 11:02:56, 8.88e-13, 6.61e-11
2022-11-09, 11:03:00, 8.76e-13, 6.57e-11
2022-11-09, 11:03:04, 8.3e-13, 6.6e-11
2022-11-09, 11:03:08, 8.42e-13, 6.52e-11
2022-11-09, 11:03:13, 9.67e-13, 6.59e-11
2022-11-09, 11:03:17, 8.56e-13, 6.58e-11
2022-11-09, 11:03:21, 9.3e-13, 6.57e-11
2022-11-09, 11:03:25, 8.68e-13, 6.59e-11
2022-11-09, 11:03:30, 8.61e-13, 6.61e-11
2022-11-09, 11:03:34, 9.68e-13, 6.59e-11
2022-11-09, 11:03:38, 8.76e-13, 6.57e-11
2022-11-09, 11:03:42, 9.08e-13, 6.6e-11
2022-11-09, 11:03:46, 9.04e-13, 6.61e-11
2022-11-09, 11:03:51, 8.15e-13, 6.58e-11
2022-11-09, 11:03:55, 1.04e-12, 6.59e-11
2022-11-09, 11:03:59, 9.31e-13, 6.59e-11
2022-11-09, 11:04:03, 8.52e-13, 6.59e-11
2022-11-09, 11:04:07, 9.76e-13, 6.55e-11
2022-11-09, 11:04:12, 9.12e-13, 6.6e-11
2022-11-09, 11:04:16, 8.35e-13, 6.59e-11
2022-11-09, 11:04:20, 1.04e-12, 6.58e-11
2022-11-09, 11:04:24, 8.74e-13, 6.6e-11
2022-11-09, 11:04:29, 8.83e-13, 6.64e-11
2022-11-09, 11:04:33, 8.63e-13, 6.53e-11
2022-11-09, 11:04:37, 1.08e-12, 6.59e-11
2022-11-09, 11:04:41, 9.55e-13, 6.64e-11
2022-11-09, 11:04:45, 9e-13, 6.61e-11
2022-11-09, 11:04:50, 8.59e-13, 6.66e-11
2022-11-09, 11:04:54, 9.22e-13, 6.61e-11
2022-11-09, 11:04:58, 8.73e-13, 6.59e-11
2022-11-09, 11:05:02, 8.19e-13, 6.6e-11
2022-11-09, 11:05:07, 9.1e-13, 6.62e-11
2022-11-09, 11:05:11, 9.01e-13, 6.63e-11
2022-11-09, 11:05:15, 8.57e-13, 6.59e-11
2022-11-09, 11:05:19, 9.04e-13, 6.58e-11
2022-11-09, 11:05:23, 8.98e-13, 6.6e-11
2022-11-09, 11:05:28, 8.51e-13, 6.61e-11
2022-11-09, 11:05:32, 8.6e-13, 6.6e-11
2022-11-09, 11:05:36, 8.17e-13, 6.6e-11
2022-11-09, 11:05:40, 9.22e-13, 6.61e-11
2022-11-09, 11:05:45, 7.99e-13, 6.58e-11
2022-11-09, 11:05:49, 8.75e-13, 6.6e-11
2022-11-09, 11:05:53, 8.94e-13, 6.58e-11
2022-11-09, 11:05:57, 8.58e-13, 6.55e-11
2022-11-09, 11:06:01, 8.85e-13, 6.61e-11
2022-11-09, 11:06:06, 8.89e-13, 6.57e-11
2022-11-09, 11:06:10, 8.81e-13, 6.59e-11
2022-11-09, 11:06:14, 9.21e-13, 6.6e-11
2022-11-09, 11:06:18, 8.85e-13, 6.57e-11
2022-11-09, 11:06:23, 8.23e-13, 6.58e-11
2022-11-09, 11:06:27, 8.29e-13, 6.58e-11
2022-11-09, 11:06:31, 8.81e-13, 6.57e-11
2022-11-09, 11:06:35, 8.44e-13, 6.57e-11
2022-11-09, 11:06:39, 8e-13, 6.58e-11
2022-11-09, 11:06:44, 8.41e-13, 6.57e-11
2022-11-09, 11:06:48, 9.13e-13, 6.56e-11
2022-11-09, 11:06:52, 8.11e-13, 6.55e-11
2022-11-09, 11:06:56, 9.56e-13, 6.55e-11
2022-11-09, 11:07:01, 8.64e-13, 6.56e-11
2022-11-09, 11:07:05, 9.31e-13, 6.5e-11
2022-11-09, 11:07:09, 8.31e-13, 6.56e-11
2022-11-09, 11:07:13, 8.72e-13, 6.56e-11
2022-11-09, 11:07:17, 9.01e-13, 6.55e-11
2022-11-09, 11:07:22, 7.88e-13, 6.58e-11
2022-11-09, 11:07:26, 8.6e-13, 6.61e-11
2022-11-09, 11:07:30, 8.48e-13, 6.54e-11
2022-11-09, 11:07:34, 8.35e-13, 6.58e-11
2022-11-09, 11:07:39, 8.99e-13, 6.58e-11
2022-11-09, 11:07:43, 9.06e-13, 6.57e-11
2022-11-09, 11:07:47, 8.89e-13, 6.48e-11
2022-11-09, 11:07:51, 8.43e-13, 6.56e-11
2022-11-09, 11:07:55, 7.96e-13, 6.59e-11
2022-11-09, 11:08:00, 8.61e-13, 6.52e-11
2022-11-09, 11:08:04, 8.82e-13, 6.56e-11
2022-11-09, 11:08:08, 8.69e-13, 6.55e-11
2022-11-09, 11:08:12, 8.83e-13, 6.57e-11
2022-11-09, 11:08:17, 8.61e-13, 6.56e-11
2022-11-09, 11:08:21, 8.88e-13, 6.55e-11
2022-11-09, 11:08:25, 8.71e-13, 6.57e-11
2022-11-09, 11:08:29, 8.22e-13, 6.55e-11
2022-11-09, 11:08:33, 8.31e-13, 6.56e-11
2022-11-09, 11:08:38, 9.77e-13, 6.56e-11
2022-11-09, 11:08:42, 8.95e-13, 6.56e-11
2022-11-09, 11:08:46, 8.26e-13, 6.56e-11
2022-11-09, 11:08:50, 9.62e-13, 6.6e-11
2022-11-09, 11:08:54, 9.13e-13, 6.62e-11
2022-11-09, 11:08:59, 8.71e-13, 6.58e-11
2022-11-09, 11:09:03, 8.74e-13, 6.58e-11
2022-11-09, 11:09:07, 8.14e-13, 6.57e-11
2022-11-09, 11:09:11, 8.41e-13, 6.58e-11
2022-11-09, 11:09:16, 8.01e-13, 6.55e-11
2022-11-09, 11:09:20, 8.63e-13, 6.56e-11
2022-11-09, 11:09:24, 8.13e-13, 6.58e-11
2022-11-09, 11:09:28, 8.33e-13, 6.57e-11
2022-11-09, 11:09:32, 8.64e-13, 6.57e-11
2022-11-09, 11:09:37, 8e-13, 6.58e-11
2022-11-09, 11:09:41, 8.19e-13, 6.51e-11
2022-11-09, 11:09:45, 8.92e-13, 6.53e-11
2022-11-09, 11:09:49, 8.94e-13, 6.55e-11
2022-11-09, 11:09:54, 8.91e-13, 6.58e-11
2022-11-09, 11:09:58, 7.56e-13, 6.57e-11
2022-11-09, 11:10:02, 8.2e-13, 6.53e-11
2022-11-09, 11:10:06, 9.37e-13, 6.53e-11
2022-11-09, 11:10:10, 8.78e-13, 6.55e-11
2022-11-09, 11:10:15, 9.15e-13, 6.54e-11
2022-11-09, 11:10:19, 8.84e-13, 6.57e-11
2022-11-09, 11:10:23, 9.46e-13, 6.53e-11
2022-11-09, 11:10:27, 9.58e-13, 6.58e-11
2022-11-09, 11:10:32, 8.29e-13, 6.54e-11
2022-11-09, 11:10:36, 8.28e-13, 6.52e-11
2022-11-09, 11:10:40, 9.38e-13, 6.53e-11
2022-11-09, 11:10:44, 8.16e-13, 6.57e-11
2022-11-09, 11:10:48, 9.66e-13, 6.57e-11
2022-11-09, 11:10:53, 7.92e-13, 6.55e-11
2022-11-09, 11:10:57, 8.73e-13, 6.55e-11
2022-11-09, 11:11:01, 8.6e-13, 6.56e-11
2022-11-09, 11:11:05, 6.88e-13, 6.55e-11
2022-11-09, 11:11:10, 8.78e-13, 6.56e-11
2022-11-09, 11:11:14, 8.52e-13, 6.53e-11
2022-11-09, 11:11:18, 7.74e-13, 6.55e-11
2022-11-09, 11:11:22, 9.71e-13, 6.47e-11
2022-11-09, 11:11:26, 8.9e-13, 6.52e-11
2022-11-09, 11:11:31, 8.46e-13, 6.54e-11
2022-11-09, 11:11:35, 9.94e-13, 6.56e-11
2022-11-09, 11:11:39, 8.6e-13, 6.55e-11
2022-11-09, 11:11:43, 8.36e-13, 6.56e-11
2022-11-09, 11:11:48, 9.74e-13, 6.56e-11
2022-11-09, 11:11:52, 9.41e-13, 6.57e-11
2022-11-09, 11:11:56, 8.77e-13, 6.55e-11
2022-11-09, 11:12:00, 8.97e-13, 6.56e-11
2022-11-09, 11:12:04, 8.27e-13, 6.56e-11
2022-11-09, 11:12:09, 8.56e-13, 6.56e-11
2022-11-09, 11:12:13, 8.07e-13, 6.57e-11
2022-11-09, 11:12:17, 8.99e-13, 6.57e-11
2022-11-09, 11:12:21, 8.54e-13, 6.54e-11
2022-11-09, 11:12:26, 8.63e-13, 6.55e-11
2022-11-09, 11:12:30, 9.19e-13, 6.49e-11
2022-11-09, 11:12:34, 8.68e-13, 6.58e-11
2022-11-09, 11:12:38, 8.83e-13, 6.54e-11
2022-11-09, 11:12:42, 8.07e-13, 6.55e-11
2022-11-09, 11:12:47, 8.44e-13, 6.53e-11
2022-11-09, 11:12:51, 8.78e-13, 6.55e-11
2022-11-09, 11:12:55, 8.98e-13, 6.52e-11
2022-11-09, 11:12:59, 9.96e-13, 6.56e-11
2022-11-09, 11:13:03, 8.73e-13, 6.54e-11
2022-11-09, 11:13:08, 8.09e-13, 6.59e-11
2022-11-09, 11:13:12, 9.12e-13, 6.56e-11
2022-11-09, 11:13:16, 9.41e-13, 6.56e-11
2022-11-09, 11:13:20, 8.2e-13, 6.58e-11
2022-11-09, 11:13:25, 8.33e-13, 6.51e-11
2022-11-09, 11:13:29, 7.64e-13, 6.59e-11
2022-11-09, 11:13:33, 8.6e-13, 6.53e-11
2022-11-09, 11:13:37, 9.13e-13, 6.58e-11
2022-11-09, 11:13:41, 9.01e-13, 6.56e-11
2022-11-09, 11:13:46, 8.75e-13, 6.52e-11
2022-11-09, 11:13:50, 9.06e-13, 6.55e-11
2022-11-09, 11:13:54, 9.19e-13, 6.54e-11
2022-11-09, 11:13:58, 8.53e-13, 6.56e-11
2022-11-09, 11:14:03, 8.48e-13, 6.57e-11
2022-11-09, 11:14:07, 8.77e-13, 6.55e-11
2022-11-09, 11:14:11, 8.43e-13, 6.56e-11
2022-11-09, 11:14:15, 8.43e-13, 6.52e-11
2022-11-09, 11:14:19, 8.41e-13, 6.58e-11
2022-11-09, 11:14:24, 8.58e-13, 6.53e-11
2022-11-09, 11:14:28, 8.97e-13, 6.56e-11
2022-11-09, 11:14:32, 8.88e-13, 6.56e-11
2022-11-09, 11:14:36, 8.39e-13, 6.54e-11
2022-11-09, 11:14:41, 1.02e-12, 6.59e-11
2022-11-09, 11:14:45, 9.4e-13, 6.58e-11
2022-11-09, 11:14:49, 8.88e-13, 6.56e-11
2022-11-09, 11:14:53, 8.38e-13, 6.59e-11
2022-11-09, 11:14:57, 9.05e-13, 6.56e-11
2022-11-09, 11:15:02, 8.99e-13, 6.52e-11
2022-11-09, 11:15:06, 8.82e-13, 6.57e-11
2022-11-09, 11:15:10, 8.88e-13, 6.55e-11
2022-11-09, 11:15:14, 8.69e-13, 6.54e-11
2022-11-09, 11:15:19, 8.78e-13, 6.57e-11
2022-11-09, 11:15:23, 8.62e-13, 6.56e-11
2022-11-09, 11:15:27, 8.78e-13, 6.59e-11
2022-11-09, 11:15:31, 8.92e-13, 6.55e-11
2022-11-09, 11:15:35, 8.46e-13, 6.56e-11
2022-11-09, 11:15:40, 9.22e-13, 6.51e-11
2022-11-09, 11:15:44, 8.6e-13, 6.57e-11
2022-11-09, 11:15:48, 8.73e-13, 6.58e-11
2022-11-09, 11:15:52, 8.97e-13, 6.52e-11
2022-11-09, 11:15:57, 8.13e-13, 6.57e-11
2022-11-09, 11:16:01, 7.08e-13, 6.54e-11
2022-11-09, 11:16:05, 9.17e-13, 6.54e-11
2022-11-09, 11:16:09, 8.84e-13, 6.54e-11
2022-11-09, 11:16:13, 9.12e-13, 6.48e-11
2022-11-09, 11:16:18, 9.54e-13, 6.56e-11
2022-11-09, 11:16:22, 9e-13, 6.56e-11
2022-11-09, 11:16:26, 8.41e-13, 6.55e-11
2022-11-09, 11:16:30, 8.77e-13, 6.55e-11
2022-11-09, 11:16:34, 8.55e-13, 6.55e-11
2022-11-09, 11:16:39, 9.82e-13, 6.54e-11
2022-11-09, 11:16:43, 8.37e-13, 6.53e-11
2022-11-09, 11:16:47, 8.31e-13, 6.52e-11
2022-11-09, 11:16:51, 8.4e-13, 6.52e-11
2022-11-09, 11:16:56, 8.79e-13, 6.53e-11
2022-11-09, 11:17:00, 8.71e-13, 6.57e-11
2022-11-09, 11:17:04, 8.93e-13, 6.56e-11
2022-11-09, 11:17:08, 8.19e-13, 6.55e-11
2022-11-09, 11:17:12, 8.95e-13, 6.55e-11
2022-11-09, 11:17:17, 8.85e-13, 6.53e-11
2022-11-09, 11:17:21, 9.61e-13, 6.55e-11
2022-11-09, 11:17:25, 8.83e-13, 6.54e-11
2022-11-09, 11:17:29, 8.61e-13, 6.55e-11
2022-11-09, 11:17:34, 9.07e-13, 6.56e-11
2022-11-09, 11:17:38, 9.69e-13, 6.56e-11
2022-11-09, 11:17:42, 7.19e-13, 6.59e-11
2022-11-09, 11:17:46, 8.9e-13, 6.56e-11
2022-11-09, 11:17:50, 7.84e-13, 6.51e-11
2022-11-09, 11:17:55, 8.96e-13, 6.55e-11
2022-11-09, 11:17:59, 8.7e-13, 6.58e-11
2022-11-09, 11:18:03, 9.32e-13, 6.57e-11
2022-11-09, 11:18:07, 8.34e-13, 6.57e-11
2022-11-09, 11:18:12, 8.62e-13, 6.58e-11
2022-11-09, 11:18:16, 8.94e-13, 6.54e-11
2022-11-09, 11:18:20, 8.87e-13, 6.54e-11
2022-11-09, 11:18:24, 8.64e-13, 6.57e-11
2022-11-09, 11:18:28, 9.39e-13, 6.58e-11
2022-11-09, 11:18:33, 7.48e-13, 6.56e-11
2022-11-09, 11:18:37, 9.15e-13, 6.53e-11
2022-11-09, 11:18:41, 8.41e-13, 6.54e-11
2022-11-09, 11:18:45, 8.68e-13, 6.57e-11
2022-11-09, 11:18:50, 9.07e-13, 6.55e-11
2022-11-09, 11:18:54, 8.88e-13, 6.58e-11
2022-11-09, 11:18:58, 8.37e-13, 6.58e-11
2022-11-09, 11:19:02, 9.02e-13, 6.56e-11
2022-11-09, 11:19:06, 8.94e-13, 6.56e-11
2022-11-09, 11:19:11, 8.69e-13, 6.55e-11
2022-11-09, 11:19:15, 8.91e-13, 6.57e-11
2022-11-09, 11:19:19, 8.55e-13, 6.56e-11
2022-11-09, 11:19:23, 8.78e-13, 6.58e-11
2022-11-09, 11:19:27, 8.57e-13, 6.57e-11
2022-11-09, 11:19:32, 8.87e-13, 6.59e-11
2022-11-09, 11:19:36, 8.45e-13, 6.53e-11
2022-11-09, 11:19:40, 8.73e-13, 6.56e-11
2022-11-09, 11:19:44, 8.29e-13, 6.57e-11
2022-11-09, 11:19:49, 9.14e-13, 6.54e-11
2022-11-09, 11:19:53, 7.59e-13, 6.54e-11
2022-11-09, 11:19:57, 8.83e-13, 6.55e-11
2022-11-09, 11:20:01, 8.51e-13, 6.56e-11
2022-11-09, 11:20:05, 8.98e-13, 6.56e-11
2022-11-09, 11:20:10, 8.15e-13, 6.58e-11
2022-11-09, 11:20:14, 8.96e-13, 6.57e-11
2022-11-09, 11:20:18, 8.58e-13, 6.57e-11
2022-11-09, 11:20:22, 9.08e-13, 6.56e-11
2022-11-09, 11:20:27, 8.41e-13, 6.55e-11
2022-11-09, 11:20:31, 8.56e-13, 6.56e-11
2022-11-09, 11:20:35, 8.55e-13, 6.57e-11
2022-11-09, 11:20:39, 8.75e-13, 6.56e-11
2022-11-09, 11:20:43, 8.44e-13, 6.55e-11
2022-11-09, 11:20:48, 8.29e-13, 6.56e-11
2022-11-09, 11:20:52, 8.71e-13, 6.56e-11
2022-11-09, 11:20:56, 8.36e-13, 6.56e-11
2022-11-09, 11:21:00, 9.06e-13, 6.55e-11
2022-11-09, 11:21:05, 8.23e-13, 6.57e-11
2022-11-09, 11:21:09, 8.9e-13, 6.56e-11
2022-11-09, 11:21:13, 8.31e-13, 6.56e-11
2022-11-09, 11:21:17, 8.51e-13, 6.56e-11
2022-11-09, 11:21:21, 8.87e-13, 6.56e-11
2022-11-09, 11:21:26, 8.38e-13, 6.55e-11
2022-11-09, 11:21:30, 9.23e-13, 6.56e-11
2022-11-09, 11:21:34, 9.09e-13, 6.54e-11
2022-11-09, 11:21:38, 7.67e-13, 6.53e-11
2022-11-09, 11:21:43, 8.31e-13, 6.5e-11
2022-11-09, 11:21:47, 8.58e-13, 6.51e-11
2022-11-09, 11:21:51, 9.42e-13, 6.54e-11
2022-11-09, 11:21:55, 8.63e-13, 6.52e-11
2022-11-09, 11:21:59, 8.58e-13, 6.51e-11
2022-11-09, 11:22:04, 8.82e-13, 6.55e-11
2022-11-09, 11:22:08, 9.66e-13, 6.49e-11
2022-11-09, 11:22:12, 9.04e-13, 6.53e-11
2022-11-09, 11:22:16, 8.56e-13, 6.54e-11
2022-11-09, 11:22:21, 9.03e-13, 6.54e-11
2022-11-09, 11:22:25, 8.66e-13, 6.55e-11
2022-11-09, 11:22:29, 8.48e-13, 6.52e-11
2022-11-09, 11:22:33, 8.33e-13, 6.55e-11
2022-11-09, 11:22:37, 7.36e-13, 6.56e-11
2022-11-09, 11:22:42, 8.97e-13, 6.57e-11
2022-11-09, 11:22:46, 8.66e-13, 6.55e-11
2022-11-09, 11:22:50, 8.75e-13, 6.55e-11
2022-11-09, 11:22:54, 9.22e-13, 6.51e-11
2022-11-09, 11:22:59, 9.75e-13, 6.55e-11
2022-11-09, 11:23:03, 8.3e-13, 6.55e-11
2022-11-09, 11:23:07, 8.64e-13, 6.55e-11
2022-11-09, 11:23:11, 8.39e-13, 6.58e-11
2022-11-09, 11:23:15, 9.03e-13, 6.55e-11
2022-11-09, 11:23:20, 8.77e-13, 6.55e-11
2022-11-09, 11:23:24, 8.65e-13, 6.53e-11
2022-11-09, 11:23:28, 9.09e-13, 6.5e-11
2022-11-09, 11:23:32, 8.53e-13, 6.5e-11
2022-11-09, 11:23:37, 8.76e-13, 6.57e-11
2022-11-09, 11:23:41, 8.56e-13, 6.57e-11
2022-11-09, 11:23:45, 8.32e-13, 6.57e-11
2022-11-09, 11:23:49, 8.28e-13, 6.58e-11
2022-11-09, 11:23:53, 7.76e-13, 6.55e-11
2022-11-09, 11:23:58, 8.41e-13, 6.59e-11
2022-11-09, 11:24:02, 8.99e-13, 6.56e-11
2022-11-09, 11:24:06, 9.25e-13, 6.58e-11
2022-11-09, 11:24:10, 8.83e-13, 6.6e-11
2022-11-09, 11:24:15, 9.42e-13, 6.58e-11
2022-11-09, 11:24:19, 9.69e-13, 6.53e-11
2022-11-09, 11:24:23, 8.67e-13, 6.59e-11
2022-11-09, 11:24:27, 8.03e-13, 6.53e-11
2022-11-09, 11:24:31, 8.76e-13, 6.58e-11
2022-11-09, 11:24:36, 8.46e-13, 6.57e-11
2022-11-09, 11:24:40, 8.72e-13, 6.6e-11
2022-11-09, 11:24:44, 8.74e-13, 6.56e-11
2022-11-09, 11:24:48, 9.42e-13, 6.61e-11
2022-11-09, 11:24:53, 8.83e-13, 6.61e-11
2022-11-09, 11:24:57, 9.31e-13, 6.58e-11
2022-11-09, 11:25:01, 9.39e-13, 6.57e-11
2022-11-09, 11:25:05, 9.14e-13, 6.55e-11
2022-11-09, 11:25:09, 9.04e-13, 6.57e-11
2022-11-09, 11:25:14, 8.22e-13, 6.56e-11
2022-11-09, 11:25:18, 8.73e-13, 6.56e-11
2022-11-09, 11:25:22, 8.42e-13, 6.56e-11
2022-11-09, 11:25:26, 9.34e-13, 6.53e-11
2022-11-09, 11:25:30, 9.16e-13, 6.58e-11
2022-11-09, 11:25:35, 8.85e-13, 6.57e-11
2022-11-09, 11:25:39, 8.44e-13, 6.56e-11
2022-11-09, 11:25:43, 8.42e-13, 6.56e-11
2022-11-09, 11:25:47, 8.56e-13, 6.59e-11
2022-11-09, 11:25:52, 8.39e-13, 6.57e-11
2022-11-09, 11:25:56, 9.11e-13, 6.61e-11
2022-11-09, 11:26:00, 8.47e-13, 6.56e-11
2022-11-09, 11:26:04, 8.49e-13, 6.56e-11
2022-11-09, 11:26:08, 8.45e-13, 6.54e-11
2022-11-09, 11:26:13, 8.22e-13, 6.54e-11
2022-11-09, 11:26:17, 8.42e-13, 6.54e-11
2022-11-09, 11:26:21, 8.89e-13, 6.53e-11
2022-11-09, 11:26:25, 9e-13, 6.56e-11
2022-11-09, 11:26:30, 8.75e-13, 6.54e-11
2022-11-09, 11:26:34, 8.99e-13, 6.55e-11
2022-11-09, 11:26:38, 9.2e-13, 6.55e-11
2022-11-09, 11:26:42, 8.64e-13, 6.55e-11
2022-11-09, 11:26:46, 8.61e-13, 6.56e-11
2022-11-09, 11:26:51, 9.14e-13, 6.56e-11
2022-11-09, 11:26:55, 8.81e-13, 6.56e-11
2022-11-09, 11:26:59, 8.54e-13, 6.53e-11
2022-11-09, 11:27:03, 9.29e-13, 6.56e-11
2022-11-09, 11:27:08, 8.75e-13, 6.56e-11
2022-11-09, 11:27:12, 8.78e-13, 6.48e-11
2022-11-09, 11:27:16, 1.04e-12, 6.49e-11
2022-11-09, 11:27:20, 9.17e-13, 6.49e-11
2022-11-09, 11:27:24, 7.91e-13, 6.51e-11
2022-11-09, 11:27:29, 8.34e-13, 6.54e-11
2022-11-09, 11:27:33, 8.74e-13, 6.54e-11
2022-11-09, 11:27:37, 8.96e-13, 6.56e-11
2022-11-09, 11:27:41, 8.11e-13, 6.58e-11
2022-11-09, 11:27:46, 9.41e-13, 6.54e-11
2022-11-09, 11:27:50, 8.78e-13, 6.56e-11
2022-11-09, 11:27:54, 8.93e-13, 6.55e-11
2022-11-09, 11:27:58, 8.59e-13, 6.58e-11
2022-11-09, 11:28:02, 8.57e-13, 6.55e-11
2022-11-09, 11:28:07, 8.98e-13, 6.56e-11
2022-11-09, 11:28:11, 9.02e-13, 6.53e-11
2022-11-09, 11:28:15, 8.67e-13, 6.56e-11
2022-11-09, 11:28:19, 8.23e-13, 6.56e-11
2022-11-09, 11:28:24, 8.23e-13, 6.59e-11
2022-11-09, 11:28:28, 8.39e-13, 6.59e-11
2022-11-09, 11:28:32, 1.01e-12, 6.6e-11
2022-11-09, 11:28:36, 1.04e-12, 6.56e-11
2022-11-09, 11:28:40, 8.7e-13, 6.6e-11
2022-11-09, 11:28:45, 8.63e-13, 6.53e-11
2022-11-09, 11:28:49, 8.77e-13, 6.57e-11
2022-11-09, 11:28:53, 8.46e-13, 6.58e-11
2022-11-09, 11:28:57, 8.93e-13, 6.58e-11
2022-11-09, 11:29:02, 8.87e-13, 6.56e-11
2022-11-09, 11:29:06, 8.7e-13, 6.56e-11
2022-11-09, 11:29:10, 8.49e-13, 6.58e-11
2022-11-09, 11:29:14, 8.72e-13, 6.57e-11
2022-11-09, 11:29:18, 8.89e-13, 6.6e-11
2022-11-09, 11:29:23, 9.39e-13, 6.58e-11
2022-11-09, 11:29:27, 8.4e-13, 6.58e-11
2022-11-09, 11:29:31, 8.34e-13, 6.56e-11
2022-11-09, 11:29:35, 8.61e-13, 6.59e-11
2022-11-09, 11:29:40, 9.03e-13, 6.58e-11
2022-11-09, 11:29:44, 8.92e-13, 6.58e-11
2022-11-09, 11:29:48, 8.74e-13, 6.54e-11
2022-11-09, 11:29:52, 9.02e-13, 6.52e-11
2022-11-09, 11:29:56, 8.67e-13, 6.59e-11
2022-11-09, 11:30:01, 7.7e-13, 6.57e-11
2022-11-09, 11:30:05, 8.62e-13, 6.57e-11
2022-11-09, 11:30:09, 9.11e-13, 6.57e-11
2022-11-09, 11:30:13, 8.54e-13, 6.54e-11
2022-11-09, 11:30:18, 8.94e-13, 6.55e-11
2022-11-09, 11:30:22, 8.65e-13, 6.53e-11
2022-11-09, 11:30:26, 9.26e-13, 6.55e-11
2022-11-09, 11:30:30, 8.97e-13, 6.57e-11
2022-11-09, 11:30:34, 8.22e-13, 6.54e-11
2022-11-09, 11:30:39, 9.17e-13, 6.56e-11
2022-11-09, 11:30:43, 8.63e-13, 6.55e-11
2022-11-09, 11:30:47, 8.61e-13, 6.55e-11
2022-11-09, 11:30:51, 9.26e-13, 6.59e-11
2022-11-09, 11:30:55, 8.49e-13, 6.56e-11
2022-11-09, 11:31:00, 9.05e-13, 6.56e-11
2022-11-09, 11:31:04, 8.62e-13, 6.53e-11
2022-11-09, 11:31:08, 8.87e-13, 6.56e-11
2022-11-09, 11:31:12, 8.78e-13, 6.54e-11
2022-11-09, 11:31:17, 8.9e-13, 6.55e-11
2022-11-09, 11:31:21, 8.74e-13, 6.52e-11
2022-11-09, 11:31:25, 8.8e-13, 6.54e-11
2022-11-09, 11:31:29, 7.45e-13, 6.57e-11
2022-11-09, 11:31:33, 8.75e-13, 6.58e-11
2022-11-09, 11:31:38, 8.67e-13, 6.52e-11
2022-11-09, 11:31:42, 9.42e-13, 6.49e-11
2022-11-09, 11:31:46, 8.71e-13, 6.49e-11
2022-11-09, 11:31:50, 8.01e-13, 6.49e-11
2022-11-09, 11:31:55, 8.76e-13, 6.48e-11
2022-11-09, 11:31:59, 8.98e-13, 6.54e-11
2022-11-09, 11:32:03, 8.54e-13, 6.54e-11
2022-11-09, 11:32:07, 8.68e-13, 6.56e-11
2022-11-09, 11:32:11, 8.88e-13, 6.53e-11
2022-11-09, 11:32:16, 9.43e-13, 6.54e-11
2022-11-09, 11:32:20, 8.54e-13, 6.53e-11
2022-11-09, 11:32:24, 8.05e-13, 6.51e-11
2022-11-09, 11:32:28, 8.98e-13, 6.55e-11
2022-11-09, 11:32:33, 8.63e-13, 6.58e-11
2022-11-09, 11:32:37, 9.02e-13, 6.56e-11
2022-11-09, 11:32:41, 8.71e-13, 6.56e-11
2022-11-09, 11:32:45, 9.16e-13, 6.57e-11
2022-11-09, 11:32:49, 8.52e-13, 6.56e-11
2022-11-09, 11:32:54, 8.5e-13, 6.53e-11
2022-11-09, 11:32:58, 8.3e-13, 6.57e-11
2022-11-09, 11:33:02, 8.87e-13, 6.58e-11
2022-11-09, 11:33:06, 9.16e-13, 6.57e-11
2022-11-09, 11:33:11, 9.31e-13, 6.55e-11
2022-11-09, 11:33:15, 9.07e-13, 6.56e-11
2022-11-09, 11:33:19, 8.97e-13, 6.57e-11
2022-11-09, 11:33:23, 8.09e-13, 6.57e-11
2022-11-09, 11:33:27, 9.31e-13, 6.56e-11
2022-11-09, 11:33:32, 8.98e-13, 6.58e-11
2022-11-09, 11:33:36, 8.34e-13, 6.52e-11
2022-11-09, 11:33:40, 9.15e-13, 6.56e-11
2022-11-09, 11:33:44, 8.58e-13, 6.57e-11
2022-11-09, 11:33:49, 8.42e-13, 6.52e-11
2022-11-09, 11:33:53, 9.11e-13, 6.57e-11
2022-11-09, 11:33:57, 9.32e-13, 6.59e-11
2022-11-09, 11:34:01, 8.96e-13, 6.57e-11
2022-11-09, 11:34:05, 8.65e-13, 6.49e-11
2022-11-09, 11:34:10, 8.74e-13, 6.56e-11
2022-11-09, 11:34:14, 9.53e-13, 6.54e-11
2022-11-09, 11:34:18, 9.21e-13, 6.55e-11
2022-11-09, 11:34:22, 8.64e-13, 6.56e-11
2022-11-09, 11:34:27, 8.22e-13, 6.56e-11
2022-11-09, 11:34:31, 8.47e-13, 6.56e-11
2022-11-09, 11:34:35, 8.57e-13, 6.54e-11
2022-11-09, 11:34:39, 1.03e-12, 6.59e-11
2022-11-09, 11:34:43, 8.74e-13, 6.56e-11
2022-11-09, 11:34:48, 8.46e-13, 6.55e-11
2022-11-09, 11:34:52, 8.65e-13, 6.57e-11
2022-11-09, 11:34:56, 8.7e-13, 6.57e-11
2022-11-09, 11:35:00, 8.72e-13, 6.54e-11
2022-11-09, 11:35:05, 8.79e-13, 6.55e-11
2022-11-09, 11:35:09, 8.9e-13, 6.59e-11
2022-11-09, 11:35:13, 8.6e-13, 6.56e-11
2022-11-09, 11:35:17, 8.33e-13, 6.55e-11
2022-11-09, 11:35:21, 8.57e-13, 6.56e-11
2022-11-09, 11:35:26, 9.01e-13, 6.58e-11
2022-11-09, 11:35:30, 8.8e-13, 6.6e-11
2022-11-09, 11:35:34, 8.91e-13, 6.59e-11
2022-11-09, 11:35:38, 8.36e-13, 6.59e-11
2022-11-09, 11:35:43, 9.12e-13, 6.6e-11
2022-11-09, 11:35:47, 7.67e-13, 6.62e-11
2022-11-09, 11:35:51, 8.83e-13, 6.52e-11
2022-11-09, 11:35:55, 8.55e-13, 6.57e-11
2022-11-09, 11:35:59, 8.38e-13, 6.57e-11
2022-11-09, 11:36:04, 8.18e-13, 6.58e-11
2022-11-09, 11:36:08, 8.72e-13, 6.58e-11
2022-11-09, 11:36:12, 8.6e-13, 6.48e-11
2022-11-09, 11:36:16, 8.69e-13, 6.55e-11
2022-11-09, 11:36:21, 8.66e-13, 6.56e-11
2022-11-09, 11:36:25, 8.72e-13, 6.57e-11
2022-11-09, 11:36:29, 9.23e-13, 6.61e-11
2022-11-09, 11:36:33, 8.73e-13, 6.6e-11
2022-11-09, 11:36:37, 8.34e-13, 6.57e-11
2022-11-09, 11:36:42, 8.26e-13, 6.6e-11
2022-11-09, 11:36:46, 9.01e-13, 6.55e-11
2022-11-09, 11:36:50, 8.42e-13, 6.57e-11
2022-11-09, 11:36:54, 8.35e-13, 6.56e-11
2022-11-09, 11:36:59, 7.49e-13, 6.57e-11
2022-11-09, 11:37:03, 8.6e-13, 6.58e-11
2022-11-09, 11:37:07, 9.17e-13, 6.5e-11
2022-11-09, 11:37:11, 8.95e-13, 6.59e-11
2022-11-09, 11:37:15, 9.91e-13, 6.57e-11
2022-11-09, 11:37:20, 9.06e-13, 6.6e-11
2022-11-09, 11:37:24, 8.45e-13, 6.58e-11
2022-11-09, 11:37:28, 8.95e-13, 6.53e-11
2022-11-09, 11:37:32, 8.8e-13, 6.56e-11
2022-11-09, 11:37:37, 8.19e-13, 6.55e-11
2022-11-09, 11:37:41, 8.74e-13, 6.56e-11
2022-11-09, 11:37:45, 8.36e-13, 6.56e-11
2022-11-09, 11:37:49, 7.58e-13, 6.56e-11
2022-11-09, 11:37:53, 8.92e-13, 6.55e-11
2022-11-09, 11:37:58, 8.16e-13, 6.59e-11
2022-11-09, 11:38:02, 9.84e-13, 6.57e-11
2022-11-09, 11:38:06, 1.01e-12, 6.59e-11
2022-11-09, 11:38:10, 8.64e-13, 6.53e-11
2022-11-09, 11:38:14, 8.54e-13, 6.57e-11
2022-11-09, 11:38:19, 7.58e-13, 6.52e-11
2022-11-09, 11:38:23, 8.15e-13, 6.53e-11
2022-11-09, 11:38:27, 8.81e-13, 6.55e-11
2022-11-09, 11:38:31, 8.54e-13, 6.55e-11
2022-11-09, 11:38:36, 8.55e-13, 6.56e-11
2022-11-09, 11:38:40, 8.83e-13, 6.57e-11
2022-11-09, 11:38:44, 8.2e-13, 6.58e-11
2022-11-09, 11:38:48, 8.32e-13, 6.58e-11
2022-11-09, 11:38:52, 8.82e-13, 6.57e-11
2022-11-09, 11:38:57, 9.14e-13, 6.56e-11
2022-11-09, 11:39:01, 9.24e-13, 6.59e-11
2022-11-09, 11:39:05, 8.58e-13, 6.57e-11
2022-11-09, 11:39:09, 8.96e-13, 6.53e-11
2022-11-09, 11:39:14, 8.57e-13, 6.57e-11
2022-11-09, 11:39:18, 8.87e-13, 6.55e-11
2022-11-09, 11:39:22, 8.54e-13, 6.58e-11
2022-11-09, 11:39:26, 8.74e-13, 6.58e-11
2022-11-09, 11:39:30, 8.71e-13, 6.59e-11
2022-11-09, 11:39:35, 8.52e-13, 6.59e-11
2022-11-09, 11:39:39, 8.75e-13, 6.58e-11
2022-11-09, 11:39:43, 8.77e-13, 6.56e-11
2022-11-09, 11:39:47, 8.26e-13, 6.57e-11
2022-11-09, 11:39:52, 8.52e-13, 6.56e-11
2022-11-09, 11:39:56, 9.21e-13, 6.55e-11
2022-11-09, 11:40:00, 9.23e-13, 6.58e-11
2022-11-09, 11:40:04, 8.01e-13, 6.56e-11
2022-11-09, 11:40:08, 8.88e-13, 6.56e-11
2022-11-09, 11:40:13, 8.77e-13, 6.54e-11
2022-11-09, 11:40:17, 8.38e-13, 6.57e-11
2022-11-09, 11:40:21, 9.03e-13, 6.57e-11
2022-11-09, 11:40:25, 8.84e-13, 6.56e-11
2022-11-09, 11:40:30, 8.41e-13, 6.57e-11
2022-11-09, 11:40:34, 8.61e-13, 6.58e-11
2022-11-09, 11:40:38, 8.8e-13, 6.59e-11
2022-11-09, 11:40:42, 9.17e-13, 6.58e-11
2022-11-09, 11:40:46, 8.23e-13, 6.55e-11
2022-11-09, 11:40:51, 9.25e-13, 6.57e-11
2022-11-09, 11:40:55, 1.08e-12, 6.57e-11
2022-11-09, 11:40:59, 8.86e-13, 6.57e-11
2022-11-09, 11:41:03, 8.93e-13, 6.61e-11
2022-11-09, 11:41:08, 8.73e-13, 6.6e-11
2022-11-09, 11:41:12, 8.78e-13, 6.6e-11
2022-11-09, 11:41:16, 9.58e-13, 6.55e-11
2022-11-09, 11:41:20, 9.06e-13, 6.58e-11
2022-11-09, 11:41:24, 8.26e-13, 6.55e-11
2022-11-09, 11:41:29, 9.57e-13, 6.59e-11
2022-11-09, 11:41:33, 8.2e-13, 6.55e-11
2022-11-09, 11:41:37, 9.13e-13, 6.53e-11
2022-11-09, 11:41:41, 8.34e-13, 6.59e-11
2022-11-09, 11:41:46, 8.31e-13, 6.56e-11
2022-11-09, 11:41:50, 8.93e-13, 6.59e-11
2022-11-09, 11:41:54, 8.19e-13, 6.57e-11
2022-11-09, 11:41:58, 9.09e-13, 6.57e-11
2022-11-09, 11:42:02, 8.47e-13, 6.57e-11
2022-11-09, 11:42:07, 8.43e-13, 6.54e-11
2022-11-09, 11:42:11, 9.78e-13, 6.55e-11
2022-11-09, 11:42:15, 8.46e-13, 6.52e-11
2022-11-09, 11:42:19, 8.83e-13, 6.55e-11
2022-11-09, 11:42:24, 8.64e-13, 6.56e-11
2022-11-09, 11:42:28, 9.08e-13, 6.54e-11
2022-11-09, 11:42:32, 8.85e-13, 6.55e-11
2022-11-09, 11:42:36, 8.5e-13, 6.54e-11
2022-11-09, 11:42:40, 8.75e-13, 6.59e-11
2022-11-09, 11:42:45, 8.59e-13, 6.6e-11
2022-11-09, 11:42:49, 8.73e-13, 6.55e-11
2022-11-09, 11:42:53, 8.51e-13, 6.6e-11
2022-11-09, 11:42:57, 8.76e-13, 6.61e-11
2022-11-09, 11:43:02, 9.43e-13, 6.59e-11
2022-11-09, 11:43:06, 9.01e-13, 6.56e-11
2022-11-09, 11:43:10, 8.61e-13, 6.53e-11
2022-11-09, 11:43:14, 8.84e-13, 6.54e-11
2022-11-09, 11:43:18, 8.03e-13, 6.58e-11
2022-11-09, 11:43:23, 9.96e-13, 6.55e-11
2022-11-09, 11:43:27, 8.55e-13, 6.58e-11
2022-11-09, 11:43:31, 8.72e-13, 6.58e-11
2022-11-09, 11:43:35, 8.92e-13, 6.57e-11
2022-11-09, 11:43:40, 8.32e-13, 6.55e-11
2022-11-09, 11:43:44, 9.04e-13, 6.57e-11
2022-11-09, 11:43:48, 8.65e-13, 6.61e-11
2022-11-09, 11:43:52, 8.01e-13, 6.58e-11
2022-11-09, 11:43:56, 8.57e-13, 6.6e-11
2022-11-09, 11:44:01, 9.14e-13, 6.53e-11
2022-11-09, 11:44:05, 8.83e-13, 6.59e-11
2022-11-09, 11:44:09, 8.58e-13, 6.58e-11
2022-11-09, 11:44:13, 8.96e-13, 6.56e-11
2022-11-09, 11:44:18, 9e-13, 6.58e-11
2022-11-09, 11:44:22, 8.75e-13, 6.57e-11
2022-11-09, 11:44:26, 8.49e-13, 6.6e-11
2022-11-09, 11:44:30, 1.03e-12, 6.6e-11
2022-11-09, 11:44:34, 9.41e-13, 6.59e-11
2022-11-09, 11:44:39, 8.41e-13, 6.55e-11
2022-11-09, 11:44:43, 8.38e-13, 6.6e-11
2022-11-09, 11:44:47, 1.06e-12, 6.58e-11
2022-11-09, 11:44:51, 8.1e-13, 6.57e-11
2022-11-09, 11:44:56, 8.7e-13, 6.58e-11
2022-11-09, 11:45:00, 9.36e-13, 6.6e-11
2022-11-09, 11:45:04, 8.66e-13, 6.58e-11
2022-11-09, 11:45:08, 8.91e-13, 6.6e-11
2022-11-09, 11:45:12, 8.94e-13, 6.55e-11
2022-11-09, 11:45:17, 8.88e-13, 6.55e-11
2022-11-09, 11:45:21, 9.89e-13, 6.49e-11
2022-11-09, 11:45:25, 8.32e-13, 6.55e-11
2022-11-09, 11:45:29, 8.23e-13, 6.58e-11
2022-11-09, 11:45:33, 8.56e-13, 6.56e-11
2022-11-09, 11:45:38, 8.48e-13, 6.6e-11
2022-11-09, 11:45:42, 8.46e-13, 6.6e-11
2022-11-09, 11:45:46, 8.52e-13, 6.58e-11
2022-11-09, 11:45:50, 8.43e-13, 6.56e-11
2022-11-09, 11:45:55, 9.31e-13, 6.61e-11
2022-11-09, 11:45:59, 9.54e-13, 6.57e-11
2022-11-09, 11:46:03, 9.09e-13, 6.6e-11
2022-11-09, 11:46:07, 8.19e-13, 6.55e-11
2022-11-09, 11:46:11, 1.01e-12, 6.58e-11
2022-11-09, 11:46:16, 9.03e-13, 6.6e-11
2022-11-09, 11:46:20, 8.78e-13, 6.58e-11
2022-11-09, 11:46:24, 8.4e-13, 6.57e-11
2022-11-09, 11:46:28, 9.14e-13, 6.56e-11
2022-11-09, 11:46:33, 8.42e-13, 6.56e-11
2022-11-09, 11:46:37, 8.94e-13, 6.6e-11
2022-11-09, 11:46:41, 8.42e-13, 6.58e-11
2022-11-09, 11:46:45, 9.11e-13, 6.56e-11
2022-11-09, 11:46:49, 8.93e-13, 6.57e-11
2022-11-09, 11:46:54, 8.06e-13, 6.54e-11
2022-11-09, 11:46:58, 8.55e-13, 6.57e-11
2022-11-09, 11:47:02, 9.38e-13, 6.55e-11
2022-11-09, 11:47:06, 8.83e-13, 6.58e-11
2022-11-09, 11:47:11, 8.64e-13, 6.59e-11
2022-11-09, 11:47:15, 9.36e-13, 6.58e-11
2022-11-09, 11:47:19, 9.14e-13, 6.59e-11
2022-11-09, 11:47:23, 8.51e-13, 6.62e-11
2022-11-09, 11:47:27, 8.68e-13, 6.55e-11
2022-11-09, 11:47:32, 9.89e-13, 6.53e-11
2022-11-09, 11:47:36, 8.72e-13, 6.56e-11
2022-11-09, 11:47:40, 8.77e-13, 6.6e-11
2022-11-09, 11:47:44, 8.52e-13, 6.57e-11
2022-11-09, 11:47:49, 8.71e-13, 6.58e-11
2022-11-09, 11:47:53, 9.25e-13, 6.62e-11
2022-11-09, 11:47:57, 8.93e-13, 6.59e-11
2022-11-09, 11:48:01, 8.12e-13, 6.55e-11
2022-11-09, 11:48:05, 8.88e-13, 6.57e-11
2022-11-09, 11:48:10, 8.36e-13, 6.59e-11
2022-11-09, 11:48:14, 8.39e-13, 6.6e-11
2022-11-09, 11:48:18, 8.23e-13, 6.6e-11
2022-11-09, 11:48:22, 8.61e-13, 6.58e-11
2022-11-09, 11:48:27, 9.18e-13, 6.6e-11
2022-11-09, 11:48:31, 1.05e-12, 6.59e-11
2022-11-09, 11:48:35, 8.81e-13, 6.57e-11
2022-11-09, 11:48:39, 8.62e-13, 6.56e-11
2022-11-09, 11:48:43, 8.41e-13, 6.57e-11
2022-11-09, 11:48:48, 8.98e-13, 6.61e-11
2022-11-09, 11:48:52, 7.65e-13, 6.62e-11
2022-11-09, 11:48:56, 8.56e-13, 6.59e-11
2022-11-09, 11:49:00, 8.61e-13, 6.6e-11
2022-11-09, 11:49:05, 8.62e-13, 6.58e-11
2022-11-09, 11:49:09, 8.8e-13, 6.57e-11
2022-11-09, 11:49:13, 9.44e-13, 6.57e-11
2022-11-09, 11:49:17, 8.19e-13, 6.57e-11
2022-11-09, 11:49:21, 9.28e-13, 6.59e-11
2022-11-09, 11:49:26, 8.6e-13, 6.6e-11
2022-11-09, 11:49:30, 9.43e-13, 6.53e-11
2022-11-09, 11:49:34, 7.8e-13, 6.56e-11
2022-11-09, 11:49:38, 9.72e-13, 6.56e-11
2022-11-09, 11:49:43, 8.97e-13, 6.6e-11
2022-11-09, 11:49:47, 8.91e-13, 6.58e-11
2022-11-09, 11:49:51, 8.56e-13, 6.58e-11
2022-11-09, 11:49:55, 8.13e-13, 6.59e-11
2022-11-09, 11:49:59, 8.14e-13, 6.52e-11
2022-11-09, 11:50:04, 9.91e-13, 6.59e-11
2022-11-09, 11:50:08, 8.74e-13, 6.51e-11
2022-11-09, 11:50:12, 8.49e-13, 6.56e-11
2022-11-09, 11:50:16, 8.42e-13, 6.58e-11
2022-11-09, 11:50:20, 8.78e-13, 6.57e-11
2022-11-09, 11:50:25, 9.33e-13, 6.55e-11
2022-11-09, 11:50:29, 8.88e-13, 6.57e-11
2022-11-09, 11:50:33, 8.78e-13, 6.57e-11
2022-11-09, 11:50:37, 9.03e-13, 6.64e-11
2022-11-09, 11:50:42, 8.83e-13, 6.61e-11
2022-11-09, 11:50:46, 8.77e-13, 6.58e-11
2022-11-09, 11:50:50, 9.04e-13, 6.6e-11
2022-11-09, 11:50:54, 8.38e-13, 6.58e-11
2022-11-09, 11:50:58, 8.84e-13, 6.55e-11
2022-11-09, 11:51:03, 8.57e-13, 6.58e-11
2022-11-09, 11:51:07, 8.65e-13, 6.6e-11
2022-11-09, 11:51:11, 7.25e-13, 6.62e-11
2022-11-09, 11:51:15, 8.88e-13, 6.61e-11
2022-11-09, 11:51:20, 8.53e-13, 6.6e-11
2022-11-09, 11:51:24, 8.7e-13, 6.61e-11
2022-11-09, 11:51:28, 8.56e-13, 6.58e-11
2022-11-09, 11:51:32, 8.89e-13, 6.58e-11
2022-11-09, 11:51:36, 8.91e-13, 6.58e-11
2022-11-09, 11:51:41, 9.1e-13, 6.6e-11
2022-11-09, 11:51:45, 8.21e-13, 6.57e-11
2022-11-09, 11:51:49, 8.34e-13, 6.55e-11
2022-11-09, 11:51:53, 9.35e-13, 6.54e-11
2022-11-09, 11:51:58, 9.29e-13, 6.57e-11
2022-11-09, 11:52:02, 8.63e-13, 6.58e-11
2022-11-09, 11:52:06, 9.18e-13, 6.55e-11
2022-11-09, 11:52:10, 9.09e-13, 6.58e-11
2022-11-09, 11:52:14, 8.44e-13, 6.57e-11
2022-11-09, 11:52:19, 8.68e-13, 6.57e-11
2022-11-09, 11:52:23, 8.52e-13, 6.6e-11
2022-11-09, 11:52:27, 9.08e-13, 6.61e-11
2022-11-09, 11:52:31, 9.37e-13, 6.63e-11
2022-11-09, 11:52:36, 9.14e-13, 6.58e-11
2022-11-09, 11:52:40, 9.15e-13, 6.65e-11
2022-11-09, 11:52:44, 9.75e-13, 6.6e-11
2022-11-09, 11:52:48, 8.59e-13, 6.63e-11
2022-11-09, 11:52:52, 8.42e-13, 6.59e-11
2022-11-09, 11:52:57, 8.42e-13, 6.64e-11
2022-11-09, 11:53:01, 8.93e-13, 6.62e-11
2022-11-09, 11:53:05, 7.59e-13, 6.55e-11
2022-11-09, 11:53:09, 9.25e-13, 6.56e-11
2022-11-09, 11:53:14, 9.61e-13, 6.61e-11
2022-11-09, 11:53:18, 8.43e-13, 6.6e-11
2022-11-09, 11:53:22, 9.18e-13, 6.53e-11
2022-11-09, 11:53:26, 9.13e-13, 6.58e-11
2022-11-09, 11:53:30, 8.56e-13, 6.57e-11
2022-11-09, 11:53:35, 8.52e-13, 6.57e-11
2022-11-09, 11:53:39, 8.45e-13, 6.57e-11
2022-11-09, 11:53:43, 8.44e-13, 6.59e-11
2022-11-09, 11:53:47, 8.62e-13, 6.55e-11
2022-11-09, 11:53:51, 8.72e-13, 6.51e-11
2022-11-09, 11:53:56, 9.03e-13, 6.54e-11
2022-11-09, 11:54:00, 9.04e-13, 6.58e-11
2022-11-09, 11:54:04, 7.93e-13, 6.56e-11
2022-11-09, 11:54:08, 8.9e-13, 6.57e-11
2022-11-09, 11:54:13, 8.68e-13, 6.59e-11
2022-11-09, 11:54:17, 8.8e-13, 6.59e-11
2022-11-09, 11:54:21, 9.35e-13, 6.58e-11
2022-11-09, 11:54:25, 8.92e-13, 6.57e-11
2022-11-09, 11:54:29, 8.88e-13, 6.61e-11
2022-11-09, 11:54:34, 8.9e-13, 6.58e-11
2022-11-09, 11:54:38, 8.5e-13, 6.58e-11
2022-11-09, 11:54:42, 8.84e-13, 6.57e-11
2022-11-09, 11:54:46, 8.9e-13, 6.57e-11
2022-11-09, 11:54:51, 9.05e-13, 6.62e-11
2022-11-09, 11:54:55, 8.42e-13, 6.65e-11
2022-11-09, 11:54:59, 9.14e-13, 6.59e-11
2022-11-09, 11:55:03, 9.05e-13, 6.53e-11
2022-11-09, 11:55:07, 8.77e-13, 6.59e-11
2022-11-09, 11:55:12, 9.93e-13, 6.59e-11
2022-11-09, 11:55:16, 7.37e-13, 6.56e-11
2022-11-09, 11:55:20, 8.74e-13, 6.56e-11
2022-11-09, 11:55:24, 8.63e-13, 6.56e-11
2022-11-09, 11:55:29, 8.78e-13, 6.55e-11
2022-11-09, 11:55:33, 9.19e-13, 6.57e-11
2022-11-09, 11:55:37, 8.18e-13, 6.51e-11
2022-11-09, 11:55:41, 8.23e-13, 6.57e-11
2022-11-09, 11:55:45, 9.36e-13, 6.52e-11
2022-11-09, 11:55:50, 9.34e-13, 6.6e-11
2022-11-09, 11:55:54, 9.1e-13, 6.56e-11
2022-11-09, 11:55:58, 8.84e-13, 6.56e-11
2022-11-09, 11:56:02, 8.36e-13, 6.59e-11
2022-11-09, 11:56:07, 8.98e-13, 6.56e-11
2022-11-09, 11:56:11, 8.61e-13, 6.57e-11
2022-11-09, 11:56:15, 8.59e-13, 6.58e-11
2022-11-09, 11:56:19, 8.84e-13, 6.59e-11
2022-11-09, 11:56:23, 9e-13, 6.58e-11
2022-11-09, 11:56:28, 9.15e-13, 6.6e-11
2022-11-09, 11:56:32, 8.41e-13, 6.59e-11
2022-11-09, 11:56:36, 7.96e-13, 6.55e-11
2022-11-09, 11:56:40, 8.36e-13, 6.5e-11
2022-11-09, 11:56:45, 7.45e-13, 6.57e-11
2022-11-09, 11:56:49, 8.68e-13, 6.51e-11
2022-11-09, 11:56:53, 9.21e-13, 6.56e-11
2022-11-09, 11:56:57, 9.15e-13, 6.59e-11
2022-11-09, 11:57:01, 8.22e-13, 6.58e-11
2022-11-09, 11:57:06, 8.5e-13, 6.53e-11
2022-11-09, 11:57:10, 8.51e-13, 6.54e-11
2022-11-09, 11:57:14, 8.51e-13, 6.55e-11
2022-11-09, 11:57:18, 8.5e-13, 6.5e-11
2022-11-09, 11:57:22, 8.63e-13, 6.51e-11
2022-11-09, 11:57:27, 8.85e-13, 6.57e-11
2022-11-09, 11:57:31, 8.88e-13, 6.56e-11
2022-11-09, 11:57:35, 9.48e-13, 6.58e-11
2022-11-09, 11:57:39, 9.18e-13, 6.57e-11
2022-11-09, 11:57:44, 8.68e-13, 6.56e-11
2022-11-09, 11:57:48, 9.54e-13, 6.58e-11
2022-11-09, 11:57:52, 8.82e-13, 6.6e-11
2022-11-09, 11:57:56, 8.96e-13, 6.58e-11
2022-11-09, 11:58:00, 8.49e-13, 6.59e-11
2022-11-09, 11:58:05, 8.48e-13, 6.6e-11
2022-11-09, 11:58:09, 9.07e-13, 6.57e-11
2022-11-09, 11:58:13, 8.91e-13, 6.56e-11
2022-11-09, 11:58:17, 8.46e-13, 6.51e-11
2022-11-09, 11:58:22, 8.6e-13, 6.59e-11
2022-11-09, 11:58:26, 8.93e-13, 6.56e-11
2022-11-09, 11:58:30, 7.82e-13, 6.59e-11
2022-11-09, 11:58:34, 8.48e-13, 6.58e-11
2022-11-09, 11:58:38, 8.73e-13, 6.56e-11
2022-11-09, 11:58:43, 8.74e-13, 6.56e-11
2022-11-09, 11:58:47, 9.24e-13, 6.56e-11
2022-11-09, 11:58:51, 8.2e-13, 6.59e-11
2022-11-09, 11:58:55, 1.05e-12, 6.59e-11
2022-11-09, 11:59:00, 8.78e-13, 6.59e-11
2022-11-09, 11:59:04, 8.67e-13, 6.57e-11
2022-11-09, 11:59:08, 8.69e-13, 6.58e-11
2022-11-09, 11:59:12, 9.18e-13, 6.56e-11
2022-11-09, 11:59:16, 9.12e-13, 6.57e-11
2022-11-09, 11:59:21, 8.83e-13, 6.56e-11
2022-11-09, 11:59:25, 8.53e-13, 6.58e-11
2022-11-09, 11:59:29, 9.05e-13, 6.54e-11
2022-11-09, 11:59:33, 8.31e-13, 6.58e-11
2022-11-09, 11:59:38, 8.61e-13, 6.6e-11
2022-11-09, 11:59:42, 8.2e-13, 6.53e-11
2022-11-09, 11:59:46, 9.25e-13, 6.63e-11
2022-11-09, 11:59:50, 9.17e-13, 6.59e-11
2022-11-09, 11:59:54, 8.53e-13, 6.55e-11
2022-11-09, 11:59:59, 8.4e-13, 6.59e-11
2022-11-09, 12:00:03, 8.54e-13, 6.57e-11
2022-11-09, 12:00:07, 9.81e-13, 6.59e-11
2022-11-09, 12:00:11, 9.66e-13, 6.56e-11
2022-11-09, 12:00:16, 9.33e-13, 6.56e-11
2022-11-09, 12:00:20, 8.99e-13, 6.56e-11
2022-11-09, 12:00:24, 8.64e-13, 6.57e-11
2022-11-09, 12:00:28, 8.75e-13, 6.61e-11
2022-11-09, 12:00:32, 8.54e-13, 6.57e-11
2022-11-09, 12:00:37, 8.82e-13, 6.54e-11
2022-11-09, 12:00:41, 8.78e-13, 6.56e-11
2022-11-09, 12:00:45, 9.08e-13, 6.57e-11
2022-11-09, 12:00:49, 9.06e-13, 6.6e-11
2022-11-09, 12:00:54, 7.54e-13, 6.56e-11
2022-11-09, 12:00:58, 8.63e-13, 6.61e-11
2022-11-09, 12:01:02, 8.22e-13, 6.6e-11
2022-11-09, 12:01:06, 9.14e-13, 6.59e-11
2022-11-09, 12:01:10, 9.03e-13, 6.59e-11
2022-11-09, 12:01:15, 9.67e-13, 6.6e-11
2022-11-09, 12:01:19, 9.07e-13, 6.57e-11
2022-11-09, 12:01:23, 9.01e-13, 6.57e-11
2022-11-09, 12:01:27, 9e-13, 6.53e-11
2022-11-09, 12:01:32, 8.86e-13, 6.58e-11
2022-11-09, 12:01:36, 8.51e-13, 6.58e-11
2022-11-09, 12:01:40, 8.92e-13, 6.59e-11
2022-11-09, 12:01:44, 9.25e-13, 6.56e-11
2022-11-09, 12:01:48, 9e-13, 6.6e-11
2022-11-09, 12:01:53, 8.11e-13, 6.61e-11
2022-11-09, 12:01:57, 1.04e-12, 6.62e-11
2022-11-09, 12:02:01, 9.09e-13, 6.54e-11
2022-11-09, 12:02:05, 8.12e-13, 6.52e-11
2022-11-09, 12:02:10, 8.3e-13, 6.59e-11
2022-11-09, 12:02:14, 8.47e-13, 6.63e-11
2022-11-09, 12:02:18, 7.89e-13, 6.57e-11
2022-11-09, 12:02:22, 8.79e-13, 6.61e-11
2022-11-09, 12:02:26, 1.04e-12, 6.65e-11
2022-11-09, 12:02:31, 8.37e-13, 6.64e-11
2022-11-09, 12:02:35, 1.03e-12, 6.63e-11
2022-11-09, 12:02:39, 8.58e-13, 6.64e-11
2022-11-09, 12:02:43, 8.71e-13, 6.65e-11
2022-11-09, 12:02:48, 9.23e-13, 6.62e-11
2022-11-09, 12:02:52, 8.42e-13, 6.63e-11
2022-11-09, 12:02:56, 9.06e-13, 6.65e-11
2022-11-09, 12:03:00, 9.01e-13, 6.63e-11
2022-11-09, 12:03:04, 8.93e-13, 6.65e-11
2022-11-09, 12:03:09, 8.84e-13, 6.63e-11
2022-11-09, 12:03:13, 8.72e-13, 6.63e-11
2022-11-09, 12:03:17, 7.8e-13, 6.66e-11
2022-11-09, 12:03:21, 8.3e-13, 6.64e-11
2022-11-09, 12:03:25, 9.04e-13, 6.65e-11
2022-11-09, 12:03:30, 9.69e-13, 6.7e-11
2022-11-09, 12:03:34, 8.73e-13, 6.67e-11
2022-11-09, 12:03:38, 1.02e-12, 6.58e-11
2022-11-09, 12:03:42, 8.66e-13, 6.62e-11
2022-11-09, 12:03:47, 9.15e-13, 6.64e-11
2022-11-09, 12:03:51, 8.82e-13, 6.66e-11
2022-11-09, 12:03:55, 8.78e-13, 6.66e-11
2022-11-09, 12:03:59, 8.33e-13, 6.65e-11
2022-11-09, 12:04:03, 8.52e-13, 6.65e-11
2022-11-09, 12:04:08, 8.08e-13, 6.66e-11
2022-11-09, 12:04:12, 8.56e-13, 6.63e-11
2022-11-09, 12:04:16, 8.43e-13, 6.59e-11
2022-11-09, 12:04:20, 9.03e-13, 6.59e-11
2022-11-09, 12:04:25, 8.63e-13, 6.62e-11
2022-11-09, 12:04:29, 9.84e-13, 6.62e-11
2022-11-09, 12:04:33, 8.48e-13, 6.69e-11
2022-11-09, 12:04:37, 8.43e-13, 6.66e-11
2022-11-09, 12:04:41, 8.32e-13, 6.64e-11
2022-11-09, 12:04:46, 9.01e-13, 6.64e-11
2022-11-09, 12:04:50, 8.85e-13, 6.62e-11
2022-11-09, 12:04:54, 9.06e-13, 6.69e-11
2022-11-09, 12:04:58, 8.91e-13, 6.65e-11
2022-11-09, 12:05:03, 9.22e-13, 6.63e-11
2022-11-09, 12:05:07, 8.63e-13, 6.62e-11
2022-11-09, 12:05:11, 8.55e-13, 6.63e-11
2022-11-09, 12:05:15, 7.11e-13, 6.6e-11
2022-11-09, 12:05:19, 8.2e-13, 6.66e-11
2022-11-09, 12:05:24, 9.04e-13, 6.56e-11
2022-11-09, 12:05:28, 9.42e-13, 6.69e-11
2022-11-09, 12:05:32, 8.68e-13, 6.63e-11
2022-11-09, 12:05:36, 8.59e-13, 6.57e-11
2022-11-09, 12:05:41, 1.1e-12, 6.66e-11
2022-11-09, 12:05:45, 9.13e-13, 6.67e-11
2022-11-09, 12:05:49, 8.75e-13, 6.65e-11
2022-11-09, 12:05:53, 8.9e-13, 6.61e-11
2022-11-09, 12:05:57, 9.6e-13, 6.64e-11
2022-11-09, 12:06:02, 8.71e-13, 6.63e-11
2022-11-09, 12:06:06, 8.84e-13, 6.6e-11
2022-11-09, 12:06:10, 8.98e-13, 6.63e-11
2022-11-09, 12:06:14, 8.15e-13, 6.67e-11
2022-11-09, 12:06:19, 8.26e-13, 6.63e-11
2022-11-09, 12:06:23, 8.5e-13, 6.63e-11
2022-11-09, 12:06:27, 1.03e-12, 6.62e-11
2022-11-09, 12:06:31, 8.65e-13, 6.6e-11
2022-11-09, 12:06:35, 8.73e-13, 6.6e-11
2022-11-09, 12:06:40, 8.67e-13, 6.64e-11
2022-11-09, 12:06:44, 8.62e-13, 6.63e-11
2022-11-09, 12:06:48, 8.84e-13, 6.65e-11
2022-11-09, 12:06:52, 9.31e-13, 6.6e-11
2022-11-09, 12:06:57, 8.76e-13, 6.58e-11
2022-11-09, 12:07:01, 8.22e-13, 6.6e-11
2022-11-09, 12:07:05, 8.77e-13, 6.63e-11
2022-11-09, 12:07:09, 8.88e-13, 6.58e-11
2022-11-09, 12:07:13, 9.3e-13, 6.63e-11
2022-11-09, 12:07:18, 8.94e-13, 6.65e-11
2022-11-09, 12:07:22, 8.66e-13, 6.65e-11
2022-11-09, 12:07:26, 8.44e-13, 6.52e-11
2022-11-09, 12:07:30, 8.59e-13, 6.65e-11
2022-11-09, 12:07:35, 9.95e-13, 6.66e-11
2022-11-09, 12:07:39, 8.88e-13, 6.56e-11
2022-11-09, 12:07:43, 8.88e-13, 6.62e-11
2022-11-09, 12:07:47, 9.4e-13, 6.65e-11
2022-11-09, 12:07:51, 8.83e-13, 6.64e-11
2022-11-09, 12:07:56, 8.95e-13, 6.61e-11
2022-11-09, 12:08:00, 8.35e-13, 6.66e-11
2022-11-09, 12:08:04, 9.37e-13, 6.58e-11
2022-11-09, 12:08:08, 8.54e-13, 6.66e-11
2022-11-09, 12:08:12, 8.61e-13, 6.64e-11
2022-11-09, 12:08:17, 8.87e-13, 6.54e-11
2022-11-09, 12:08:21, 9.53e-13, 6.66e-11
2022-11-09, 12:08:25, 8.68e-13, 6.67e-11
2022-11-09, 12:08:29, 8.12e-13, 6.64e-11
2022-11-09, 12:08:34, 9e-13, 6.62e-11
2022-11-09, 12:08:38, 9e-13, 6.6e-11
2022-11-09, 12:08:42, 7.83e-13, 6.65e-11
2022-11-09, 12:08:46, 8.39e-13, 6.59e-11
2022-11-09, 12:08:50, 9.26e-13, 6.63e-11
2022-11-09, 12:08:55, 8.75e-13, 6.64e-11
2022-11-09, 12:08:59, 9.81e-13, 6.66e-11
2022-11-09, 12:09:03, 8.91e-13, 6.56e-11
2022-11-09, 12:09:07, 8.86e-13, 6.68e-11
2022-11-09, 12:09:12, 8.39e-13, 6.62e-11
2022-11-09, 12:09:16, 9.49e-13, 6.62e-11
2022-11-09, 12:09:20, 8.62e-13, 6.59e-11
2022-11-09, 12:09:24, 8.11e-13, 6.65e-11
2022-11-09, 12:09:28, 8.97e-13, 6.61e-11
2022-11-09, 12:09:33, 8.45e-13, 6.63e-11
2022-11-09, 12:09:37, 8.4e-13, 6.63e-11
2022-11-09, 12:09:41, 8.53e-13, 6.62e-11
2022-11-09, 12:09:45, 6.96e-13, 6.61e-11
2022-11-09, 12:09:50, 9.11e-13, 6.61e-11
2022-11-09, 12:09:54, 8.8e-13, 6.58e-11
2022-11-09, 12:09:58, 8.85e-13, 6.57e-11
2022-11-09, 12:10:02, 8.95e-13, 6.57e-11
2022-11-09, 12:10:06, 8.53e-13, 6.63e-11
2022-11-09, 12:10:11, 9.15e-13, 6.61e-11
2022-11-09, 12:10:15, 8.76e-13, 6.59e-11
2022-11-09, 12:10:19, 8.67e-13, 6.62e-11
2022-11-09, 12:10:23, 8.32e-13, 6.6e-11
2022-11-09, 12:10:28, 9.27e-13, 6.64e-11
2022-11-09, 12:10:32, 9.98e-13, 6.64e-11
2022-11-09, 12:10:36, 1.01e-12, 6.61e-11
2022-11-09, 12:10:40, 8.52e-13, 6.64e-11
2022-11-09, 12:10:44, 8.71e-13, 6.59e-11
2022-11-09, 12:10:49, 8.85e-13, 6.61e-11
2022-11-09, 12:10:53, 7.72e-13, 6.63e-11
2022-11-09, 12:10:57, 8.69e-13, 6.61e-11
2022-11-09, 12:11:01, 8.23e-13, 6.61e-11
2022-11-09, 12:11:06, 8.82e-13, 6.66e-11
2022-11-09, 12:11:10, 8.79e-13, 6.68e-11
2022-11-09, 12:11:14, 8.89e-13, 6.68e-11
2022-11-09, 12:11:18, 8.67e-13, 6.66e-11
2022-11-09, 12:11:22, 8.6e-13, 6.65e-11
2022-11-09, 12:11:27, 8.82e-13, 6.66e-11
2022-11-09, 12:11:31, 9.01e-13, 6.65e-11
2022-11-09, 12:11:35, 8.8e-13, 6.64e-11
2022-11-09, 12:11:39, 8.71e-13, 6.65e-11
2022-11-09, 12:11:44, 8.54e-13, 6.65e-11
2022-11-09, 12:11:48, 9.07e-13, 6.68e-11
2022-11-09, 12:11:52, 9.37e-13, 6.66e-11
2022-11-09, 12:11:56, 8.18e-13, 6.57e-11
2022-11-09, 12:12:00, 8.67e-13, 6.65e-11
2022-11-09, 12:12:05, 8.2e-13, 6.62e-11
2022-11-09, 12:12:09, 8.32e-13, 6.66e-11
2022-11-09, 12:12:13, 8.28e-13, 6.64e-11
2022-11-09, 12:12:17, 8.52e-13, 6.67e-11
2022-11-09, 12:12:21, 9.48e-13, 6.66e-11
2022-11-09, 12:12:26, 8.82e-13, 6.65e-11
2022-11-09, 12:12:30, 8.36e-13, 6.65e-11
2022-11-09, 12:12:34, 8.33e-13, 6.68e-11
2022-11-09, 12:12:38, 8.67e-13, 6.68e-11
2022-11-09, 12:12:43, 8.83e-13, 6.7e-11
2022-11-09, 12:12:47, 9.16e-13, 6.65e-11
2022-11-09, 12:12:51, 8.28e-13, 6.66e-11
2022-11-09, 12:12:55, 9.34e-13, 6.67e-11
2022-11-09, 12:12:59, 7.92e-13, 6.64e-11
2022-11-09, 12:13:04, 8.54e-13, 6.65e-11
2022-11-09, 12:13:08, 8.68e-13, 6.64e-11
2022-11-09, 12:13:12, 8.15e-13, 6.67e-11
2022-11-09, 12:13:16, 8.68e-13, 6.67e-11
2022-11-09, 12:13:21, 8.91e-13, 6.68e-11
2022-11-09, 12:13:25, 8.26e-13, 6.67e-11
2022-11-09, 12:13:29, 8.28e-13, 6.64e-11
2022-11-09, 12:13:33, 8.94e-13, 6.65e-11
2022-11-09, 12:13:37, 8.74e-13, 6.64e-11
2022-11-09, 12:13:42, 9.98e-13, 6.67e-11
2022-11-09, 12:13:46, 8.67e-13, 6.67e-11
2022-11-09, 12:13:50, 9.15e-13, 6.68e-11
2022-11-09, 12:13:54, 9.23e-13, 6.65e-11
2022-11-09, 12:13:59, 8.81e-13, 6.66e-11
2022-11-09, 12:14:03, 1.04e-12, 6.6e-11
2022-11-09, 12:14:07, 9.1e-13, 6.63e-11
2022-11-09, 12:14:11, 8.88e-13, 6.65e-11
2022-11-09, 12:14:15, 8.96e-13, 6.65e-11
2022-11-09, 12:14:20, 9.03e-13, 6.65e-11
2022-11-09, 12:14:24, 8.84e-13, 6.65e-11
2022-11-09, 12:14:28, 8.44e-13, 6.63e-11
2022-11-09, 12:14:32, 8.22e-13, 6.64e-11
2022-11-09, 12:14:37, 8.35e-13, 6.6e-11
2022-11-09, 12:14:41, 8.31e-13, 6.65e-11
2022-11-09, 12:14:45, 8.49e-13, 6.68e-11
2022-11-09, 12:14:49, 8.91e-13, 6.66e-11
2022-11-09, 12:14:53, 8.46e-13, 6.66e-11
2022-11-09, 12:14:58, 8.38e-13, 6.65e-11
2022-11-09, 12:15:02, 8.87e-13, 6.6e-11
2022-11-09, 12:15:06, 9.07e-13, 6.65e-11
2022-11-09, 12:15:10, 8.62e-13, 6.61e-11
2022-11-09, 12:15:15, 8.17e-13, 6.65e-11
2022-11-09, 12:15:19, 9.04e-13, 6.62e-11
2022-11-09, 12:15:23, 9.93e-13, 6.63e-11
2022-11-09, 12:15:27, 9.28e-13, 6.6e-11
2022-11-09, 12:15:31, 9.14e-13, 6.62e-11
2022-11-09, 12:15:36, 8.86e-13, 6.66e-11
2022-11-09, 12:15:40, 7.34e-13, 6.65e-11
2022-11-09, 12:15:44, 8.81e-13, 6.66e-11
2022-11-09, 12:15:48, 8.57e-13, 6.67e-11
2022-11-09, 12:15:52, 9.11e-13, 6.64e-11
2022-11-09, 12:15:57, 8.4e-13, 6.65e-11
2022-11-09, 12:16:01, 9.22e-13, 6.68e-11
2022-11-09, 12:16:05, 8.13e-13, 6.62e-11
2022-11-09, 12:16:09, 8.7e-13, 6.64e-11
2022-11-09, 12:16:14, 9.38e-13, 6.65e-11
2022-11-09, 12:16:18, 8.19e-13, 6.57e-11
2022-11-09, 12:16:22, 8.75e-13, 6.64e-11
2022-11-09, 12:16:26, 9.11e-13, 6.64e-11
2022-11-09, 12:16:30, 8.96e-13, 6.65e-11
2022-11-09, 12:16:35, 9.15e-13, 6.64e-11
2022-11-09, 12:16:39, 9.11e-13, 6.58e-11
2022-11-09, 12:16:43, 8.54e-13, 6.57e-11
2022-11-09, 12:16:47, 8.36e-13, 6.66e-11
2022-11-09, 12:16:52, 9.23e-13, 6.62e-11
2022-11-09, 12:16:56, 8.63e-13, 6.65e-11
2022-11-09, 12:17:00, 9.52e-13, 6.67e-11
2022-11-09, 12:17:04, 9.54e-13, 6.64e-11
2022-11-09, 12:17:08, 8.84e-13, 6.67e-11
2022-11-09, 12:17:13, 9.44e-13, 6.67e-11
2022-11-09, 12:17:17, 8.47e-13, 6.6e-11
2022-11-09, 12:17:21, 8.73e-13, 6.65e-11
2022-11-09, 12:17:25, 8.16e-13, 6.62e-11
2022-11-09, 12:17:30, 8.94e-13, 6.63e-11
2022-11-09, 12:17:34, 8.53e-13, 6.61e-11
2022-11-09, 12:17:38, 8.22e-13, 6.61e-11
2022-11-09, 12:17:42, 8.89e-13, 6.61e-11
2022-11-09, 12:17:46, 8.42e-13, 6.62e-11
2022-11-09, 12:17:51, 8.45e-13, 6.62e-11
2022-11-09, 12:17:55, 8.55e-13, 6.63e-11
2022-11-09, 12:17:59, 8.43e-13, 6.63e-11
2022-11-09, 12:18:03, 8.76e-13, 6.62e-11
2022-11-09, 12:18:08, 9.28e-13, 6.61e-11
2022-11-09, 12:18:12, 8.8e-13, 6.68e-11
2022-11-09, 12:18:16, 9.57e-13, 6.65e-11
2022-11-09, 12:18:20, 8.16e-13, 6.64e-11
2022-11-09, 12:18:24, 8.27e-13, 6.64e-11
2022-11-09, 12:18:29, 8.59e-13, 6.62e-11
2022-11-09, 12:18:33, 8.1e-13, 6.69e-11
2022-11-09, 12:18:37, 8.21e-13, 6.64e-11
2022-11-09, 12:18:41, 8.82e-13, 6.65e-11
2022-11-09, 12:18:46, 8.43e-13, 6.65e-11
2022-11-09, 12:18:50, 9.49e-13, 6.64e-11
2022-11-09, 12:18:54, 8.9e-13, 6.68e-11
2022-11-09, 12:18:58, 8.69e-13, 6.68e-11
2022-11-09, 12:19:02, 8.86e-13, 6.61e-11
2022-11-09, 12:19:07, 8.87e-13, 6.66e-11
2022-11-09, 12:19:11, 9.31e-13, 6.59e-11
2022-11-09, 12:19:15, 8.26e-13, 6.57e-11
2022-11-09, 12:19:19, 8.04e-13, 6.65e-11
2022-11-09, 12:19:23, 8.73e-13, 6.66e-11
2022-11-09, 12:19:28, 8.8e-13, 6.68e-11
2022-11-09, 12:19:32, 8.46e-13, 6.69e-11
2022-11-09, 12:19:36, 9.01e-13, 6.64e-11
2022-11-09, 12:19:40, 7.98e-13, 6.64e-11
2022-11-09, 12:19:45, 8.09e-13, 6.68e-11
2022-11-09, 12:19:49, 8.39e-13, 6.63e-11
2022-11-09, 12:19:53, 8.73e-13, 6.62e-11
2022-11-09, 12:19:57, 9.03e-13, 6.64e-11
2022-11-09, 12:20:01, 8.98e-13, 6.62e-11
2022-11-09, 12:20:06, 8.63e-13, 6.63e-11
2022-11-09, 12:20:10, 7.8e-13, 6.61e-11
2022-11-09, 12:20:14, 8.45e-13, 6.56e-11
2022-11-09, 12:20:18, 8.81e-13, 6.66e-11
2022-11-09, 12:20:23, 8.82e-13, 6.63e-11
2022-11-09, 12:20:27, 8.7e-13, 6.63e-11
2022-11-09, 12:20:31, 9.3e-13, 6.64e-11
2022-11-09, 12:20:35, 9.01e-13, 6.65e-11
2022-11-09, 12:20:39, 8.55e-13, 6.65e-11
2022-11-09, 12:20:44, 8.46e-13, 6.63e-11
2022-11-09, 12:20:48, 8.43e-13, 6.63e-11
2022-11-09, 12:20:52, 8.94e-13, 6.64e-11
2022-11-09, 12:20:56, 9.07e-13, 6.61e-11
2022-11-09, 12:21:01, 8.31e-13, 6.65e-11
2022-11-09, 12:21:05, 8.13e-13, 6.64e-11
2022-11-09, 12:21:09, 8.67e-13, 6.68e-11
2022-11-09, 12:21:13, 9.1e-13, 6.63e-11
2022-11-09, 12:21:17, 9.02e-13, 6.62e-11
2022-11-09, 12:21:22, 9.07e-13, 6.63e-11
2022-11-09, 12:21:26, 8.84e-13, 6.62e-11
2022-11-09, 12:21:30, 8.32e-13, 6.61e-11
2022-11-09, 12:21:34, 9.08e-13, 6.65e-11
2022-11-09, 12:21:39, 8.6e-13, 6.64e-11
2022-11-09, 12:21:43, 9.18e-13, 6.64e-11
2022-11-09, 12:21:47, 8.55e-13, 6.62e-11
2022-11-09, 12:21:51, 7.62e-13, 6.67e-11
2022-11-09, 12:21:55, 7.98e-13, 6.64e-11
2022-11-09, 12:22:00, 8.04e-13, 6.6e-11
2022-11-09, 12:22:04, 7.62e-13, 6.65e-11
2022-11-09, 12:22:08, 8.4e-13, 6.66e-11
2022-11-09, 12:22:12, 9.06e-13, 6.64e-11
2022-11-09, 12:22:17, 8.82e-13, 6.64e-11
2022-11-09, 12:22:21, 8.82e-13, 6.65e-11
2022-11-09, 12:22:25, 8.79e-13, 6.65e-11
2022-11-09, 12:22:29, 8.6e-13, 6.59e-11
2022-11-09, 12:22:33, 8.14e-13, 6.6e-11
2022-11-09, 12:22:38, 8.6e-13, 6.63e-11
2022-11-09, 12:22:42, 9.02e-13, 6.62e-11
2022-11-09, 12:22:46, 8.63e-13, 6.63e-11
2022-11-09, 12:22:50, 8.42e-13, 6.63e-11
2022-11-09, 12:22:54, 9e-13, 6.66e-11
2022-11-09, 12:22:59, 8.78e-13, 6.63e-11
2022-11-09, 12:23:03, 8.68e-13, 6.63e-11
2022-11-09, 12:23:07, 8.94e-13, 6.64e-11
2022-11-09, 12:23:11, 8.28e-13, 6.63e-11
2022-11-09, 12:23:16, 8.5e-13, 6.63e-11
2022-11-09, 12:23:20, 9.25e-13, 6.61e-11
2022-11-09, 12:23:24, 8.87e-13, 6.57e-11
2022-11-09, 12:23:28, 8.43e-13, 6.61e-11
2022-11-09, 12:23:32, 9.82e-13, 6.63e-11
2022-11-09, 12:23:37, 8.52e-13, 6.65e-11
2022-11-09, 12:23:41, 8.24e-13, 6.64e-11
2022-11-09, 12:23:45, 9.12e-13, 6.64e-11
2022-11-09, 12:23:49, 9.13e-13, 6.66e-11
2022-11-09, 12:23:54, 8.84e-13, 6.69e-11
2022-11-09, 12:23:58, 9.4e-13, 6.64e-11
2022-11-09, 12:24:02, 8.06e-13, 6.64e-11
2022-11-09, 12:24:06, 9.13e-13, 6.62e-11
2022-11-09, 12:24:10, 8.59e-13, 6.67e-11
2022-11-09, 12:24:15, 7.9e-13, 6.55e-11
2022-11-09, 12:24:19, 8.36e-13, 6.66e-11
2022-11-09, 12:24:23, 8.05e-13, 6.61e-11
2022-11-09, 12:24:27, 8.56e-13, 6.61e-11
2022-11-09, 12:24:32, 8.62e-13, 6.68e-11
2022-11-09, 12:24:36, 8.77e-13, 6.67e-11
2022-11-09, 12:24:40, 8.71e-13, 6.65e-11
2022-11-09, 12:24:44, 8.8e-13, 6.56e-11
2022-11-09, 12:24:48, 9.77e-13, 6.69e-11
2022-11-09, 12:24:53, 9e-13, 6.64e-11
2022-11-09, 12:24:57, 9.1e-13, 6.65e-11
2022-11-09, 12:25:01, 9.12e-13, 6.61e-11
2022-11-09, 12:25:05, 8.66e-13, 6.61e-11
2022-11-09, 12:25:10, 8.9e-13, 6.64e-11
2022-11-09, 12:25:14, 9.27e-13, 6.61e-11
2022-11-09, 12:25:18, 8.51e-13, 6.63e-11
2022-11-09, 12:25:22, 8.61e-13, 6.65e-11
2022-11-09, 12:25:26, 8.41e-13, 6.61e-11
2022-11-09, 12:25:31, 9.22e-13, 6.6e-11
2022-11-09, 12:25:35, 9.07e-13, 6.63e-11
2022-11-09, 12:25:39, 8.62e-13, 6.66e-11
2022-11-09, 12:25:43, 7.99e-13, 6.61e-11
2022-11-09, 12:25:48, 8.63e-13, 6.59e-11
2022-11-09, 12:25:52, 9.14e-13, 6.66e-11
2022-11-09, 12:25:56, 9.35e-13, 6.65e-11
2022-11-09, 12:26:00, 8.35e-13, 6.59e-11
2022-11-09, 12:26:04, 8.88e-13, 6.62e-11
2022-11-09, 12:26:09, 9.64e-13, 6.6e-11
2022-11-09, 12:26:13, 8.63e-13, 6.63e-11
2022-11-09, 12:26:17, 9.06e-13, 6.68e-11
2022-11-09, 12:26:21, 8.62e-13, 6.63e-11
2022-11-09, 12:26:26, 8.55e-13, 6.63e-11
2022-11-09, 12:26:30, 8.45e-13, 6.63e-11
2022-11-09, 12:26:34, 8.92e-13, 6.6e-11
2022-11-09, 12:26:38, 9e-13, 6.67e-11
2022-11-09, 12:26:42, 8.68e-13, 6.67e-11
2022-11-09, 12:26:47, 8.84e-13, 6.63e-11
2022-11-09, 12:26:51, 8.66e-13, 6.64e-11
2022-11-09, 12:26:55, 9.16e-13, 6.68e-11
2022-11-09, 12:26:59, 8.3e-13, 6.68e-11
2022-11-09, 12:27:03, 8.27e-13, 6.68e-11
2022-11-09, 12:27:08, 9.03e-13, 6.65e-11
2022-11-09, 12:27:12, 8.54e-13, 6.66e-11
2022-11-09, 12:27:16, 8.7e-13, 6.64e-11
2022-11-09, 12:27:20, 8.62e-13, 6.61e-11
2022-11-09, 12:27:25, 9.02e-13, 6.71e-11
2022-11-09, 12:27:29, 8.96e-13, 6.63e-11
2022-11-09, 12:27:33, 9.29e-13, 6.61e-11
2022-11-09, 12:27:37, 7.38e-13, 6.59e-11
2022-11-09, 12:27:41, 8.4e-13, 6.6e-11
2022-11-09, 12:27:46, 8.79e-13, 6.61e-11
2022-11-09, 12:27:50, 8.94e-13, 6.63e-11
2022-11-09, 12:27:54, 9.62e-13, 6.63e-11
2022-11-09, 12:27:58, 8.74e-13, 6.62e-11
2022-11-09, 12:28:03, 9.32e-13, 6.59e-11
2022-11-09, 12:28:07, 7.88e-13, 6.62e-11
2022-11-09, 12:28:11, 8.93e-13, 6.64e-11
2022-11-09, 12:28:15, 9.39e-13, 6.62e-11
2022-11-09, 12:28:19, 8.83e-13, 6.57e-11
2022-11-09, 12:28:24, 8.91e-13, 6.61e-11
2022-11-09, 12:28:28, 8.24e-13, 6.66e-11
2022-11-09, 12:28:32, 1e-12, 6.65e-11
2022-11-09, 12:28:36, 8.51e-13, 6.58e-11
2022-11-09, 12:28:41, 9.21e-13, 6.61e-11
2022-11-09, 12:28:45, 9.11e-13, 6.61e-11
2022-11-09, 12:28:49, 9.1e-13, 6.55e-11
2022-11-09, 12:28:53, 1.06e-12, 6.6e-11
2022-11-09, 12:28:57, 8.68e-13, 6.62e-11
2022-11-09, 12:29:02, 8.71e-13, 6.67e-11
2022-11-09, 12:29:06, 8.85e-13, 6.66e-11
2022-11-09, 12:29:10, 8.77e-13, 6.62e-11
2022-11-09, 12:29:14, 9.16e-13, 6.65e-11
2022-11-09, 12:29:19, 1.04e-12, 6.62e-11
2022-11-09, 12:29:23, 9.23e-13, 6.64e-11
2022-11-09, 12:29:27, 8.75e-13, 6.63e-11
2022-11-09, 12:29:31, 8.53e-13, 6.57e-11
2022-11-09, 12:29:35, 8.6e-13, 6.6e-11
2022-11-09, 12:29:40, 9.23e-13, 6.62e-11
2022-11-09, 12:29:44, 1e-12, 6.62e-11
2022-11-09, 12:29:48, 8.26e-13, 6.64e-11
2022-11-09, 12:29:52, 9.12e-13, 6.63e-11
2022-11-09, 12:29:57, 8.72e-13, 6.64e-11
2022-11-09, 12:30:01, 8.54e-13, 6.66e-11
2022-11-09, 12:30:05, 7.71e-13, 6.54e-11
2022-11-09, 12:30:09, 8.07e-13, 6.6e-11
2022-11-09, 12:30:13, 8.62e-13, 6.59e-11
2022-11-09, 12:30:18, 8.87e-13, 6.64e-11
2022-11-09, 12:30:22, 9.24e-13, 6.62e-11
2022-11-09, 12:30:26, 9.5e-13, 6.58e-11
2022-11-09, 12:30:30, 8.43e-13, 6.59e-11
2022-11-09, 12:30:35, 8.59e-13, 6.59e-11
2022-11-09, 12:30:39, 8.84e-13, 6.61e-11
2022-11-09, 12:30:43, 8.31e-13, 6.64e-11
2022-11-09, 12:30:47, 1e-12, 6.64e-11
2022-11-09, 12:30:51, 9.3e-13, 6.63e-11
2022-11-09, 12:30:56, 8.28e-13, 6.65e-11
2022-11-09, 12:31:00, 8.65e-13, 6.6e-11
2022-11-09, 12:31:04, 6.95e-13, 6.58e-11
2022-11-09, 12:31:08, 8.92e-13, 6.57e-11
2022-11-09, 12:31:12, 8.59e-13, 6.62e-11
2022-11-09, 12:31:17, 9.1e-13, 6.63e-11
2022-11-09, 12:31:21, 9.46e-13, 6.65e-11
2022-11-09, 12:31:25, 8.96e-13, 6.63e-11
2022-11-09, 12:31:29, 8.13e-13, 6.6e-11
2022-11-09, 12:31:34, 8.63e-13, 6.6e-11
2022-11-09, 12:31:38, 9.83e-13, 6.6e-11
2022-11-09, 12:31:42, 8.57e-13, 6.59e-11
2022-11-09, 12:31:46, 9.13e-13, 6.62e-11
2022-11-09, 12:31:50, 8.59e-13, 6.64e-11
2022-11-09, 12:31:55, 8.9e-13, 6.65e-11
2022-11-09, 12:31:59, 8.84e-13, 6.63e-11
2022-11-09, 12:32:03, 8.66e-13, 6.61e-11
2022-11-09, 12:32:07, 8.28e-13, 6.59e-11
2022-11-09, 12:32:12, 8.67e-13, 6.64e-11
2022-11-09, 12:32:16, 9.54e-13, 6.67e-11
2022-11-09, 12:32:20, 9.46e-13, 6.66e-11
2022-11-09, 12:32:24, 7.74e-13, 6.67e-11
2022-11-09, 12:32:28, 9.47e-13, 6.67e-11
2022-11-09, 12:32:33, 8.47e-13, 6.65e-11
2022-11-09, 12:32:37, 9.16e-13, 6.64e-11
2022-11-09, 12:32:41, 9.44e-13, 6.61e-11
2022-11-09, 12:32:45, 9.04e-13, 6.66e-11
2022-11-09, 12:32:50, 8.94e-13, 6.63e-11
2022-11-09, 12:32:54, 1.02e-12, 6.65e-11
2022-11-09, 12:32:58, 8.96e-13, 6.67e-11
2022-11-09, 12:33:02, 9.13e-13, 6.63e-11
2022-11-09, 12:33:06, 9.88e-13, 6.65e-11
2022-11-09, 12:33:11, 8.39e-13, 6.65e-11
2022-11-09, 12:33:15, 8.88e-13, 6.64e-11
2022-11-09, 12:33:19, 8.61e-13, 6.65e-11
2022-11-09, 12:33:23, 8.89e-13, 6.65e-11
2022-11-09, 12:33:28, 7.9e-13, 6.59e-11
2022-11-09, 12:33:32, 9e-13, 6.65e-11
2022-11-09, 12:33:36, 8.93e-13, 6.61e-11
2022-11-09, 12:33:40, 8.43e-13, 6.61e-11
2022-11-09, 12:33:44, 8.38e-13, 6.63e-11
2022-11-09, 12:33:49, 9.48e-13, 6.64e-11
2022-11-09, 12:33:53, 9.29e-13, 6.62e-11
2022-11-09, 12:33:57, 8.85e-13, 6.58e-11
2022-11-09, 12:34:01, 9.92e-13, 6.62e-11
2022-11-09, 12:34:06, 8.2e-13, 6.65e-11
2022-11-09, 12:34:10, 8.76e-13, 6.63e-11
2022-11-09, 12:34:14, 8.94e-13, 6.61e-11
2022-11-09, 12:34:18, 9.07e-13, 6.62e-11
2022-11-09, 12:34:22, 8.42e-13, 6.63e-11
2022-11-09, 12:34:27, 8.58e-13, 6.58e-11
2022-11-09, 12:34:31, 9.06e-13, 6.61e-11
2022-11-09, 12:34:35, 8.44e-13, 6.63e-11
2022-11-09, 12:34:39, 9.54e-13, 6.64e-11
2022-11-09, 12:34:44, 9.03e-13, 6.64e-11
2022-11-09, 12:34:48, 1.05e-12, 6.61e-11
2022-11-09, 12:34:52, 8.08e-13, 6.64e-11
2022-11-09, 12:34:56, 8.49e-13, 6.62e-11
2022-11-09, 12:35:00, 8.9e-13, 6.61e-11
2022-11-09, 12:35:05, 8.71e-13, 6.67e-11
2022-11-09, 12:35:09, 8.65e-13, 6.53e-11
2022-11-09, 12:35:13, 9.21e-13, 6.61e-11
2022-11-09, 12:35:17, 8.84e-13, 6.59e-11
2022-11-09, 12:35:22, 9.07e-13, 6.61e-11
2022-11-09, 12:35:26, 9.13e-13, 6.64e-11
2022-11-09, 12:35:30, 8.91e-13, 6.64e-11
2022-11-09, 12:35:34, 8.55e-13, 6.65e-11
2022-11-09, 12:35:38, 8e-13, 6.63e-11
2022-11-09, 12:35:43, 8.8e-13, 6.67e-11
2022-11-09, 12:35:47, 8.64e-13, 6.65e-11
2022-11-09, 12:35:51, 7.79e-13, 6.58e-11
2022-11-09, 12:35:55, 8.9e-13, 6.63e-11
2022-11-09, 12:35:59, 9.14e-13, 6.63e-11
2022-11-09, 12:36:04, 8.62e-13, 6.65e-11
2022-11-09, 12:36:08, 8.81e-13, 6.61e-11
2022-11-09, 12:36:12, 8.68e-13, 6.62e-11
2022-11-09, 12:36:16, 9.06e-13, 6.63e-11
2022-11-09, 12:36:21, 8.64e-13, 6.62e-11
2022-11-09, 12:36:25, 9.11e-13, 6.63e-11
2022-11-09, 12:36:29, 8.77e-13, 6.62e-11
2022-11-09, 12:36:33, 7.93e-13, 6.64e-11
2022-11-09, 12:36:37, 8.85e-13, 6.54e-11
2022-11-09, 12:36:42, 8.65e-13, 6.6e-11
2022-11-09, 12:36:46, 8.92e-13, 6.62e-11
2022-11-09, 12:36:50, 8.6e-13, 6.63e-11
2022-11-09, 12:36:54, 8.78e-13, 6.63e-11
2022-11-09, 12:36:59, 8.72e-13, 6.62e-11
2022-11-09, 12:37:03, 8e-13, 6.61e-11
2022-11-09, 12:37:07, 8.43e-13, 6.65e-11
2022-11-09, 12:37:11, 8.61e-13, 6.61e-11
2022-11-09, 12:37:15, 8.38e-13, 6.62e-11
2022-11-09, 12:37:20, 8.95e-13, 6.63e-11
2022-11-09, 12:37:24, 7.88e-13, 6.61e-11
2022-11-09, 12:37:28, 9.99e-13, 6.63e-11
2022-11-09, 12:37:32, 8.89e-13, 6.62e-11
2022-11-09, 12:37:37, 8.66e-13, 6.66e-11
2022-11-09, 12:37:41, 9.27e-13, 6.66e-11
2022-11-09, 12:37:45, 8.19e-13, 6.61e-11
2022-11-09, 12:37:49, 8.44e-13, 6.6e-11
2022-11-09, 12:37:53, 9.62e-13, 6.58e-11
2022-11-09, 12:37:58, 8.88e-13, 6.61e-11
2022-11-09, 12:38:02, 8.61e-13, 6.62e-11
2022-11-09, 12:38:06, 9.29e-13, 6.56e-11
2022-11-09, 12:38:10, 8.69e-13, 6.55e-11
2022-11-09, 12:38:15, 8.51e-13, 6.6e-11
2022-11-09, 12:38:19, 8.62e-13, 6.64e-11
2022-11-09, 12:38:23, 8.6e-13, 6.64e-11
2022-11-09, 12:38:27, 9.01e-13, 6.62e-11
2022-11-09, 12:38:31, 8.69e-13, 6.63e-11
2022-11-09, 12:38:36, 8.65e-13, 6.62e-11
2022-11-09, 12:38:40, 8.54e-13, 6.6e-11
2022-11-09, 12:38:44, 9.61e-13, 6.64e-11
2022-11-09, 12:38:48, 8.88e-13, 6.63e-11
2022-11-09, 12:38:53, 8.07e-13, 6.63e-11
2022-11-09, 12:38:57, 8.86e-13, 6.63e-11
2022-11-09, 12:39:01, 8.71e-13, 6.65e-11
2022-11-09, 12:39:05, 9.47e-13, 6.66e-11
2022-11-09, 12:39:09, 9.16e-13, 6.64e-11
2022-11-09, 12:39:14, 8.73e-13, 6.7e-11
2022-11-09, 12:39:18, 8.73e-13, 6.61e-11
2022-11-09, 12:39:22, 9.37e-13, 6.65e-11
2022-11-09, 12:39:26, 8.68e-13, 6.64e-11
2022-11-09, 12:39:30, 8.28e-13, 6.67e-11
2022-11-09, 12:39:35, 8.36e-13, 6.63e-11
2022-11-09, 12:39:39, 8.59e-13, 6.66e-11
2022-11-09, 12:39:43, 8.55e-13, 6.68e-11
2022-11-09, 12:39:47, 9.97e-13, 6.6e-11
2022-11-09, 12:39:52, 8.62e-13, 6.65e-11
2022-11-09, 12:39:56, 8.69e-13, 6.63e-11
2022-11-09, 12:40:00, 8.21e-13, 6.64e-11
2022-11-09, 12:40:04, 9.35e-13, 6.6e-11
2022-11-09, 12:40:08, 9.25e-13, 6.64e-11
2022-11-09, 12:40:13, 9.43e-13, 6.62e-11
2022-11-09, 12:40:17, 9.01e-13, 6.62e-11
2022-11-09, 12:40:21, 8.08e-13, 6.64e-11
2022-11-09, 12:40:25, 9.27e-13, 6.55e-11
2022-11-09, 12:40:30, 9.23e-13, 6.66e-11
2022-11-09, 12:40:34, 9.03e-13, 6.6e-11
2022-11-09, 12:40:38, 8.34e-13, 6.65e-11
2022-11-09, 12:40:42, 7.77e-13, 6.62e-11
2022-11-09, 12:40:46, 9.29e-13, 6.64e-11
2022-11-09, 12:40:51, 9.22e-13, 6.59e-11
2022-11-09, 12:40:55, 9.44e-13, 6.56e-11
2022-11-09, 12:40:59, 9.06e-13, 6.65e-11
2022-11-09, 12:41:03, 8.49e-13, 6.64e-11
2022-11-09, 12:41:08, 8.91e-13, 6.64e-11
2022-11-09, 12:41:12, 8.4e-13, 6.6e-11
2022-11-09, 12:41:16, 8.78e-13, 6.55e-11
2022-11-09, 12:41:20, 8.08e-13, 6.54e-11
2022-11-09, 12:41:24, 8.46e-13, 6.64e-11
2022-11-09, 12:41:29, 8.98e-13, 6.62e-11
2022-11-09, 12:41:33, 8.42e-13, 6.64e-11
2022-11-09, 12:41:37, 1.02e-12, 6.52e-11
2022-11-09, 12:41:41, 8.97e-13, 6.6e-11
2022-11-09, 12:41:46, 8.62e-13, 6.66e-11
2022-11-09, 12:41:50, 8.68e-13, 6.66e-11
2022-11-09, 12:41:54, 9.85e-13, 6.65e-11
2022-11-09, 12:41:58, 8.75e-13, 6.62e-11
2022-11-09, 12:42:02, 9.14e-13, 6.59e-11
2022-11-09, 12:42:07, 9.13e-13, 6.63e-11
2022-11-09, 12:42:11, 8.77e-13, 6.63e-11
2022-11-09, 12:42:15, 8.98e-13, 6.64e-11
2022-11-09, 12:42:19, 8.59e-13, 6.63e-11
2022-11-09, 12:42:24, 9.13e-13, 6.63e-11
2022-11-09, 12:42:28, 9.32e-13, 6.64e-11
2022-11-09, 12:42:32, 7.08e-13, 6.58e-11
2022-11-09, 12:42:36, 8.51e-13, 6.62e-11
2022-11-09, 12:42:40, 9.02e-13, 6.64e-11
2022-11-09, 12:42:45, 8.63e-13, 6.58e-11
2022-11-09, 12:42:49, 8.74e-13, 6.63e-11
2022-11-09, 12:42:53, 1e-12, 6.65e-11
2022-11-09, 12:42:57, 9.48e-13, 6.64e-11
2022-11-09, 12:43:02, 8.42e-13, 6.63e-11
2022-11-09, 12:43:06, 8.43e-13, 6.66e-11
2022-11-09, 12:43:10, 8.16e-13, 6.61e-11
2022-11-09, 12:43:14, 8.75e-13, 6.63e-11
2022-11-09, 12:43:18, 8.93e-13, 6.67e-11
2022-11-09, 12:43:23, 9.3e-13, 6.66e-11
2022-11-09, 12:43:27, 8.41e-13, 6.66e-11
2022-11-09, 12:43:31, 8.98e-13, 6.65e-11
2022-11-09, 12:43:35, 8.95e-13, 6.62e-11
2022-11-09, 12:43:40, 8.83e-13, 6.67e-11
2022-11-09, 12:43:44, 7.78e-13, 6.66e-11
2022-11-09, 12:43:48, 8.65e-13, 6.59e-11
2022-11-09, 12:43:52, 8.81e-13, 6.64e-11
2022-11-09, 12:43:56, 9.02e-13, 6.66e-11
2022-11-09, 12:44:01, 8.44e-13, 6.69e-11
2022-11-09, 12:44:05, 9.22e-13, 6.63e-11
2022-11-09, 12:44:09, 9.89e-13, 6.65e-11
2022-11-09, 12:44:13, 8.71e-13, 6.64e-11
2022-11-09, 12:44:17, 1.05e-12, 6.59e-11
2022-11-09, 12:44:22, 8.94e-13, 6.6e-11
2022-11-09, 12:44:26, 8.64e-13, 6.64e-11
2022-11-09, 12:44:30, 8.94e-13, 6.62e-11
2022-11-09, 12:44:34, 9.54e-13, 6.63e-11
2022-11-09, 12:44:39, 9.01e-13, 6.64e-11
2022-11-09, 12:44:43, 8.86e-13, 6.6e-11
2022-11-09, 12:44:47, 8.62e-13, 6.67e-11
2022-11-09, 12:44:51, 8.52e-13, 6.65e-11
2022-11-09, 12:44:55, 1.01e-12, 6.67e-11
2022-11-09, 12:45:00, 7.81e-13, 6.67e-11
2022-11-09, 12:45:04, 8.56e-13, 6.61e-11
2022-11-09, 12:45:08, 8.73e-13, 6.68e-11
2022-11-09, 12:45:12, 9.09e-13, 6.62e-11
2022-11-09, 12:45:17, 8.27e-13, 6.72e-11
2022-11-09, 12:45:21, 8.9e-13, 6.72e-11
2022-11-09, 12:45:25, 8.23e-13, 6.67e-11
2022-11-09, 12:45:29, 7.58e-13, 6.66e-11
2022-11-09, 12:45:33, 8.46e-13, 6.63e-11
2022-11-09, 12:45:38, 8.85e-13, 6.55e-11
2022-11-09, 12:45:42, 9.28e-13, 6.6e-11
2022-11-09, 12:45:46, 8.61e-13, 6.61e-11
2022-11-09, 12:45:50, 8.7e-13, 6.62e-11
2022-11-09, 12:45:55, 8.45e-13, 6.67e-11
2022-11-09, 12:45:59, 8.69e-13, 6.69e-11
2022-11-09, 12:46:03, 1e-12, 6.67e-11
2022-11-09, 12:46:07, 8.88e-13, 6.63e-11
2022-11-09, 12:46:11, 8.59e-13, 6.67e-11
2022-11-09, 12:46:16, 8.54e-13, 6.63e-11
2022-11-09, 12:46:20, 9.01e-13, 6.62e-11
2022-11-09, 12:46:24, 8.75e-13, 6.61e-11
2022-11-09, 12:46:28, 8.68e-13, 6.66e-11
2022-11-09, 12:46:33, 8.92e-13, 6.68e-11
2022-11-09, 12:46:37, 9.24e-13, 6.67e-11
2022-11-09, 12:46:41, 7.99e-13, 6.57e-11
2022-11-09, 12:46:45, 9.03e-13, 6.67e-11
2022-11-09, 12:46:49, 9.34e-13, 6.63e-11
2022-11-09, 12:46:54, 8.48e-13, 6.59e-11
2022-11-09, 12:46:58, 8.92e-13, 6.68e-11
2022-11-09, 12:47:02, 8.84e-13, 6.65e-11
2022-11-09, 12:47:06, 8.85e-13, 6.67e-11
2022-11-09, 12:47:11, 8e-13, 6.65e-11
2022-11-09, 12:47:15, 9.21e-13, 6.66e-11
2022-11-09, 12:47:19, 8.94e-13, 6.65e-11
2022-11-09, 12:47:23, 8.65e-13, 6.67e-11
2022-11-09, 12:47:27, 8.95e-13, 6.67e-11
2022-11-09, 12:47:32, 8.18e-13, 6.65e-11
2022-11-09, 12:47:36, 8.64e-13, 6.62e-11
2022-11-09, 12:47:40, 7.55e-13, 6.61e-11
2022-11-09, 12:47:44, 8.74e-13, 6.68e-11
2022-11-09, 12:47:49, 1.01e-12, 6.68e-11
2022-11-09, 12:47:53, 9.06e-13, 6.66e-11
2022-11-09, 12:47:57, 8.76e-13, 6.65e-11
2022-11-09, 12:48:01, 8.69e-13, 6.66e-11
2022-11-09, 12:48:05, 8.22e-13, 6.67e-11
2022-11-09, 12:48:10, 9.65e-13, 6.65e-11
2022-11-09, 12:48:14, 8.74e-13, 6.59e-11
2022-11-09, 12:48:18, 8.89e-13, 6.65e-11
2022-11-09, 12:48:22, 8.15e-13, 6.65e-11
2022-11-09, 12:48:26, 9.08e-13, 6.6e-11
2022-11-09, 12:48:31, 8.87e-13, 6.66e-11
2022-11-09, 12:48:35, 7.9e-13, 6.6e-11
2022-11-09, 12:48:39, 8.59e-13, 6.66e-11
2022-11-09, 12:48:43, 8.71e-13, 6.68e-11
2022-11-09, 12:48:48, 9e-13, 6.68e-11
2022-11-09, 12:48:52, 7.46e-13, 6.67e-11
2022-11-09, 12:48:56, 8.95e-13, 6.68e-11
2022-11-09, 12:49:00, 7.85e-13, 6.67e-11
2022-11-09, 12:49:04, 8.81e-13, 6.68e-11
2022-11-09, 12:49:09, 8.38e-13, 6.66e-11
2022-11-09, 12:49:13, 8.21e-13, 6.63e-11
2022-11-09, 12:49:17, 9.05e-13, 6.65e-11
2022-11-09, 12:49:21, 8.93e-13, 6.63e-11
2022-11-09, 12:49:26, 8.76e-13, 6.63e-11
2022-11-09, 12:49:30, 8.57e-13, 6.68e-11
2022-11-09, 12:49:34, 8.14e-13, 6.63e-11
2022-11-09, 12:49:38, 9.49e-13, 6.63e-11
2022-11-09, 12:49:42, 8.32e-13, 6.68e-11
2022-11-09, 12:49:47, 7.55e-13, 6.62e-11
2022-11-09, 12:49:51, 8.96e-13, 6.69e-11
2022-11-09, 12:49:55, 8.39e-13, 6.68e-11
2022-11-09, 12:49:59, 8.41e-13, 6.66e-11
2022-11-09, 12:50:04, 8.66e-13, 6.65e-11
2022-11-09, 12:50:08, 9.42e-13, 6.64e-11
2022-11-09, 12:50:12, 8.77e-13, 6.68e-11
2022-11-09, 12:50:16, 7.85e-13, 6.66e-11
2022-11-09, 12:50:20, 8.54e-13, 6.67e-11
2022-11-09, 12:50:25, 8.57e-13, 6.59e-11
2022-11-09, 12:50:29, 8.95e-13, 6.68e-11
2022-11-09, 12:50:33, 8.63e-13, 6.66e-11
2022-11-09, 12:50:37, 8.7e-13, 6.69e-11
2022-11-09, 12:50:42, 9.78e-13, 6.64e-11
2022-11-09, 12:50:46, 8.54e-13, 6.64e-11
2022-11-09, 12:50:50, 8.73e-13, 6.67e-11
2022-11-09, 12:50:54, 9.09e-13, 6.67e-11
2022-11-09, 12:50:58, 8.81e-13, 6.68e-11
2022-11-09, 12:51:03, 8.52e-13, 6.6e-11
2022-11-09, 12:51:07, 8.62e-13, 6.67e-11
2022-11-09, 12:51:11, 8.68e-13, 6.66e-11
2022-11-09, 12:51:15, 8.33e-13, 6.6e-11
2022-11-09, 12:51:20, 8.84e-13, 6.65e-11
2022-11-09, 12:51:24, 9.25e-13, 6.68e-11
2022-11-09, 12:51:28, 8.79e-13, 6.62e-11
2022-11-09, 12:51:32, 8.94e-13, 6.64e-11
2022-11-09, 12:51:36, 8.68e-13, 6.64e-11
2022-11-09, 12:51:41, 9e-13, 6.65e-11
2022-11-09, 12:51:45, 8.15e-13, 6.67e-11
2022-11-09, 12:51:49, 9.08e-13, 6.65e-11
2022-11-09, 12:51:53, 9.04e-13, 6.67e-11
2022-11-09, 12:51:57, 8.69e-13, 6.66e-11
2022-11-09, 12:52:02, 8.84e-13, 6.65e-11
2022-11-09, 12:52:06, 8.5e-13, 6.6e-11
2022-11-09, 12:52:10, 8.6e-13, 6.64e-11
2022-11-09, 12:52:14, 8.36e-13, 6.63e-11
2022-11-09, 12:52:19, 8.53e-13, 6.6e-11
2022-11-09, 12:52:23, 8.41e-13, 6.64e-11
2022-11-09, 12:52:27, 9.51e-13, 6.64e-11
2022-11-09, 12:52:31, 8.15e-13, 6.57e-11
2022-11-09, 12:52:35, 8.84e-13, 6.65e-11
2022-11-09, 12:52:40, 8.2e-13, 6.66e-11
2022-11-09, 12:52:44, 9.28e-13, 6.6e-11
2022-11-09, 12:52:48, 8.22e-13, 6.61e-11
2022-11-09, 12:52:52, 8.42e-13, 6.61e-11
2022-11-09, 12:52:57, 8.41e-13, 6.66e-11
2022-11-09, 12:53:01, 8.62e-13, 6.66e-11
2022-11-09, 12:53:05, 8.84e-13, 6.64e-11
2022-11-09, 12:53:09, 8.98e-13, 6.64e-11
2022-11-09, 12:53:13, 8.92e-13, 6.61e-11
2022-11-09, 12:53:18, 8.7e-13, 6.63e-11
2022-11-09, 12:53:22, 8.55e-13, 6.67e-11
2022-11-09, 12:53:26, 8.35e-13, 6.67e-11
2022-11-09, 12:53:30, 8.99e-13, 6.66e-11
2022-11-09, 12:53:35, 9.27e-13, 6.58e-11
2022-11-09, 12:53:39, 8.59e-13, 6.62e-11
2022-11-09, 12:53:43, 7.52e-13, 6.63e-11
2022-11-09, 12:53:47, 8.69e-13, 6.67e-11
2022-11-09, 12:53:51, 9.14e-13, 6.65e-11
2022-11-09, 12:53:56, 8.99e-13, 6.63e-11
2022-11-09, 12:54:00, 8.81e-13, 6.66e-11
2022-11-09, 12:54:04, 8.06e-13, 6.65e-11
2022-11-09, 12:54:08, 8.89e-13, 6.67e-11
2022-11-09, 12:54:13, 8.8e-13, 6.64e-11
2022-11-09, 12:54:17, 8.99e-13, 6.66e-11
2022-11-09, 12:54:21, 8.29e-13, 6.63e-11
2022-11-09, 12:54:25, 8.53e-13, 6.67e-11
2022-11-09, 12:54:29, 9.15e-13, 6.56e-11
2022-11-09, 12:54:34, 8.39e-13, 6.67e-11
2022-11-09, 12:54:38, 1.04e-12, 6.64e-11
2022-11-09, 12:54:42, 8.5e-13, 6.66e-11
2022-11-09, 12:54:46, 8.09e-13, 6.65e-11
2022-11-09, 12:54:51, 9.29e-13, 6.57e-11
2022-11-09, 12:54:55, 9.48e-13, 6.67e-11
2022-11-09, 12:54:59, 9.14e-13, 6.67e-11
2022-11-09, 12:55:03, 8.68e-13, 6.55e-11
2022-11-09, 12:55:07, 8.7e-13, 6.67e-11
2022-11-09, 12:55:12, 8.92e-13, 6.68e-11
2022-11-09, 12:55:16, 8.88e-13, 6.65e-11
2022-11-09, 12:55:20, 8.66e-13, 6.64e-11
2022-11-09, 12:55:24, 9.02e-13, 6.64e-11
2022-11-09, 12:55:28, 8.72e-13, 6.64e-11
2022-11-09, 12:55:33, 8.4e-13, 6.64e-11
2022-11-09, 12:55:37, 8.41e-13, 6.63e-11
2022-11-09, 12:55:41, 8.63e-13, 6.57e-11
2022-11-09, 12:55:45, 8.05e-13, 6.65e-11
2022-11-09, 12:55:50, 1.05e-12, 6.68e-11
2022-11-09, 12:55:54, 1e-12, 6.57e-11
2022-11-09, 12:55:58, 8.84e-13, 6.66e-11
2022-11-09, 12:56:02, 9.6e-13, 6.67e-11
2022-11-09, 12:56:06, 9.08e-13, 6.69e-11
2022-11-09, 12:56:11, 8.62e-13, 6.65e-11
2022-11-09, 12:56:15, 8.11e-13, 6.67e-11
2022-11-09, 12:56:19, 9e-13, 6.63e-11
2022-11-09, 12:56:23, 8.71e-13, 6.66e-11
2022-11-09, 12:56:28, 9.32e-13, 6.65e-11
2022-11-09, 12:56:32, 8.92e-13, 6.6e-11
2022-11-09, 12:56:36, 7.66e-13, 6.66e-11
2022-11-09, 12:56:40, 8.73e-13, 6.6e-11
2022-11-09, 12:56:44, 7.52e-13, 6.65e-11
2022-11-09, 12:56:49, 8.59e-13, 6.63e-11
2022-11-09, 12:56:53, 8.74e-13, 6.65e-11
2022-11-09, 12:56:57, 8.16e-13, 6.65e-11
2022-11-09, 12:57:01, 8.7e-13, 6.65e-11
2022-11-09, 12:57:06, 9.53e-13, 6.63e-11
2022-11-09, 12:57:10, 8.68e-13, 6.66e-11
2022-11-09, 12:57:14, 9.18e-13, 6.65e-11
2022-11-09, 12:57:18, 1.04e-12, 6.6e-11
2022-11-09, 12:57:22, 8.8e-13, 6.65e-11
2022-11-09, 12:57:27, 8.9e-13, 6.64e-11
2022-11-09, 12:57:31, 1.06e-12, 6.64e-11
2022-11-09, 12:57:35, 8.02e-13, 6.66e-11
2022-11-09, 12:57:39, 8.81e-13, 6.62e-11
2022-11-09, 12:57:44, 8.02e-13, 6.65e-11
2022-11-09, 12:57:48, 7.74e-13, 6.66e-11
2022-11-09, 12:57:52, 8.74e-13, 6.63e-11
2022-11-09, 12:57:56, 9.33e-13, 6.64e-11
2022-11-09, 12:58:00, 7.73e-13, 6.63e-11
2022-11-09, 12:58:05, 7.7e-13, 6.64e-11
2022-11-09, 12:58:09, 8.45e-13, 6.62e-11
2022-11-09, 12:58:13, 8.92e-13, 6.66e-11
2022-11-09, 12:58:17, 8.66e-13, 6.69e-11
2022-11-09, 12:58:22, 8.62e-13, 6.68e-11
2022-11-09, 12:58:26, 8.72e-13, 6.64e-11
2022-11-09, 12:58:30, 8.7e-13, 6.64e-11
2022-11-09, 12:58:34, 8.64e-13, 6.67e-11
2022-11-09, 12:58:38, 8.19e-13, 6.61e-11
2022-11-09, 12:58:43, 8.85e-13, 6.64e-11
2022-11-09, 12:58:47, 8.96e-13, 6.67e-11
2022-11-09, 12:58:51, 8.85e-13, 6.65e-11
2022-11-09, 12:58:55, 9.33e-13, 6.65e-11
2022-11-09, 12:59:00, 8.66e-13, 6.63e-11
2022-11-09, 12:59:04, 8.78e-13, 6.63e-11
2022-11-09, 12:59:08, 8.09e-13, 6.64e-11
2022-11-09, 12:59:12, 8.47e-13, 6.61e-11
2022-11-09, 12:59:16, 8.91e-13, 6.54e-11
2022-11-09, 12:59:21, 9.08e-13, 6.63e-11
2022-11-09, 12:59:25, 8.68e-13, 6.62e-11
2022-11-09, 12:59:29, 8.91e-13, 6.63e-11
2022-11-09, 12:59:33, 8.82e-13, 6.63e-11
2022-11-09, 12:59:37, 8.32e-13, 6.62e-11
2022-11-09, 12:59:42, 8.65e-13, 6.61e-11
2022-11-09, 12:59:46, 9.35e-13, 6.62e-11
2022-11-09, 12:59:50, 9.07e-13, 6.63e-11
2022-11-09, 12:59:54, 8.54e-13, 6.65e-11
2022-11-09, 12:59:59, 9.88e-13, 6.65e-11
2022-11-09, 13:00:03, 8.64e-13, 6.64e-11
2022-11-09, 13:00:07, 8.43e-13, 6.64e-11
2022-11-09, 13:00:11, 8.81e-13, 6.6e-11
2022-11-09, 13:00:15, 8.86e-13, 6.63e-11
2022-11-09, 13:00:20, 9.06e-13, 6.63e-11
2022-11-09, 13:00:24, 1.02e-12, 6.64e-11
2022-11-09, 13:00:28, 9.21e-13, 6.58e-11
2022-11-09, 13:00:32, 8.02e-13, 6.61e-11
2022-11-09, 13:00:37, 8.8e-13, 6.69e-11
2022-11-09, 13:00:41, 8.88e-13, 6.68e-11
2022-11-09, 13:00:45, 9.16e-13, 6.67e-11
2022-11-09, 13:00:49, 9.29e-13, 6.65e-11
2022-11-09, 13:00:53, 8.13e-13, 6.69e-11
2022-11-09, 13:00:58, 8.98e-13, 6.62e-11
2022-11-09, 13:01:02, 9.46e-13, 6.65e-11
2022-11-09, 13:01:06, 1.08e-12, 6.63e-11
2022-11-09, 13:01:10, 9.05e-13, 6.66e-11
2022-11-09, 13:01:15, 8.43e-13, 6.66e-11
2022-11-09, 13:01:19, 9.46e-13, 6.64e-11
2022-11-09, 13:01:23, 8.65e-13, 6.61e-11
2022-11-09, 13:01:27, 8.76e-13, 6.64e-11
2022-11-09, 13:01:31, 9.29e-13, 6.65e-11
2022-11-09, 13:01:36, 9e-13, 6.62e-11
2022-11-09, 13:01:40, 9.15e-13, 6.59e-11
2022-11-09, 13:01:44, 8.92e-13, 6.6e-11
2022-11-09, 13:01:48, 8.52e-13, 6.62e-11
2022-11-09, 13:01:53, 8.99e-13, 6.63e-11
2022-11-09, 13:01:57, 8.7e-13, 6.62e-11
2022-11-09, 13:02:01, 8.82e-13, 6.63e-11
2022-11-09, 13:02:05, 8.55e-13, 6.6e-11
2022-11-09, 13:02:09, 9.11e-13, 6.62e-11
2022-11-09, 13:02:14, 8.7e-13, 6.63e-11
2022-11-09, 13:02:18, 8.74e-13, 6.66e-11
2022-11-09, 13:02:22, 8.28e-13, 6.65e-11
2022-11-09, 13:02:26, 8.6e-13, 6.64e-11
2022-11-09, 13:02:31, 8.49e-13, 6.67e-11
2022-11-09, 13:02:35, 8.83e-13, 6.69e-11
2022-11-09, 13:02:39, 8.76e-13, 6.69e-11
2022-11-09, 13:02:43, 9.86e-13, 6.65e-11
2022-11-09, 13:02:47, 8.22e-13, 6.66e-11
2022-11-09, 13:02:52, 9.27e-13, 6.64e-11
2022-11-09, 13:02:56, 8.52e-13, 6.65e-11
2022-11-09, 13:03:00, 8.8e-13, 6.64e-11
2022-11-09, 13:03:04, 8.83e-13, 6.64e-11
2022-11-09, 13:03:09, 9.12e-13, 6.63e-11
2022-11-09, 13:03:13, 8.56e-13, 6.63e-11
2022-11-09, 13:03:17, 8.6e-13, 6.63e-11
2022-11-09, 13:03:21, 8.45e-13, 6.62e-11
2022-11-09, 13:03:25, 8.12e-13, 6.64e-11
2022-11-09, 13:03:30, 8.66e-13, 6.6e-11
2022-11-09, 13:03:34, 9.06e-13, 6.61e-11
2022-11-09, 13:03:38, 8.32e-13, 6.61e-11
2022-11-09, 13:03:42, 1.07e-12, 6.64e-11
2022-11-09, 13:03:46, 9.23e-13, 6.63e-11
2022-11-09, 13:03:51, 8.68e-13, 6.63e-11
2022-11-09, 13:03:55, 9.38e-13, 6.64e-11
2022-11-09, 13:03:59, 8.74e-13, 6.64e-11
2022-11-09, 13:04:03, 8.84e-13, 6.63e-11
2022-11-09, 13:04:08, 8.7e-13, 6.63e-11
2022-11-09, 13:04:12, 8.63e-13, 6.63e-11
2022-11-09, 13:04:16, 7.87e-13, 6.61e-11
2022-11-09, 13:04:20, 8.78e-13, 6.59e-11
2022-11-09, 13:04:24, 8.77e-13, 6.62e-11
2022-11-09, 13:04:29, 9.74e-13, 6.63e-11
2022-11-09, 13:04:33, 9.44e-13, 6.62e-11
2022-11-09, 13:04:37, 8.71e-13, 6.62e-11
2022-11-09, 13:04:41, 8.58e-13, 6.61e-11
2022-11-09, 13:04:46, 7.78e-13, 6.63e-11
2022-11-09, 13:04:50, 7.73e-13, 6.61e-11
2022-11-09, 13:04:54, 8.99e-13, 6.65e-11
2022-11-09, 13:04:58, 9.37e-13, 6.65e-11
2022-11-09, 13:05:02, 9.47e-13, 6.63e-11
2022-11-09, 13:05:07, 8.84e-13, 6.64e-11
2022-11-09, 13:05:11, 9.19e-13, 6.67e-11
2022-11-09, 13:05:15, 9.13e-13, 6.63e-11
2022-11-09, 13:05:19, 8.86e-13, 6.62e-11
2022-11-09, 13:05:24, 8.31e-13, 6.61e-11
2022-11-09, 13:05:28, 8.35e-13, 6.61e-11
2022-11-09, 13:05:32, 8.91e-13, 6.61e-11
2022-11-09, 13:05:36, 8.94e-13, 6.64e-11
2022-11-09, 13:05:40, 8.67e-13, 6.6e-11
2022-11-09, 13:05:45, 8.04e-13, 6.55e-11
2022-11-09, 13:05:49, 8.53e-13, 6.57e-11
2022-11-09, 13:05:53, 8.52e-13, 6.62e-11
2022-11-09, 13:05:57, 9.33e-13, 6.65e-11
2022-11-09, 13:06:02, 8.32e-13, 6.62e-11
2022-11-09, 13:06:06, 9.29e-13, 6.62e-11
2022-11-09, 13:06:10, 9.07e-13, 6.61e-11
2022-11-09, 13:06:14, 8.55e-13, 6.6e-11
2022-11-09, 13:06:18, 9.11e-13, 6.62e-11
2022-11-09, 13:06:23, 9.03e-13, 6.6e-11
2022-11-09, 13:06:27, 9.25e-13, 6.57e-11
2022-11-09, 13:06:31, 9.11e-13, 6.54e-11
2022-11-09, 13:06:35, 8.62e-13, 6.62e-11
2022-11-09, 13:06:40, 8.75e-13, 6.63e-11
2022-11-09, 13:06:44, 8.44e-13, 6.63e-11
2022-11-09, 13:06:48, 8.39e-13, 6.63e-11
2022-11-09, 13:06:52, 8.73e-13, 6.63e-11
2022-11-09, 13:06:56, 8.84e-13, 6.63e-11
2022-11-09, 13:07:01, 9.59e-13, 6.62e-11
2022-11-09, 13:07:05, 9.35e-13, 6.63e-11
2022-11-09, 13:07:09, 8.64e-13, 6.63e-11
2022-11-09, 13:07:13, 8.91e-13, 6.62e-11
2022-11-09, 13:07:17, 9.03e-13, 6.64e-11
2022-11-09, 13:07:22, 8.85e-13, 6.65e-11
2022-11-09, 13:07:26, 9.04e-13, 6.64e-11
2022-11-09, 13:07:30, 8.87e-13, 6.61e-11
2022-11-09, 13:07:34, 9.2e-13, 6.62e-11
2022-11-09, 13:07:39, 8.97e-13, 6.62e-11
2022-11-09, 13:07:43, 8.61e-13, 6.64e-11
2022-11-09, 13:07:47, 8.59e-13, 6.59e-11
2022-11-09, 13:07:51, 9.2e-13, 6.65e-11
2022-11-09, 13:07:55, 9.21e-13, 6.62e-11
2022-11-09, 13:08:00, 8.72e-13, 6.64e-11
2022-11-09, 13:08:04, 8.31e-13, 6.62e-11
2022-11-09, 13:08:08, 8.88e-13, 6.58e-11
2022-11-09, 13:08:12, 8.82e-13, 6.6e-11
2022-11-09, 13:08:17, 8.57e-13, 6.62e-11
2022-11-09, 13:08:21, 9.34e-13, 6.62e-11
2022-11-09, 13:08:25, 9.06e-13, 6.6e-11
2022-11-09, 13:08:29, 8.73e-13, 6.63e-11
2022-11-09, 13:08:33, 8.86e-13, 6.63e-11
2022-11-09, 13:08:38, 9.05e-13, 6.61e-11
2022-11-09, 13:08:42, 8.66e-13, 6.61e-11
2022-11-09, 13:08:46, 8.45e-13, 6.61e-11
2022-11-09, 13:08:50, 8.91e-13, 6.57e-11
2022-11-09, 13:08:55, 8.92e-13, 6.59e-11
2022-11-09, 13:08:59, 8.71e-13, 6.61e-11
2022-11-09, 13:09:03, 8.96e-13, 6.63e-11
2022-11-09, 13:09:07, 8.72e-13, 6.63e-11
2022-11-09, 13:09:11, 8.75e-13, 6.62e-11
2022-11-09, 13:09:16, 8.52e-13, 6.6e-11
2022-11-09, 13:09:20, 7.93e-13, 6.61e-11
2022-11-09, 13:09:24, 7.86e-13, 6.59e-11
2022-11-09, 13:09:28, 8.76e-13, 6.6e-11
2022-11-09, 13:09:33, 8.5e-13, 6.61e-11
2022-11-09, 13:09:37, 8.64e-13, 6.62e-11
2022-11-09, 13:09:41, 8.94e-13, 6.61e-11
2022-11-09, 13:09:45, 8.78e-13, 6.6e-11
2022-11-09, 13:09:49, 8.69e-13, 6.58e-11
2022-11-09, 13:09:54, 8.68e-13, 6.62e-11
2022-11-09, 13:09:58, 9.15e-13, 6.61e-11
2022-11-09, 13:10:02, 8.75e-13, 6.62e-11
2022-11-09, 13:10:06, 9.61e-13, 6.65e-11
2022-11-09, 13:10:11, 8.77e-13, 6.69e-11
2022-11-09, 13:10:15, 1.01e-12, 6.67e-11
2022-11-09, 13:10:19, 8.48e-13, 6.64e-11
2022-11-09, 13:10:23, 9.13e-13, 6.64e-11
2022-11-09, 13:10:27, 8.11e-13, 6.65e-11
2022-11-09, 13:10:32, 8.41e-13, 6.62e-11
2022-11-09, 13:10:36, 8.45e-13, 6.64e-11
2022-11-09, 13:10:40, 8.33e-13, 6.65e-11
2022-11-09, 13:10:44, 8.14e-13, 6.64e-11
2022-11-09, 13:10:49, 8.34e-13, 6.65e-11
2022-11-09, 13:10:53, 9.38e-13, 6.64e-11
2022-11-09, 13:10:57, 1.03e-12, 6.64e-11
2022-11-09, 13:11:01, 8.33e-13, 6.64e-11
2022-11-09, 13:11:05, 8.74e-13, 6.62e-11
2022-11-09, 13:11:10, 9.04e-13, 6.59e-11
2022-11-09, 13:11:14, 7.15e-13, 6.65e-11
2022-11-09, 13:11:18, 8.73e-13, 6.55e-11
2022-11-09, 13:11:22, 9e-13, 6.65e-11
2022-11-09, 13:11:26, 8.35e-13, 6.66e-11
2022-11-09, 13:11:31, 8.61e-13, 6.66e-11
2022-11-09, 13:11:35, 9.41e-13, 6.63e-11
2022-11-09, 13:11:39, 8.8e-13, 6.61e-11
2022-11-09, 13:11:43, 8.25e-13, 6.66e-11
2022-11-09, 13:11:48, 8.38e-13, 6.65e-11
2022-11-09, 13:11:52, 8.56e-13, 6.68e-11
2022-11-09, 13:11:56, 9.3e-13, 6.65e-11
2022-11-09, 13:12:00, 9.77e-13, 6.63e-11
2022-11-09, 13:12:04, 9.15e-13, 6.64e-11
2022-11-09, 13:12:09, 8.16e-13, 6.65e-11
2022-11-09, 13:12:13, 9.1e-13, 6.61e-11
2022-11-09, 13:12:17, 8.3e-13, 6.63e-11
2022-11-09, 13:12:21, 8.61e-13, 6.62e-11
2022-11-09, 13:12:26, 9.04e-13, 6.63e-11
2022-11-09, 13:12:30, 8.7e-13, 6.62e-11
2022-11-09, 13:12:34, 8.97e-13, 6.64e-11
2022-11-09, 13:12:38, 8.86e-13, 6.62e-11
2022-11-09, 13:12:42, 8.67e-13, 6.64e-11
2022-11-09, 13:12:47, 8.58e-13, 6.63e-11
2022-11-09, 13:12:51, 8.55e-13, 6.62e-11
2022-11-09, 13:12:55, 8.88e-13, 6.64e-11
2022-11-09, 13:12:59, 9.45e-13, 6.64e-11
2022-11-09, 13:13:04, 9.09e-13, 6.65e-11
2022-11-09, 13:13:08, 8.55e-13, 6.61e-11
2022-11-09, 13:13:12, 7.26e-13, 6.63e-11
2022-11-09, 13:13:16, 8.69e-13, 6.65e-11
2022-11-09, 13:13:20, 8.81e-13, 6.54e-11
2022-11-09, 13:13:25, 8.76e-13, 6.6e-11
2022-11-09, 13:13:29, 8.77e-13, 6.67e-11
2022-11-09, 13:13:33, 8.85e-13, 6.64e-11
2022-11-09, 13:13:37, 8.46e-13, 6.65e-11
2022-11-09, 13:13:42, 9.09e-13, 6.62e-11
2022-11-09, 13:13:46, 8.47e-13, 6.61e-11
2022-11-09, 13:13:50, 9.28e-13, 6.62e-11
2022-11-09, 13:13:54, 8.56e-13, 6.61e-11
2022-11-09, 13:13:58, 8.84e-13, 6.64e-11
2022-11-09, 13:14:03, 8.68e-13, 6.62e-11
2022-11-09, 13:14:07, 8.53e-13, 6.58e-11
2022-11-09, 13:14:11, 8.27e-13, 6.65e-11
2022-11-09, 13:14:15, 8.89e-13, 6.61e-11
2022-11-09, 13:14:20, 8.76e-13, 6.65e-11
2022-11-09, 13:14:24, 8.5e-13, 6.63e-11
2022-11-09, 13:14:28, 8.96e-13, 6.59e-11
2022-11-09, 13:14:32, 8.58e-13, 6.64e-11
2022-11-09, 13:14:36, 1.03e-12, 6.63e-11
2022-11-09, 13:14:41, 8.29e-13, 6.63e-11
2022-11-09, 13:14:45, 9.21e-13, 6.63e-11
2022-11-09, 13:14:49, 9.97e-13, 6.63e-11
2022-11-09, 13:14:53, 8.86e-13, 6.67e-11
2022-11-09, 13:14:58, 8.69e-13, 6.63e-11
2022-11-09, 13:15:02, 9.38e-13, 6.62e-11
2022-11-09, 13:15:06, 8.59e-13, 6.63e-11
2022-11-09, 13:15:10, 8.83e-13, 6.67e-11
2022-11-09, 13:15:14, 1.02e-12, 6.64e-11
2022-11-09, 13:15:19, 8.6e-13, 6.62e-11
2022-11-09, 13:15:23, 8.6e-13, 6.62e-11
2022-11-09, 13:15:27, 8.91e-13, 6.63e-11
2022-11-09, 13:15:31, 8.78e-13, 6.63e-11
2022-11-09, 13:15:35, 8.58e-13, 6.65e-11
2022-11-09, 13:15:40, 8.26e-13, 6.67e-11
2022-11-09, 13:15:44, 8.95e-13, 6.66e-11
2022-11-09, 13:15:48, 8.15e-13, 6.62e-11
2022-11-09, 13:15:52, 8.37e-13, 6.63e-11
2022-11-09, 13:15:57, 8.79e-13, 6.62e-11
2022-11-09, 13:16:01, 8e-13, 6.66e-11
2022-11-09, 13:16:05, 8.24e-13, 6.66e-11
2022-11-09, 13:16:09, 8.15e-13, 6.64e-11
2022-11-09, 13:16:13, 8.9e-13, 6.64e-11
2022-11-09, 13:16:18, 8.64e-13, 6.64e-11
2022-11-09, 13:16:22, 9.12e-13, 6.66e-11
2022-11-09, 13:16:26, 8.55e-13, 6.61e-11
2022-11-09, 13:16:30, 9.25e-13, 6.66e-11
2022-11-09, 13:16:35, 7.74e-13, 6.59e-11
2022-11-09, 13:16:39, 8.75e-13, 6.64e-11
2022-11-09, 13:16:43, 9.01e-13, 6.67e-11
2022-11-09, 13:16:47, 8.71e-13, 6.67e-11
2022-11-09, 13:16:51, 8.95e-13, 6.66e-11
2022-11-09, 13:16:56, 8.73e-13, 6.64e-11
2022-11-09, 13:17:00, 8.6e-13, 6.66e-11
2022-11-09, 13:17:04, 8.21e-13, 6.68e-11
2022-11-09, 13:17:08, 8.44e-13, 6.67e-11
2022-11-09, 13:17:13, 8.74e-13, 6.64e-11
2022-11-09, 13:17:17, 8.89e-13, 6.64e-11
2022-11-09, 13:17:21, 8.95e-13, 6.65e-11
2022-11-09, 13:17:25, 9.17e-13, 6.6e-11
2022-11-09, 13:17:29, 8.46e-13, 6.66e-11
2022-11-09, 13:17:34, 8.71e-13, 6.65e-11
2022-11-09, 13:17:38, 9.22e-13, 6.64e-11
2022-11-09, 13:17:42, 8.6e-13, 6.62e-11
2022-11-09, 13:17:46, 8.71e-13, 6.65e-11
2022-11-09, 13:17:51, 9.03e-13, 6.56e-11
2022-11-09, 13:17:55, 8.77e-13, 6.63e-11
2022-11-09, 13:17:59, 8.41e-13, 6.65e-11
2022-11-09, 13:18:03, 8.45e-13, 6.61e-11
2022-11-09, 13:18:07, 8.38e-13, 6.64e-11
2022-11-09, 13:18:12, 8.6e-13, 6.62e-11
2022-11-09, 13:18:16, 8.68e-13, 6.61e-11
2022-11-09, 13:18:20, 7.8e-13, 6.61e-11
2022-11-09, 13:18:24, 8.98e-13, 6.65e-11
2022-11-09, 13:18:29, 8.25e-13, 6.62e-11
2022-11-09, 13:18:33, 9.27e-13, 6.61e-11
2022-11-09, 13:18:37, 9.17e-13, 6.55e-11
2022-11-09, 13:18:41, 8.9e-13, 6.64e-11
2022-11-09, 13:18:45, 7.75e-13, 6.63e-11
2022-11-09, 13:18:50, 9.13e-13, 6.61e-11
2022-11-09, 13:18:54, 8.23e-13, 6.62e-11
2022-11-09, 13:18:58, 9.17e-13, 6.63e-11
2022-11-09, 13:19:02, 9.12e-13, 6.63e-11
2022-11-09, 13:19:07, 8.37e-13, 6.65e-11
2022-11-09, 13:19:11, 9.58e-13, 6.59e-11
2022-11-09, 13:19:15, 9.04e-13, 6.63e-11
2022-11-09, 13:19:19, 8.15e-13, 6.6e-11
2022-11-09, 13:19:23, 9.13e-13, 6.64e-11
2022-11-09, 13:19:28, 9.09e-13, 6.69e-11
2022-11-09, 13:19:32, 9.34e-13, 6.6e-11
2022-11-09, 13:19:36, 8.64e-13, 6.62e-11
2022-11-09, 13:19:40, 7.8e-13, 6.6e-11
2022-11-09, 13:19:44, 8.68e-13, 6.63e-11
2022-11-09, 13:19:49, 1.07e-12, 6.64e-11
2022-11-09, 13:19:53, 8.94e-13, 6.6e-11
2022-11-09, 13:19:57, 8.88e-13, 6.66e-11
2022-11-09, 13:20:01, 8.83e-13, 6.62e-11
2022-11-09, 13:20:06, 9.15e-13, 6.65e-11
2022-11-09, 13:20:10, 8.62e-13, 6.61e-11
2022-11-09, 13:20:14, 8.16e-13, 6.65e-11
2022-11-09, 13:20:18, 8.71e-13, 6.61e-11
2022-11-09, 13:20:22, 9.33e-13, 6.67e-11
2022-11-09, 13:20:27, 9.3e-13, 6.66e-11
2022-11-09, 13:20:31, 9.12e-13, 6.64e-11
2022-11-09, 13:20:35, 8.87e-13, 6.65e-11
2022-11-09, 13:20:39, 8.42e-13, 6.62e-11
2022-11-09, 13:20:44, 8.78e-13, 6.67e-11
2022-11-09, 13:20:48, 8.14e-13, 6.64e-11
2022-11-09, 13:20:52, 8.61e-13, 6.63e-11
2022-11-09, 13:20:56, 9.2e-13, 6.6e-11
2022-11-09, 13:21:00, 9.9e-13, 6.62e-11
2022-11-09, 13:21:05, 8.73e-13, 6.62e-11
2022-11-09, 13:21:09, 9.95e-13, 6.58e-11
2022-11-09, 13:21:13, 8.88e-13, 6.62e-11
2022-11-09, 13:21:17, 8.37e-13, 6.64e-11
2022-11-09, 13:21:22, 8.97e-13, 6.65e-11
2022-11-09, 13:21:26, 8.34e-13, 6.59e-11
2022-11-09, 13:21:30, 8.65e-13, 6.63e-11
2022-11-09, 13:21:34, 7.58e-13, 6.61e-11
2022-11-09, 13:21:38, 8.48e-13, 6.62e-11
2022-11-09, 13:21:43, 8.46e-13, 6.63e-11
2022-11-09, 13:21:47, 8.88e-13, 6.56e-11
2022-11-09, 13:21:51, 9.32e-13, 6.59e-11
2022-11-09, 13:21:55, 8.96e-13, 6.65e-11
2022-11-09, 13:22:00, 8.81e-13, 6.58e-11
2022-11-09, 13:22:04, 9.36e-13, 6.58e-11
2022-11-09, 13:22:08, 8.7e-13, 6.58e-11
2022-11-09, 13:22:12, 9.45e-13, 6.63e-11
2022-11-09, 13:22:16, 8.66e-13, 6.62e-11
2022-11-09, 13:22:21, 8.61e-13, 6.6e-11
2022-11-09, 13:22:25, 9.96e-13, 6.55e-11
2022-11-09, 13:22:29, 9.29e-13, 6.6e-11
2022-11-09, 13:22:33, 9e-13, 6.6e-11
2022-11-09, 13:22:38, 8.84e-13, 6.58e-11
2022-11-09, 13:22:42, 8.51e-13, 6.65e-11
2022-11-09, 13:22:46, 8.74e-13, 6.52e-11
2022-11-09, 13:22:50, 9.49e-13, 6.56e-11
2022-11-09, 13:22:54, 8.39e-13, 6.57e-11
2022-11-09, 13:22:59, 1.04e-12, 6.58e-11
2022-11-09, 13:23:03, 7.21e-13, 6.52e-11
2022-11-09, 13:23:07, 8.69e-13, 6.61e-11
2022-11-09, 13:23:11, 9.18e-13, 6.58e-11
2022-11-09, 13:23:15, 8.11e-13, 6.6e-11
2022-11-09, 13:23:20, 8.45e-13, 6.58e-11
2022-11-09, 13:23:24, 9.05e-13, 6.61e-11
2022-11-09, 13:23:28, 8.33e-13, 6.58e-11
2022-11-09, 13:23:32, 9.11e-13, 6.61e-11
2022-11-09, 13:23:37, 8.52e-13, 6.58e-11
2022-11-09, 13:23:41, 9.45e-13, 6.52e-11
2022-11-09, 13:23:45, 8.19e-13, 6.57e-11
2022-11-09, 13:23:49, 8.59e-13, 6.6e-11
2022-11-09, 13:23:53, 8.73e-13, 6.63e-11
2022-11-09, 13:23:58, 9.26e-13, 6.54e-11
2022-11-09, 13:24:02, 9.17e-13, 6.57e-11
2022-11-09, 13:24:06, 8.29e-13, 6.61e-11
2022-11-09, 13:24:10, 8.57e-13, 6.57e-11
2022-11-09, 13:24:15, 9.37e-13, 6.58e-11
2022-11-09, 13:24:19, 8.4e-13, 6.6e-11
2022-11-09, 13:24:23, 8.62e-13, 6.6e-11
2022-11-09, 13:24:27, 9.91e-13, 6.58e-11
2022-11-09, 13:24:31, 8.11e-13, 6.58e-11
2022-11-09, 13:24:36, 9.03e-13, 6.6e-11
2022-11-09, 13:24:40, 8.38e-13, 6.63e-11
2022-11-09, 13:24:44, 9.19e-13, 6.6e-11
2022-11-09, 13:24:48, 8.1e-13, 6.61e-11
2022-11-09, 13:24:53, 8.31e-13, 6.57e-11
2022-11-09, 13:24:57, 8.64e-13, 6.62e-11
2022-11-09, 13:25:01, 8.95e-13, 6.6e-11
2022-11-09, 13:25:05, 8.09e-13, 6.63e-11
2022-11-09, 13:25:09, 9.37e-13, 6.57e-11
2022-11-09, 13:25:14, 8.8e-13, 6.56e-11
2022-11-09, 13:25:18, 8.75e-13, 6.6e-11
2022-11-09, 13:25:22, 8.31e-13, 6.63e-11
2022-11-09, 13:25:26, 8.89e-13, 6.6e-11
2022-11-09, 13:25:31, 8.4e-13, 6.57e-11
2022-11-09, 13:25:35, 9.2e-13, 6.6e-11
2022-11-09, 13:25:39, 8.42e-13, 6.59e-11
2022-11-09, 13:25:43, 7.73e-13, 6.52e-11
2022-11-09, 13:25:47, 8.56e-13, 6.68e-11
2022-11-09, 13:25:52, 9.31e-13, 6.58e-11
2022-11-09, 13:25:56, 8.95e-13, 6.61e-11
2022-11-09, 13:26:00, 8.78e-13, 6.6e-11
2022-11-09, 13:26:04, 8.27e-13, 6.59e-11
2022-11-09, 13:26:09, 8.39e-13, 6.63e-11
2022-11-09, 13:26:13, 8.94e-13, 6.59e-11
2022-11-09, 13:26:17, 8.87e-13, 6.59e-11
2022-11-09, 13:26:21, 8.76e-13, 6.59e-11
2022-11-09, 13:26:25, 8.22e-13, 6.53e-11
2022-11-09, 13:26:30, 7.86e-13, 6.63e-11
2022-11-09, 13:26:34, 9.54e-13, 6.61e-11
2022-11-09, 13:26:38, 9.06e-13, 6.65e-11
2022-11-09, 13:26:42, 9.03e-13, 6.57e-11
2022-11-09, 13:26:47, 9.24e-13, 6.59e-11
2022-11-09, 13:26:51, 8.54e-13, 6.6e-11
2022-11-09, 13:26:55, 8.34e-13, 6.57e-11
2022-11-09, 13:26:59, 8.86e-13, 6.59e-11
2022-11-09, 13:27:03, 9.49e-13, 6.59e-11
2022-11-09, 13:27:08, 8.58e-13, 6.65e-11
2022-11-09, 13:27:12, 8.74e-13, 6.6e-11
2022-11-09, 13:27:16, 9.44e-13, 6.6e-11
2022-11-09, 13:27:20, 8.77e-13, 6.53e-11
2022-11-09, 13:27:24, 8.33e-13, 6.59e-11
2022-11-09, 13:27:29, 8.7e-13, 6.57e-11
2022-11-09, 13:27:33, 8.8e-13, 6.63e-11
2022-11-09, 13:27:37, 9.35e-13, 6.58e-11
2022-11-09, 13:27:41, 8.43e-13, 6.61e-11
2022-11-09, 13:27:46, 8.84e-13, 6.6e-11
2022-11-09, 13:27:50, 7.98e-13, 6.6e-11
2022-11-09, 13:27:54, 9.69e-13, 6.6e-11
2022-11-09, 13:27:58, 8.92e-13, 6.61e-11
2022-11-09, 13:28:02, 8.71e-13, 6.6e-11
2022-11-09, 13:28:07, 8.64e-13, 6.6e-11
2022-11-09, 13:28:11, 8.95e-13, 6.66e-11
2022-11-09, 13:28:15, 9.1e-13, 6.64e-11
2022-11-09, 13:28:19, 8.8e-13, 6.61e-11
2022-11-09, 13:28:24, 8.9e-13, 6.6e-11
2022-11-09, 13:28:28, 8.31e-13, 6.6e-11
2022-11-09, 13:28:32, 8.41e-13, 6.6e-11
2022-11-09, 13:28:36, 9.3e-13, 6.58e-11
2022-11-09, 13:28:40, 8.79e-13, 6.61e-11
2022-11-09, 13:28:45, 8.48e-13, 6.58e-11
2022-11-09, 13:28:49, 8.35e-13, 6.58e-11
2022-11-09, 13:28:53, 9.7e-13, 6.59e-11
2022-11-09, 13:28:57, 8.65e-13, 6.57e-11
2022-11-09, 13:29:02, 8.79e-13, 6.57e-11
2022-11-09, 13:29:06, 8.77e-13, 6.59e-11
2022-11-09, 13:29:10, 8.46e-13, 6.58e-11
2022-11-09, 13:29:14, 8.23e-13, 6.61e-11
2022-11-09, 13:29:18, 9.63e-13, 6.61e-11
2022-11-09, 13:29:23, 9e-13, 6.56e-11
2022-11-09, 13:29:27, 8.76e-13, 6.66e-11
2022-11-09, 13:29:31, 8.13e-13, 6.59e-11
2022-11-09, 13:29:35, 9.07e-13, 6.6e-11
2022-11-09, 13:29:40, 9.56e-13, 6.54e-11
2022-11-09, 13:29:44, 8.38e-13, 6.58e-11
2022-11-09, 13:29:48, 8.17e-13, 6.55e-11
2022-11-09, 13:29:52, 9.04e-13, 6.59e-11
2022-11-09, 13:29:56, 8.84e-13, 6.59e-11
2022-11-09, 13:30:01, 8.69e-13, 6.6e-11
2022-11-09, 13:30:05, 8.57e-13, 6.57e-11
2022-11-09, 13:30:09, 9.66e-13, 6.6e-11
2022-11-09, 13:30:13, 9.98e-13, 6.62e-11
2022-11-09, 13:30:18, 9.77e-13, 6.6e-11
2022-11-09, 13:30:22, 9.22e-13, 6.63e-11
2022-11-09, 13:30:26, 8.3e-13, 6.61e-11
2022-11-09, 13:30:30, 8.83e-13, 6.63e-11
2022-11-09, 13:30:34, 8.59e-13, 6.61e-11
2022-11-09, 13:30:39, 9.38e-13, 6.61e-11
2022-11-09, 13:30:43, 8.9e-13, 6.58e-11
2022-11-09, 13:30:47, 8.64e-13, 6.62e-11
2022-11-09, 13:30:51, 8.75e-13, 6.61e-11
2022-11-09, 13:30:56, 8.58e-13, 6.63e-11
2022-11-09, 13:31:00, 8.51e-13, 6.6e-11
2022-11-09, 13:31:04, 8.81e-13, 6.59e-11
2022-11-09, 13:31:08, 9.17e-13, 6.61e-11
2022-11-09, 13:31:12, 9.9e-13, 6.6e-11
2022-11-09, 13:31:17, 8.54e-13, 6.61e-11
2022-11-09, 13:31:21, 9.46e-13, 6.61e-11
2022-11-09, 13:31:25, 8.9e-13, 6.62e-11
2022-11-09, 13:31:29, 8.08e-13, 6.63e-11
2022-11-09, 13:31:33, 8.97e-13, 6.62e-11
2022-11-09, 13:31:38, 7.99e-13, 6.61e-11
2022-11-09, 13:31:42, 8.66e-13, 6.61e-11
2022-11-09, 13:31:46, 9.4e-13, 6.64e-11
2022-11-09, 13:31:50, 8.71e-13, 6.6e-11
2022-11-09, 13:31:55, 9.09e-13, 6.58e-11
2022-11-09, 13:31:59, 8.9e-13, 6.6e-11
2022-11-09, 13:32:03, 8.11e-13, 6.61e-11
2022-11-09, 13:32:07, 9.47e-13, 6.61e-11
2022-11-09, 13:32:11, 8.96e-13, 6.63e-11
2022-11-09, 13:32:16, 8.66e-13, 6.62e-11
2022-11-09, 13:32:20, 8.7e-13, 6.61e-11
2022-11-09, 13:32:24, 9.9e-13, 6.59e-11
2022-11-09, 13:32:28, 8.73e-13, 6.58e-11
2022-11-09, 13:32:33, 9.25e-13, 6.65e-11
2022-11-09, 13:32:37, 8.7e-13, 6.58e-11
2022-11-09, 13:32:41, 9.26e-13, 6.61e-11
2022-11-09, 13:32:45, 8.85e-13, 6.56e-11
2022-11-09, 13:32:49, 9.97e-13, 6.56e-11
2022-11-09, 13:32:54, 9.4e-13, 6.58e-11
2022-11-09, 13:32:58, 8.75e-13, 6.57e-11
2022-11-09, 13:33:02, 8.14e-13, 6.57e-11
2022-11-09, 13:33:06, 8.46e-13, 6.58e-11
2022-11-09, 13:33:11, 9.24e-13, 6.57e-11
2022-11-09, 13:33:15, 9.07e-13, 6.55e-11
2022-11-09, 13:33:19, 9.66e-13, 6.54e-11
2022-11-09, 13:33:23, 8.74e-13, 6.55e-11
2022-11-09, 13:33:27, 8.84e-13, 6.6e-11
2022-11-09, 13:33:32, 8.82e-13, 6.6e-11
2022-11-09, 13:33:36, 9.24e-13, 6.58e-11
2022-11-09, 13:33:40, 9.12e-13, 6.55e-11
2022-11-09, 13:33:44, 8.98e-13, 6.59e-11
2022-11-09, 13:33:49, 8.71e-13, 6.59e-11
2022-11-09, 13:33:53, 8.78e-13, 6.56e-11
2022-11-09, 13:33:57, 9.25e-13, 6.59e-11
2022-11-09, 13:34:01, 8.61e-13, 6.57e-11
2022-11-09, 13:34:05, 9.28e-13, 6.64e-11
2022-11-09, 13:34:10, 8.7e-13, 6.59e-11
2022-11-09, 13:34:14, 8.71e-13, 6.6e-11
2022-11-09, 13:34:18, 9.03e-13, 6.56e-11
2022-11-09, 13:34:22, 8.56e-13, 6.58e-11
2022-11-09, 13:34:27, 7.81e-13, 6.59e-11
2022-11-09, 13:34:31, 8.48e-13, 6.59e-11
2022-11-09, 13:34:35, 8.47e-13, 6.61e-11
2022-11-09, 13:34:39, 8.81e-13, 6.57e-11
2022-11-09, 13:34:43, 8.38e-13, 6.58e-11
2022-11-09, 13:34:48, 8.69e-13, 6.6e-11
2022-11-09, 13:34:52, 8.94e-13, 6.59e-11
2022-11-09, 13:34:56, 8.69e-13, 6.61e-11
2022-11-09, 13:35:00, 8.52e-13, 6.61e-11
2022-11-09, 13:35:04, 8.61e-13, 6.6e-11
2022-11-09, 13:35:09, 8.67e-13, 6.58e-11
2022-11-09, 13:35:13, 8.82e-13, 6.57e-11
2022-11-09, 13:35:17, 8.98e-13, 6.63e-11
2022-11-09, 13:35:21, 9.08e-13, 6.56e-11
2022-11-09, 13:35:26, 9.42e-13, 6.57e-11
2022-11-09, 13:35:30, 8.54e-13, 6.59e-11
2022-11-09, 13:35:34, 8.87e-13, 6.59e-11
2022-11-09, 13:35:38, 9.37e-13, 6.66e-11
2022-11-09, 13:35:42, 8.22e-13, 6.6e-11
2022-11-09, 13:35:47, 8.84e-13, 6.61e-11
2022-11-09, 13:35:51, 9.1e-13, 6.59e-11
2022-11-09, 13:35:55, 8.79e-13, 6.68e-11
2022-11-09, 13:35:59, 9.45e-13, 6.59e-11
2022-11-09, 13:36:04, 8.91e-13, 6.62e-11
2022-11-09, 13:36:08, 8.63e-13, 6.64e-11
2022-11-09, 13:36:12, 9.09e-13, 6.67e-11
2022-11-09, 13:36:16, 8.85e-13, 6.59e-11
2022-11-09, 13:36:20, 8.98e-13, 6.66e-11
2022-11-09, 13:36:25, 9.09e-13, 6.6e-11
2022-11-09, 13:36:29, 9.01e-13, 6.59e-11
2022-11-09, 13:36:33, 9.33e-13, 6.57e-11
2022-11-09, 13:36:37, 8.82e-13, 6.6e-11
2022-11-09, 13:36:42, 8.65e-13, 6.61e-11
2022-11-09, 13:36:46, 8.92e-13, 6.59e-11
2022-11-09, 13:36:50, 9.17e-13, 6.63e-11
2022-11-09, 13:36:54, 8.82e-13, 6.62e-11
2022-11-09, 13:36:58, 7.75e-13, 6.61e-11
2022-11-09, 13:37:03, 9.39e-13, 6.6e-11
2022-11-09, 13:37:07, 9.06e-13, 6.64e-11
2022-11-09, 13:37:11, 8.78e-13, 6.62e-11
2022-11-09, 13:37:15, 8.05e-13, 6.6e-11
2022-11-09, 13:37:20, 8.27e-13, 6.64e-11
2022-11-09, 13:37:24, 8.86e-13, 6.61e-11
2022-11-09, 13:37:28, 9.27e-13, 6.61e-11
2022-11-09, 13:37:32, 8.98e-13, 6.61e-11
2022-11-09, 13:37:36, 8.79e-13, 6.74e-11
2022-11-09, 13:37:41, 8.77e-13, 6.58e-11
2022-11-09, 13:37:45, 8.37e-13, 6.63e-11
2022-11-09, 13:37:49, 8.71e-13, 6.69e-11
2022-11-09, 13:37:53, 8.51e-13, 6.6e-11
2022-11-09, 13:37:58, 9.27e-13, 6.66e-11
2022-11-09, 13:38:02, 8.32e-13, 6.63e-11
2022-11-09, 13:38:06, 8.51e-13, 6.59e-11
2022-11-09, 13:38:10, 8.33e-13, 6.58e-11
2022-11-09, 13:38:14, 9.68e-13, 6.6e-11
2022-11-09, 13:38:19, 8.46e-13, 6.57e-11
2022-11-09, 13:38:23, 8.87e-13, 6.6e-11
2022-11-09, 13:38:27, 9.13e-13, 6.58e-11
2022-11-09, 13:38:31, 9.18e-13, 6.59e-11
2022-11-09, 13:38:36, 8.59e-13, 6.55e-11
2022-11-09, 13:38:40, 8.74e-13, 6.57e-11
2022-11-09, 13:38:44, 9.2e-13, 6.56e-11
2022-11-09, 13:38:48, 9.26e-13, 6.53e-11
2022-11-09, 13:38:52, 9.72e-13, 6.6e-11
2022-11-09, 13:38:57, 8.23e-13, 6.59e-11
2022-11-09, 13:39:01, 8.75e-13, 6.56e-11
2022-11-09, 13:39:05, 8.35e-13, 6.55e-11
2022-11-09, 13:39:09, 8.93e-13, 6.58e-11
2022-11-09, 13:39:13, 8.93e-13, 6.57e-11
2022-11-09, 13:39:18, 8.26e-13, 6.6e-11
2022-11-09, 13:39:22, 8.06e-13, 6.56e-11
2022-11-09, 13:39:26, 9.48e-13, 6.55e-11
2022-11-09, 13:39:30, 8.23e-13, 6.57e-11
2022-11-09, 13:39:35, 8.92e-13, 6.61e-11
2022-11-09, 13:39:39, 8.94e-13, 6.6e-11
2022-11-09, 13:39:43, 8.58e-13, 6.56e-11
2022-11-09, 13:39:47, 8.78e-13, 6.63e-11
2022-11-09, 13:39:51, 9.01e-13, 6.64e-11
2022-11-09, 13:39:56, 9.35e-13, 6.65e-11
2022-11-09, 13:40:00, 8.65e-13, 6.59e-11
2022-11-09, 13:40:04, 8.99e-13, 6.58e-11
2022-11-09, 13:40:08, 7.29e-13, 6.57e-11
2022-11-09, 13:40:13, 8.64e-13, 6.57e-11
2022-11-09, 13:40:17, 8.44e-13, 6.56e-11
2022-11-09, 13:40:21, 8.84e-13, 6.59e-11
2022-11-09, 13:40:25, 8.68e-13, 6.58e-11
2022-11-09, 13:40:29, 7.92e-13, 6.58e-11
2022-11-09, 13:40:34, 8.82e-13, 6.56e-11
2022-11-09, 13:40:38, 8.35e-13, 6.59e-11
2022-11-09, 13:40:42, 8.87e-13, 6.59e-11
2022-11-09, 13:40:46, 8.81e-13, 6.56e-11
2022-11-09, 13:40:51, 9.19e-13, 6.57e-11
2022-11-09, 13:40:55, 8.49e-13, 6.59e-11
2022-11-09, 13:40:59, 9.09e-13, 6.62e-11
2022-11-09, 13:41:03, 8.13e-13, 6.54e-11
2022-11-09, 13:41:07, 8.82e-13, 6.58e-11
2022-11-09, 13:41:12, 8.61e-13, 6.58e-11
2022-11-09, 13:41:16, 8.52e-13, 6.54e-11
2022-11-09, 13:41:20, 8.53e-13, 6.54e-11
2022-11-09, 13:41:24, 7.7e-13, 6.58e-11
2022-11-09, 13:41:29, 8.71e-13, 6.56e-11
2022-11-09, 13:41:33, 8.75e-13, 6.57e-11
2022-11-09, 13:41:37, 8.72e-13, 6.53e-11
2022-11-09, 13:41:41, 8.65e-13, 6.56e-11
2022-11-09, 13:41:45, 8.94e-13, 6.64e-11
2022-11-09, 13:41:50, 8.04e-13, 6.55e-11
2022-11-09, 13:41:54, 8.77e-13, 6.57e-11
2022-11-09, 13:41:58, 8.95e-13, 6.56e-11
2022-11-09, 13:42:02, 8.75e-13, 6.55e-11
2022-11-09, 13:42:07, 8.89e-13, 6.58e-11
2022-11-09, 13:42:11, 8.77e-13, 6.58e-11
2022-11-09, 13:42:15, 8.89e-13, 6.59e-11
2022-11-09, 13:42:19, 8.39e-13, 6.63e-11
2022-11-09, 13:42:23, 9.48e-13, 6.58e-11
2022-11-09, 13:42:28, 7.88e-13, 6.6e-11
2022-11-09, 13:42:32, 9.01e-13, 6.56e-11
2022-11-09, 13:42:36, 9.14e-13, 6.57e-11
2022-11-09, 13:42:40, 9.08e-13, 6.57e-11
2022-11-09, 13:42:44, 9.14e-13, 6.56e-11
2022-11-09, 13:42:49, 9.27e-13, 6.63e-11
2022-11-09, 13:42:53, 9.11e-13, 6.54e-11
2022-11-09, 13:42:57, 8.56e-13, 6.56e-11
2022-11-09, 13:43:01, 8.55e-13, 6.57e-11
2022-11-09, 13:43:06, 9.3e-13, 6.56e-11
2022-11-09, 13:43:10, 9.34e-13, 6.61e-11
2022-11-09, 13:43:14, 8.31e-13, 6.55e-11
2022-11-09, 13:43:18, 9.11e-13, 6.56e-11
2022-11-09, 13:43:22, 8.87e-13, 6.59e-11
2022-11-09, 13:43:27, 8.45e-13, 6.59e-11
2022-11-09, 13:43:31, 8.81e-13, 6.56e-11
2022-11-09, 13:43:35, 9.23e-13, 6.56e-11
2022-11-09, 13:43:39, 9.59e-13, 6.57e-11
2022-11-09, 13:43:44, 9.98e-13, 6.55e-11
2022-11-09, 13:43:48, 8.82e-13, 6.62e-11
2022-11-09, 13:43:52, 9.52e-13, 6.56e-11
2022-11-09, 13:43:56, 8.82e-13, 6.57e-11
2022-11-09, 13:44:00, 8.85e-13, 6.6e-11
2022-11-09, 13:44:05, 8.67e-13, 6.57e-11
2022-11-09, 13:44:09, 8.95e-13, 6.56e-11
2022-11-09, 13:44:13, 8.5e-13, 6.56e-11
2022-11-09, 13:44:17, 8.64e-13, 6.59e-11
2022-11-09, 13:44:22, 8.98e-13, 6.62e-11
2022-11-09, 13:44:26, 8.93e-13, 6.56e-11
2022-11-09, 13:44:30, 8.72e-13, 6.57e-11
2022-11-09, 13:44:34, 7.64e-13, 6.57e-11
2022-11-09, 13:44:38, 8.7e-13, 6.56e-11
2022-11-09, 13:44:43, 9.2e-13, 6.57e-11
2022-11-09, 13:44:47, 8.95e-13, 6.62e-11
2022-11-09, 13:44:51, 8.91e-13, 6.58e-11
2022-11-09, 13:44:55, 8.67e-13, 6.6e-11
2022-11-09, 13:45:00, 8.51e-13, 6.59e-11
2022-11-09, 13:45:04, 8.67e-13, 6.57e-11
2022-11-09, 13:45:08, 8.52e-13, 6.58e-11
2022-11-09, 13:45:12, 8.88e-13, 6.58e-11
2022-11-09, 13:45:16, 9.68e-13, 6.58e-11
2022-11-09, 13:45:21, 8.83e-13, 6.57e-11
2022-11-09, 13:45:25, 8.77e-13, 6.55e-11
2022-11-09, 13:45:29, 8.45e-13, 6.56e-11
2022-11-09, 13:45:33, 8.8e-13, 6.56e-11
2022-11-09, 13:45:38, 8.55e-13, 6.55e-11
2022-11-09, 13:45:42, 8.89e-13, 6.57e-11
2022-11-09, 13:45:46, 8.77e-13, 6.55e-11
2022-11-09, 13:45:50, 8.89e-13, 6.55e-11
2022-11-09, 13:45:54, 9.05e-13, 6.56e-11
2022-11-09, 13:45:59, 8.95e-13, 6.59e-11
2022-11-09, 13:46:03, 8.71e-13, 6.56e-11
2022-11-09, 13:46:07, 9.34e-13, 6.55e-11
2022-11-09, 13:46:11, 8.55e-13, 6.55e-11
2022-11-09, 13:46:15, 8.42e-13, 6.58e-11
2022-11-09, 13:46:20, 8.98e-13, 6.58e-11
2022-11-09, 13:46:24, 8.52e-13, 6.59e-11
2022-11-09, 13:46:28, 8.72e-13, 6.57e-11
2022-11-09, 13:46:32, 8.51e-13, 6.6e-11
2022-11-09, 13:46:37, 8.45e-13, 6.57e-11
2022-11-09, 13:46:41, 8.93e-13, 6.58e-11
2022-11-09, 13:46:45, 8.29e-13, 6.64e-11
2022-11-09, 13:46:49, 8.54e-13, 6.59e-11
2022-11-09, 13:46:53, 8.56e-13, 6.56e-11
2022-11-09, 13:46:58, 9.76e-13, 6.57e-11
2022-11-09, 13:47:02, 1.04e-12, 6.57e-11
2022-11-09, 13:47:06, 7.61e-13, 6.57e-11
2022-11-09, 13:47:10, 8.31e-13, 6.57e-11
2022-11-09, 13:47:15, 8.94e-13, 6.54e-11
2022-11-09, 13:47:19, 9.11e-13, 6.59e-11
2022-11-09, 13:47:23, 8.72e-13, 6.57e-11
2022-11-09, 13:47:27, 8.71e-13, 6.55e-11
2022-11-09, 13:47:31, 9.29e-13, 6.53e-11
2022-11-09, 13:47:36, 8.58e-13, 6.57e-11
2022-11-09, 13:47:40, 8.4e-13, 6.57e-11
2022-11-09, 13:47:44, 8.56e-13, 6.57e-11
2022-11-09, 13:47:48, 9.06e-13, 6.58e-11
2022-11-09, 13:47:53, 9.15e-13, 6.58e-11
2022-11-09, 13:47:57, 8.58e-13, 6.57e-11
2022-11-09, 13:48:01, 8.92e-13, 6.57e-11
2022-11-09, 13:48:05, 9.06e-13, 6.58e-11
2022-11-09, 13:48:09, 9.9e-13, 6.56e-11
2022-11-09, 13:48:14, 8.52e-13, 6.59e-11
2022-11-09, 13:48:18, 9.1e-13, 6.62e-11
2022-11-09, 13:48:22, 9.34e-13, 6.62e-11
2022-11-09, 13:48:26, 8.47e-13, 6.61e-11
2022-11-09, 13:48:31, 8.85e-13, 6.59e-11
2022-11-09, 13:48:35, 9.03e-13, 6.59e-11
2022-11-09, 13:48:39, 8.19e-13, 6.59e-11
2022-11-09, 13:48:43, 8.93e-13, 6.58e-11
2022-11-09, 13:48:47, 8.19e-13, 6.58e-11
2022-11-09, 13:48:52, 9.4e-13, 6.62e-11
2022-11-09, 13:48:56, 8.29e-13, 6.58e-11
2022-11-09, 13:49:00, 9.27e-13, 6.61e-11
2022-11-09, 13:49:04, 8.73e-13, 6.62e-11
2022-11-09, 13:49:09, 8.88e-13, 6.59e-11
2022-11-09, 13:49:13, 9.34e-13, 6.56e-11
2022-11-09, 13:49:17, 1e-12, 6.59e-11
2022-11-09, 13:49:21, 8.63e-13, 6.55e-11
2022-11-09, 13:49:25, 8.89e-13, 6.57e-11
2022-11-09, 13:49:30, 8.36e-13, 6.58e-11
2022-11-09, 13:49:34, 7.38e-13, 6.55e-11
2022-11-09, 13:49:38, 9.55e-13, 6.56e-11
2022-11-09, 13:49:42, 8.91e-13, 6.58e-11
2022-11-09, 13:49:47, 8.53e-13, 6.56e-11
2022-11-09, 13:49:51, 9.12e-13, 6.58e-11
2022-11-09, 13:49:55, 9.31e-13, 6.55e-11
2022-11-09, 13:49:59, 8.78e-13, 6.6e-11
2022-11-09, 13:50:03, 8.76e-13, 6.58e-11
2022-11-09, 13:50:08, 8.76e-13, 6.58e-11
2022-11-09, 13:50:12, 8.3e-13, 6.58e-11
2022-11-09, 13:50:16, 8.9e-13, 6.6e-11
2022-11-09, 13:50:20, 9.47e-13, 6.6e-11
2022-11-09, 13:50:25, 8.42e-13, 6.59e-11
2022-11-09, 13:50:29, 9.29e-13, 6.65e-11
2022-11-09, 13:50:33, 9.19e-13, 6.59e-11
2022-11-09, 13:50:37, 9.25e-13, 6.59e-11
2022-11-09, 13:50:41, 9.2e-13, 6.58e-11
2022-11-09, 13:50:46, 8.51e-13, 6.57e-11
2022-11-09, 13:50:50, 8.54e-13, 6.55e-11
2022-11-09, 13:50:54, 8.87e-13, 6.55e-11
2022-11-09, 13:50:58, 8.82e-13, 6.55e-11
2022-11-09, 13:51:02, 9.33e-13, 6.55e-11
2022-11-09, 13:51:07, 8.79e-13, 6.56e-11
2022-11-09, 13:51:11, 8.32e-13, 6.56e-11
2022-11-09, 13:51:15, 9.41e-13, 6.55e-11
2022-11-09, 13:51:19, 8.61e-13, 6.55e-11
2022-11-09, 13:51:24, 8.81e-13, 6.57e-11
2022-11-09, 13:51:28, 8.41e-13, 6.58e-11
2022-11-09, 13:51:32, 9.14e-13, 6.59e-11
2022-11-09, 13:51:36, 8.72e-13, 6.57e-11
2022-11-09, 13:51:40, 9.62e-13, 6.57e-11
2022-11-09, 13:51:45, 8.5e-13, 6.56e-11
2022-11-09, 13:51:49, 9.02e-13, 6.58e-11
2022-11-09, 13:51:53, 8.86e-13, 6.64e-11
2022-11-09, 13:51:57, 9.47e-13, 6.55e-11
2022-11-09, 13:52:02, 8.91e-13, 6.63e-11
2022-11-09, 13:52:06, 8.16e-13, 6.59e-11
2022-11-09, 13:52:10, 8.91e-13, 6.56e-11
2022-11-09, 13:52:14, 8.79e-13, 6.6e-11
2022-11-09, 13:52:18, 8.37e-13, 6.59e-11
2022-11-09, 13:52:23, 8.82e-13, 6.58e-11
2022-11-09, 13:52:27, 8.61e-13, 6.59e-11
2022-11-09, 13:52:31, 8.7e-13, 6.59e-11
2022-11-09, 13:52:35, 8.5e-13, 6.58e-11
2022-11-09, 13:52:40, 8.63e-13, 6.57e-11
2022-11-09, 13:52:44, 8.69e-13, 6.57e-11
2022-11-09, 13:52:48, 8.78e-13, 6.56e-11
2022-11-09, 13:52:52, 9.45e-13, 6.57e-11
2022-11-09, 13:52:56, 9.21e-13, 6.56e-11
2022-11-09, 13:53:01, 8.96e-13, 6.6e-11
2022-11-09, 13:53:05, 8.94e-13, 6.58e-11
2022-11-09, 13:53:09, 8.77e-13, 6.61e-11
2022-11-09, 13:53:13, 9.07e-13, 6.69e-11
2022-11-09, 13:53:18, 9.14e-13, 6.62e-11
2022-11-09, 13:53:22, 9.2e-13, 6.59e-11
2022-11-09, 13:53:26, 8.87e-13, 6.58e-11
2022-11-09, 13:53:30, 8.11e-13, 6.6e-11
2022-11-09, 13:53:34, 8.87e-13, 6.62e-11
2022-11-09, 13:53:39, 8.28e-13, 6.61e-11
2022-11-09, 13:53:43, 9.34e-13, 6.6e-11
2022-11-09, 13:53:47, 9.92e-13, 6.68e-11
2022-11-09, 13:53:51, 8.57e-13, 6.6e-11
2022-11-09, 13:53:56, 9.09e-13, 6.68e-11
2022-11-09, 13:54:00, 9.31e-13, 6.61e-11
2022-11-09, 13:54:04, 8.7e-13, 6.61e-11
2022-11-09, 13:54:08, 9.82e-13, 6.57e-11
2022-11-09, 13:54:12, 8.48e-13, 6.6e-11
2022-11-09, 13:54:17, 9.11e-13, 6.58e-11
2022-11-09, 13:54:21, 9.08e-13, 6.62e-11
2022-11-09, 13:54:25, 8.39e-13, 6.56e-11
2022-11-09, 13:54:29, 9.15e-13, 6.67e-11
2022-11-09, 13:54:34, 9.35e-13, 6.57e-11
2022-11-09, 13:54:38, 8.65e-13, 6.61e-11
2022-11-09, 13:54:42, 8.39e-13, 6.58e-11
2022-11-09, 13:54:46, 8.69e-13, 6.67e-11
2022-11-09, 13:54:50, 8.44e-13, 6.6e-11
2022-11-09, 13:54:55, 8.98e-13, 6.57e-11
2022-11-09, 13:54:59, 8.71e-13, 6.59e-11
2022-11-09, 13:55:03, 8.79e-13, 6.59e-11
2022-11-09, 13:55:07, 8.75e-13, 6.58e-11
2022-11-09, 13:55:12, 8.03e-13, 6.57e-11
2022-11-09, 13:55:16, 7.99e-13, 6.53e-11
2022-11-09, 13:55:20, 8.94e-13, 6.6e-11
2022-11-09, 13:55:24, 8.73e-13, 6.58e-11
2022-11-09, 13:55:28, 8.7e-13, 6.57e-11
2022-11-09, 13:55:33, 9.09e-13, 6.59e-11
2022-11-09, 13:55:37, 8.65e-13, 6.61e-11
2022-11-09, 13:55:41, 8.95e-13, 6.6e-11
2022-11-09, 13:55:45, 9.03e-13, 6.64e-11
2022-11-09, 13:55:50, 7.88e-13, 6.55e-11
2022-11-09, 13:55:54, 8.37e-13, 6.59e-11
2022-11-09, 13:55:58, 8.13e-13, 6.59e-11
2022-11-09, 13:56:02, 7.54e-13, 6.56e-11
2022-11-09, 13:56:06, 8.63e-13, 6.59e-11
2022-11-09, 13:56:11, 7.22e-13, 6.62e-11
2022-11-09, 13:56:15, 9.59e-13, 6.68e-11
2022-11-09, 13:56:19, 8.88e-13, 6.57e-11
2022-11-09, 13:56:23, 9.48e-13, 6.62e-11
2022-11-09, 13:56:27, 8.9e-13, 6.6e-11
2022-11-09, 13:56:32, 8.43e-13, 6.61e-11
2022-11-09, 13:56:36, 8.43e-13, 6.6e-11
2022-11-09, 13:56:40, 9.18e-13, 6.64e-11
2022-11-09, 13:56:44, 8.32e-13, 6.6e-11
2022-11-09, 13:56:49, 8.99e-13, 6.61e-11
2022-11-09, 13:56:53, 9.09e-13, 6.63e-11
2022-11-09, 13:56:57, 7.88e-13, 6.61e-11
2022-11-09, 13:57:01, 9.91e-13, 6.6e-11
2022-11-09, 13:57:06, 8.98e-13, 6.61e-11
2022-11-09, 13:57:10, 8.42e-13, 6.6e-11
2022-11-09, 13:57:14, 8.84e-13, 6.59e-11
2022-11-09, 13:57:18, 9.52e-13, 6.61e-11
2022-11-09, 13:57:22, 8.54e-13, 6.58e-11
2022-11-09, 13:57:27, 8.63e-13, 6.59e-11
2022-11-09, 13:57:31, 8.62e-13, 6.55e-11
2022-11-09, 13:57:35, 8.3e-13, 6.61e-11
2022-11-09, 13:57:39, 8.63e-13, 6.66e-11
2022-11-09, 13:57:43, 8.94e-13, 6.64e-11
2022-11-09, 13:57:48, 9.02e-13, 6.57e-11
2022-11-09, 13:57:52, 8.69e-13, 6.6e-11
2022-11-09, 13:57:56, 8.95e-13, 6.57e-11
2022-11-09, 13:58:00, 8.74e-13, 6.56e-11
2022-11-09, 13:58:05, 8.88e-13, 6.58e-11
2022-11-09, 13:58:09, 8.6e-13, 6.59e-11
2022-11-09, 13:58:13, 8.72e-13, 6.59e-11
2022-11-09, 13:58:17, 8.56e-13, 6.6e-11
2022-11-09, 13:58:21, 8.54e-13, 6.61e-11
2022-11-09, 13:58:26, 8.64e-13, 6.6e-11
2022-11-09, 13:58:30, 8.85e-13, 6.62e-11
2022-11-09, 13:58:34, 8.89e-13, 6.55e-11
2022-11-09, 13:58:38, 8.24e-13, 6.62e-11
2022-11-09, 13:58:43, 8.82e-13, 6.61e-11
2022-11-09, 13:58:47, 8.61e-13, 6.6e-11
2022-11-09, 13:58:51, 8.87e-13, 6.58e-11
2022-11-09, 13:58:55, 9.4e-13, 6.6e-11
2022-11-09, 13:58:59, 8.94e-13, 6.59e-11
2022-11-09, 13:59:04, 8.53e-13, 6.58e-11
2022-11-09, 13:59:08, 9.52e-13, 6.58e-11
2022-11-09, 13:59:12, 8.46e-13, 6.59e-11
2022-11-09, 13:59:16, 1.01e-12, 6.61e-11
2022-11-09, 13:59:21, 9.09e-13, 6.62e-11
2022-11-09, 13:59:25, 7.87e-13, 6.58e-11
2022-11-09, 13:59:29, 9.39e-13, 6.63e-11
2022-11-09, 13:59:33, 8.82e-13, 6.62e-11
2022-11-09, 13:59:37, 7.97e-13, 6.62e-11
2022-11-09, 13:59:42, 8.21e-13, 6.59e-11
2022-11-09, 13:59:46, 8.4e-13, 6.62e-11
2022-11-09, 13:59:50, 9.39e-13, 6.57e-11
2022-11-09, 13:59:54, 8.27e-13, 6.57e-11
2022-11-09, 13:59:59, 8.83e-13, 6.55e-11
2022-11-09, 14:00:03, 9.3e-13, 6.64e-11
2022-11-09, 14:00:07, 8.51e-13, 6.63e-11
2022-11-09, 14:00:11, 9.04e-13, 6.63e-11
2022-11-09, 14:00:15, 8.78e-13, 6.65e-11
2022-11-09, 14:00:20, 9.22e-13, 6.64e-11
2022-11-09, 14:00:24, 9.04e-13, 6.66e-11
2022-11-09, 14:00:28, 8.51e-13, 6.62e-11
2022-11-09, 14:00:32, 8.72e-13, 6.59e-11
2022-11-09, 14:00:37, 8.46e-13, 6.66e-11
2022-11-09, 14:00:41, 8.87e-13, 6.61e-11
2022-11-09, 14:00:45, 9.87e-13, 6.6e-11
2022-11-09, 14:00:49, 8.93e-13, 6.64e-11
2022-11-09, 14:00:53, 8.91e-13, 6.63e-11
2022-11-09, 14:00:58, 8.63e-13, 6.69e-11
2022-11-09, 14:01:02, 8.65e-13, 6.6e-11
2022-11-09, 14:01:06, 8.37e-13, 6.6e-11
2022-11-09, 14:01:10, 8.09e-13, 6.62e-11
2022-11-09, 14:01:14, 8.86e-13, 6.62e-11
2022-11-09, 14:01:19, 9.4e-13, 6.62e-11
2022-11-09, 14:01:23, 9.87e-13, 6.58e-11
2022-11-09, 14:01:27, 8.12e-13, 6.6e-11
2022-11-09, 14:01:31, 8.99e-13, 6.67e-11
2022-11-09, 14:01:36, 8.31e-13, 6.6e-11
2022-11-09, 14:01:40, 8.62e-13, 6.59e-11
2022-11-09, 14:01:44, 8.8e-13, 6.6e-11
2022-11-09, 14:01:48, 8.52e-13, 6.6e-11
2022-11-09, 14:01:52, 8.43e-13, 6.56e-11
2022-11-09, 14:01:57, 8.81e-13, 6.66e-11
2022-11-09, 14:02:01, 8.66e-13, 6.64e-11
2022-11-09, 14:02:05, 8.9e-13, 6.62e-11
2022-11-09, 14:02:09, 8.12e-13, 6.61e-11
2022-11-09, 14:02:14, 8.89e-13, 6.64e-11
2022-11-09, 14:02:18, 8.61e-13, 6.58e-11
2022-11-09, 14:02:22, 8.24e-13, 6.59e-11
2022-11-09, 14:02:26, 8.08e-13, 6.64e-11
2022-11-09, 14:02:30, 8.87e-13, 6.7e-11
2022-11-09, 14:02:35, 8.72e-13, 6.62e-11
2022-11-09, 14:02:39, 8.98e-13, 6.6e-11
2022-11-09, 14:02:43, 8.56e-13, 6.63e-11
2022-11-09, 14:02:47, 8.42e-13, 6.61e-11
2022-11-09, 14:02:52, 9.34e-13, 6.65e-11
2022-11-09, 14:02:56, 8.33e-13, 6.63e-11
2022-11-09, 14:03:00, 8.08e-13, 6.61e-11
2022-11-09, 14:03:04, 8.57e-13, 6.64e-11
2022-11-09, 14:03:08, 8.63e-13, 6.63e-11
2022-11-09, 14:03:13, 8.62e-13, 6.61e-11
2022-11-09, 14:03:17, 1.01e-12, 6.61e-11
2022-11-09, 14:03:21, 9.15e-13, 6.59e-11
2022-11-09, 14:03:25, 8.46e-13, 6.59e-11
2022-11-09, 14:03:30, 8.13e-13, 6.58e-11
2022-11-09, 14:03:34, 8.57e-13, 6.6e-11
2022-11-09, 14:03:38, 8.27e-13, 6.61e-11
2022-11-09, 14:03:42, 8.73e-13, 6.62e-11
2022-11-09, 14:03:46, 8.48e-13, 6.6e-11
2022-11-09, 14:03:51, 8.28e-13, 6.58e-11
2022-11-09, 14:03:55, 8.99e-13, 6.59e-11
2022-11-09, 14:03:59, 8.5e-13, 6.63e-11
2022-11-09, 14:04:03, 9.33e-13, 6.62e-11
2022-11-09, 14:04:08, 9.21e-13, 6.59e-11
2022-11-09, 14:04:12, 8.87e-13, 6.59e-11
2022-11-09, 14:04:16, 1.03e-12, 6.68e-11
2022-11-09, 14:04:20, 8.38e-13, 6.62e-11
2022-11-09, 14:04:24, 8.8e-13, 6.6e-11
2022-11-09, 14:04:29, 8.82e-13, 6.57e-11
2022-11-09, 14:04:33, 8.98e-13, 6.56e-11
2022-11-09, 14:04:37, 8.96e-13, 6.55e-11
2022-11-09, 14:04:41, 8.57e-13, 6.57e-11
2022-11-09, 14:04:45, 8.6e-13, 6.56e-11
2022-11-09, 14:04:50, 8.81e-13, 6.57e-11
2022-11-09, 14:04:54, 8.66e-13, 6.57e-11
2022-11-09, 14:04:58, 8.8e-13, 6.57e-11
2022-11-09, 14:05:02, 8.2e-13, 6.62e-11
2022-11-09, 14:05:07, 8.78e-13, 6.56e-11
2022-11-09, 14:05:11, 9.31e-13, 6.58e-11
2022-11-09, 14:05:15, 8.76e-13, 6.56e-11
2022-11-09, 14:05:19, 9.98e-13, 6.57e-11
2022-11-09, 14:05:23, 8.45e-13, 6.55e-11
2022-11-09, 14:05:28, 8.52e-13, 6.58e-11
2022-11-09, 14:05:32, 8.52e-13, 6.56e-11
2022-11-09, 14:05:36, 7.82e-13, 6.56e-11
2022-11-09, 14:05:40, 8.65e-13, 6.61e-11
2022-11-09, 14:05:45, 8.66e-13, 6.54e-11
2022-11-09, 14:05:49, 8.59e-13, 6.63e-11
2022-11-09, 14:05:53, 9e-13, 6.58e-11
2022-11-09, 14:05:57, 8.59e-13, 6.57e-11
2022-11-09, 14:06:01, 1.03e-12, 6.57e-11
2022-11-09, 14:06:06, 9.23e-13, 6.56e-11
2022-11-09, 14:06:10, 8.48e-13, 6.6e-11
2022-11-09, 14:06:14, 8.53e-13, 6.6e-11
2022-11-09, 14:06:18, 8.54e-13, 6.59e-11
2022-11-09, 14:06:23, 8.44e-13, 6.55e-11
2022-11-09, 14:06:27, 9.47e-13, 6.59e-11
2022-11-09, 14:06:31, 8.87e-13, 6.56e-11
2022-11-09, 14:06:35, 8.44e-13, 6.59e-11
2022-11-09, 14:06:39, 9.53e-13, 6.59e-11
2022-11-09, 14:06:44, 8.65e-13, 6.58e-11
2022-11-09, 14:06:48, 8.4e-13, 6.56e-11
2022-11-09, 14:06:52, 9.12e-13, 6.55e-11
2022-11-09, 14:06:56, 8.41e-13, 6.58e-11
2022-11-09, 14:07:01, 8.54e-13, 6.55e-11
2022-11-09, 14:07:05, 9.21e-13, 6.57e-11
2022-11-09, 14:07:09, 9.19e-13, 6.62e-11
2022-11-09, 14:07:13, 8.74e-13, 6.65e-11
2022-11-09, 14:07:17, 8.94e-13, 6.57e-11
2022-11-09, 14:07:22, 9.04e-13, 6.55e-11
2022-11-09, 14:07:26, 9.17e-13, 6.58e-11
2022-11-09, 14:07:30, 8.86e-13, 6.64e-11
2022-11-09, 14:07:34, 9.08e-13, 6.63e-11
2022-11-09, 14:07:39, 9.29e-13, 6.62e-11
2022-11-09, 14:07:43, 8.31e-13, 6.69e-11
2022-11-09, 14:07:47, 9.48e-13, 6.59e-11
2022-11-09, 14:07:51, 8.35e-13, 6.61e-11
2022-11-09, 14:07:55, 9.12e-13, 6.6e-11
2022-11-09, 14:08:00, 9.11e-13, 6.59e-11
2022-11-09, 14:08:04, 9.62e-13, 6.62e-11
2022-11-09, 14:08:08, 8.64e-13, 6.64e-11
2022-11-09, 14:08:12, 9.69e-13, 6.63e-11
2022-11-09, 14:08:16, 9.11e-13, 6.59e-11
2022-11-09, 14:08:21, 9.62e-13, 6.58e-11
2022-11-09, 14:08:25, 1.02e-12, 6.62e-11
2022-11-09, 14:08:29, 8.71e-13, 6.6e-11
2022-11-09, 14:08:33, 9.2e-13, 6.59e-11
2022-11-09, 14:08:38, 8.82e-13, 6.63e-11
2022-11-09, 14:08:42, 9.04e-13, 6.61e-11
2022-11-09, 14:08:46, 8.98e-13, 6.61e-11
2022-11-09, 14:08:50, 8.26e-13, 6.55e-11
2022-11-09, 14:08:54, 8.29e-13, 6.66e-11
2022-11-09, 14:08:59, 9.04e-13, 6.59e-11
2022-11-09, 14:09:03, 8.9e-13, 6.63e-11
2022-11-09, 14:09:07, 8.39e-13, 6.59e-11
2022-11-09, 14:09:11, 7.76e-13, 6.56e-11
2022-11-09, 14:09:16, 8.68e-13, 6.59e-11
2022-11-09, 14:09:20, 9.06e-13, 6.65e-11
2022-11-09, 14:09:24, 8.94e-13, 6.6e-11
2022-11-09, 14:09:28, 8.85e-13, 6.57e-11
2022-11-09, 14:09:32, 7.47e-13, 6.59e-11
2022-11-09, 14:09:37, 8.86e-13, 6.6e-11
2022-11-09, 14:09:41, 9.49e-13, 6.66e-11
2022-11-09, 14:09:45, 8.57e-13, 6.6e-11
2022-11-09, 14:09:49, 8.71e-13, 6.61e-11
2022-11-09, 14:09:54, 8.07e-13, 6.57e-11
2022-11-09, 14:09:58, 9.62e-13, 6.62e-11
2022-11-09, 14:10:02, 9.05e-13, 6.65e-11
2022-11-09, 14:10:06, 8.76e-13, 6.59e-11
2022-11-09, 14:10:10, 9.03e-13, 6.63e-11
2022-11-09, 14:10:15, 9.21e-13, 6.6e-11
2022-11-09, 14:10:19, 8.75e-13, 6.57e-11
2022-11-09, 14:10:23, 8.93e-13, 6.59e-11
2022-11-09, 14:10:27, 9.36e-13, 6.64e-11
2022-11-09, 14:10:32, 1.04e-12, 6.61e-11
2022-11-09, 14:10:36, 8.25e-13, 6.64e-11
2022-11-09, 14:10:40, 8.8e-13, 6.57e-11
2022-11-09, 14:10:44, 9.08e-13, 6.56e-11
2022-11-09, 14:10:48, 8.38e-13, 6.63e-11
2022-11-09, 14:10:53, 8.9e-13, 6.67e-11
2022-11-09, 14:10:57, 9.11e-13, 6.62e-11
2022-11-09, 14:11:01, 8.41e-13, 6.6e-11
2022-11-09, 14:11:05, 7.56e-13, 6.59e-11
2022-11-09, 14:11:10, 8.72e-13, 6.63e-11
2022-11-09, 14:11:14, 8.36e-13, 6.63e-11
2022-11-09, 14:11:18, 8.72e-13, 6.57e-11
2022-11-09, 14:11:22, 8.94e-13, 6.65e-11
2022-11-09, 14:11:26, 8.54e-13, 6.54e-11
2022-11-09, 14:11:31, 9.2e-13, 6.64e-11
2022-11-09, 14:11:35, 8.76e-13, 6.59e-11
2022-11-09, 14:11:39, 9.09e-13, 6.57e-11
2022-11-09, 14:11:43, 9e-13, 6.63e-11
2022-11-09, 14:11:48, 8e-13, 6.62e-11
2022-11-09, 14:11:52, 9.06e-13, 6.6e-11
2022-11-09, 14:11:56, 9.77e-13, 6.59e-11
2022-11-09, 14:12:00, 9.38e-13, 6.61e-11
2022-11-09, 14:12:04, 9.89e-13, 6.56e-11
2022-11-09, 14:12:09, 8.2e-13, 6.57e-11
2022-11-09, 14:12:13, 8.27e-13, 6.57e-11
2022-11-09, 14:12:17, 8.77e-13, 6.61e-11
2022-11-09, 14:12:21, 9.06e-13, 6.62e-11
2022-11-09, 14:12:26, 8.31e-13, 6.58e-11
2022-11-09, 14:12:30, 9.89e-13, 6.58e-11
2022-11-09, 14:12:34, 9.27e-13, 6.58e-11
2022-11-09, 14:12:38, 8.05e-13, 6.58e-11
2022-11-09, 14:12:42, 9.46e-13, 6.6e-11
2022-11-09, 14:12:47, 8.11e-13, 6.59e-11
2022-11-09, 14:12:51, 8.33e-13, 6.58e-11
2022-11-09, 14:12:55, 1.01e-12, 6.59e-11
2022-11-09, 14:12:59, 9.81e-13, 6.63e-11
2022-11-09, 14:13:04, 9.99e-13, 6.57e-11
2022-11-09, 14:13:08, 8.76e-13, 6.67e-11
2022-11-09, 14:13:12, 9.12e-13, 6.59e-11
2022-11-09, 14:13:16, 8.59e-13, 6.64e-11
2022-11-09, 14:13:20, 9.55e-13, 6.61e-11
2022-11-09, 14:13:25, 8.71e-13, 6.57e-11
2022-11-09, 14:13:29, 8.47e-13, 6.61e-11
2022-11-09, 14:13:33, 9.78e-13, 6.63e-11
2022-11-09, 14:13:37, 9.06e-13, 6.56e-11
2022-11-09, 14:13:42, 9.07e-13, 6.59e-11
2022-11-09, 14:13:46, 9.04e-13, 6.62e-11
2022-11-09, 14:13:50, 9.19e-13, 6.62e-11
2022-11-09, 14:13:54, 9.68e-13, 6.57e-11
2022-11-09, 14:13:58, 9.04e-13, 6.58e-11
2022-11-09, 14:14:03, 9e-13, 6.56e-11
2022-11-09, 14:14:07, 8.75e-13, 6.58e-11
2022-11-09, 14:14:11, 9.92e-13, 6.54e-11
2022-11-09, 14:14:15, 8.91e-13, 6.59e-11
2022-11-09, 14:14:20, 8.54e-13, 6.6e-11
2022-11-09, 14:14:24, 8.08e-13, 6.6e-11
2022-11-09, 14:14:28, 8.73e-13, 6.62e-11
2022-11-09, 14:14:32, 8.47e-13, 6.6e-11
2022-11-09, 14:14:36, 8.62e-13, 6.57e-11
2022-11-09, 14:14:41, 1e-12, 6.54e-11
2022-11-09, 14:14:45, 8.57e-13, 6.57e-11
2022-11-09, 14:14:49, 8.74e-13, 6.56e-11
2022-11-09, 14:14:53, 9.38e-13, 6.57e-11
2022-11-09, 14:14:57, 8.86e-13, 6.56e-11
2022-11-09, 14:15:02, 9.48e-13, 6.55e-11
2022-11-09, 14:15:06, 8.76e-13, 6.59e-11
2022-11-09, 14:15:10, 9.06e-13, 6.59e-11
2022-11-09, 14:15:14, 8.4e-13, 6.59e-11
2022-11-09, 14:15:19, 8.94e-13, 6.58e-11
2022-11-09, 14:15:23, 8.62e-13, 6.61e-11
2022-11-09, 14:15:27, 8.49e-13, 6.63e-11
2022-11-09, 14:15:31, 8.81e-13, 6.63e-11
2022-11-09, 14:15:35, 9.18e-13, 6.61e-11
2022-11-09, 14:15:40, 8.91e-13, 6.6e-11
2022-11-09, 14:15:44, 8.9e-13, 6.54e-11
2022-11-09, 14:15:48, 8.52e-13, 6.62e-11
2022-11-09, 14:15:52, 9.13e-13, 6.63e-11
2022-11-09, 14:15:57, 8.46e-13, 6.61e-11
2022-11-09, 14:16:01, 8.72e-13, 6.65e-11
2022-11-09, 14:16:05, 9.71e-13, 6.63e-11
2022-11-09, 14:16:09, 8.69e-13, 6.58e-11
2022-11-09, 14:16:13, 9.1e-13, 6.63e-11
2022-11-09, 14:16:18, 8.68e-13, 6.64e-11
2022-11-09, 14:16:22, 8.47e-13, 6.58e-11
2022-11-09, 14:16:26, 8.59e-13, 6.6e-11
2022-11-09, 14:16:30, 8.09e-13, 6.58e-11
2022-11-09, 14:16:35, 8.93e-13, 6.55e-11
2022-11-09, 14:16:39, 9.12e-13, 6.58e-11
2022-11-09, 14:16:43, 9.6e-13, 6.57e-11
2022-11-09, 14:16:47, 8.87e-13, 6.59e-11
2022-11-09, 14:16:51, 9.05e-13, 6.56e-11
2022-11-09, 14:16:56, 9.64e-13, 6.54e-11
2022-11-09, 14:17:00, 8.5e-13, 6.56e-11
2022-11-09, 14:17:04, 1.04e-12, 6.55e-11
2022-11-09, 14:17:08, 8.25e-13, 6.61e-11
2022-11-09, 14:17:13, 9.09e-13, 6.58e-11
2022-11-09, 14:17:17, 8.58e-13, 6.58e-11
2022-11-09, 14:17:21, 9.08e-13, 6.63e-11
2022-11-09, 14:17:25, 8.87e-13, 6.61e-11
2022-11-09, 14:17:29, 8.53e-13, 6.57e-11
2022-11-09, 14:17:34, 8.51e-13, 6.63e-11
2022-11-09, 14:17:38, 8.09e-13, 6.61e-11
2022-11-09, 14:17:42, 8.3e-13, 6.6e-11
2022-11-09, 14:17:46, 8.51e-13, 6.65e-11
2022-11-09, 14:17:51, 7.55e-13, 6.61e-11
2022-11-09, 14:17:55, 9.36e-13, 6.63e-11
2022-11-09, 14:17:59, 8.96e-13, 6.6e-11
2022-11-09, 14:18:03, 8.55e-13, 6.63e-11
2022-11-09, 14:18:07, 8.62e-13, 6.61e-11
2022-11-09, 14:18:12, 8.94e-13, 6.6e-11
2022-11-09, 14:18:16, 8.86e-13, 6.63e-11
2022-11-09, 14:18:20, 7.95e-13, 6.63e-11
2022-11-09, 14:18:24, 7.89e-13, 6.62e-11
2022-11-09, 14:18:29, 7.15e-13, 6.64e-11
2022-11-09, 14:18:33, 8.34e-13, 6.61e-11
2022-11-09, 14:18:37, 8.54e-13, 6.67e-11
2022-11-09, 14:18:41, 8.76e-13, 6.59e-11
2022-11-09, 14:18:45, 8.76e-13, 6.57e-11
2022-11-09, 14:18:50, 8.51e-13, 6.59e-11
2022-11-09, 14:18:54, 8.51e-13, 6.56e-11
2022-11-09, 14:18:58, 9.35e-13, 6.56e-11
2022-11-09, 14:19:02, 8.93e-13, 6.56e-11
2022-11-09, 14:19:06, 8.53e-13, 6.55e-11
2022-11-09, 14:19:11, 9.25e-13, 6.58e-11
2022-11-09, 14:19:15, 8.96e-13, 6.64e-11
2022-11-09, 14:19:19, 8.97e-13, 6.6e-11
2022-11-09, 14:19:23, 9.24e-13, 6.61e-11
2022-11-09, 14:19:28, 8.57e-13, 6.56e-11
2022-11-09, 14:19:32, 8.42e-13, 6.61e-11
2022-11-09, 14:19:36, 8.72e-13, 6.6e-11
2022-11-09, 14:19:40, 8.8e-13, 6.61e-11
2022-11-09, 14:19:44, 9.23e-13, 6.62e-11
2022-11-09, 14:19:49, 7.98e-13, 6.56e-11
2022-11-09, 14:19:53, 8.39e-13, 6.56e-11
2022-11-09, 14:19:57, 8.55e-13, 6.6e-11
2022-11-09, 14:20:01, 9.7e-13, 6.6e-11
2022-11-09, 14:20:06, 8.62e-13, 6.6e-11
2022-11-09, 14:20:10, 7.35e-13, 6.58e-11
2022-11-09, 14:20:14, 8.31e-13, 6.59e-11
2022-11-09, 14:20:18, 8.63e-13, 6.57e-11
2022-11-09, 14:20:22, 9.84e-13, 6.54e-11
2022-11-09, 14:20:27, 9.3e-13, 6.56e-11
2022-11-09, 14:20:31, 8.8e-13, 6.56e-11
2022-11-09, 14:20:35, 8.98e-13, 6.53e-11
2022-11-09, 14:20:39, 8.36e-13, 6.56e-11
2022-11-09, 14:20:44, 9.26e-13, 6.58e-11
2022-11-09, 14:20:48, 8.72e-13, 6.61e-11
2022-11-09, 14:20:52, 9.28e-13, 6.6e-11
2022-11-09, 14:20:56, 1.02e-12, 6.6e-11
2022-11-09, 14:21:00, 9.07e-13, 6.61e-11
2022-11-09, 14:21:05, 9.2e-13, 6.64e-11
2022-11-09, 14:21:09, 8.2e-13, 6.65e-11
2022-11-09, 14:21:13, 8.42e-13, 6.59e-11
2022-11-09, 14:21:17, 9.06e-13, 6.58e-11
2022-11-09, 14:21:22, 9.76e-13, 6.69e-11
2022-11-09, 14:21:26, 8.7e-13, 6.59e-11
2022-11-09, 14:21:30, 8.42e-13, 6.59e-11
2022-11-09, 14:21:34, 9.74e-13, 6.61e-11
2022-11-09, 14:21:38, 8.83e-13, 6.6e-11
2022-11-09, 14:21:43, 9.19e-13, 6.61e-11
2022-11-09, 14:21:47, 8.39e-13, 6.58e-11
2022-11-09, 14:21:51, 8.74e-13, 6.56e-11
2022-11-09, 14:21:55, 8.34e-13, 6.6e-11
2022-11-09, 14:22:00, 8.75e-13, 6.57e-11
2022-11-09, 14:22:04, 7.92e-13, 6.56e-11
2022-11-09, 14:22:08, 9.21e-13, 6.55e-11
2022-11-09, 14:22:12, 9.17e-13, 6.56e-11
2022-11-09, 14:22:16, 8.75e-13, 6.55e-11
2022-11-09, 14:22:21, 7.58e-13, 6.51e-11
2022-11-09, 14:22:25, 9.33e-13, 6.54e-11
2022-11-09, 14:22:29, 1.01e-12, 6.61e-11
2022-11-09, 14:22:33, 8.9e-13, 6.59e-11
2022-11-09, 14:22:38, 8.63e-13, 6.57e-11
2022-11-09, 14:22:42, 8.83e-13, 6.58e-11
2022-11-09, 14:22:46, 8.91e-13, 6.63e-11
2022-11-09, 14:22:50, 9.2e-13, 6.6e-11
2022-11-09, 14:22:54, 1.01e-12, 6.57e-11
2022-11-09, 14:22:59, 8.54e-13, 6.59e-11
2022-11-09, 14:23:03, 8.5e-13, 6.6e-11
2022-11-09, 14:23:07, 8.76e-13, 6.61e-11
2022-11-09, 14:23:11, 9.1e-13, 6.6e-11
2022-11-09, 14:23:15, 8.37e-13, 6.59e-11
2022-11-09, 14:23:20, 8.36e-13, 6.55e-11
2022-11-09, 14:23:24, 9.12e-13, 6.59e-11
2022-11-09, 14:23:28, 7.98e-13, 6.59e-11
2022-11-09, 14:23:32, 8.93e-13, 6.58e-11
2022-11-09, 14:23:37, 8.41e-13, 6.61e-11
2022-11-09, 14:23:41, 8.6e-13, 6.6e-11
2022-11-09, 14:23:45, 8.51e-13, 6.59e-11
2022-11-09, 14:23:49, 8.71e-13, 6.57e-11
2022-11-09, 14:23:54, 8.89e-13, 6.6e-11
2022-11-09, 14:23:58, 8.73e-13, 6.57e-11
2022-11-09, 14:24:02, 9.78e-13, 6.56e-11
2022-11-09, 14:24:06, 8.78e-13, 6.56e-11
2022-11-09, 14:24:10, 8.53e-13, 6.53e-11
2022-11-09, 14:24:15, 9.2e-13, 6.55e-11
2022-11-09, 14:24:19, 9.56e-13, 6.58e-11
2022-11-09, 14:24:23, 9.02e-13, 6.52e-11
2022-11-09, 14:24:27, 8.91e-13, 6.58e-11
2022-11-09, 14:24:31, 9.47e-13, 6.57e-11
2022-11-09, 14:24:36, 9.44e-13, 6.55e-11
2022-11-09, 14:24:40, 7.99e-13, 6.6e-11
2022-11-09, 14:24:44, 9.44e-13, 6.57e-11
2022-11-09, 14:24:48, 9.01e-13, 6.58e-11
2022-11-09, 14:24:53, 9.81e-13, 6.57e-11
2022-11-09, 14:24:57, 8.94e-13, 6.53e-11
2022-11-09, 14:25:01, 8.74e-13, 6.55e-11
2022-11-09, 14:25:05, 8.26e-13, 6.54e-11
2022-11-09, 14:25:09, 8.71e-13, 6.57e-11
2022-11-09, 14:25:14, 8.92e-13, 6.65e-11
2022-11-09, 14:25:18, 8.62e-13, 6.64e-11
2022-11-09, 14:25:22, 8.57e-13, 6.54e-11
2022-11-09, 14:25:26, 8.52e-13, 6.59e-11
2022-11-09, 14:25:31, 9.08e-13, 6.61e-11
2022-11-09, 14:25:35, 1e-12, 6.59e-11
2022-11-09, 14:25:39, 8.61e-13, 6.65e-11
2022-11-09, 14:25:43, 8.94e-13, 6.58e-11
2022-11-09, 14:25:47, 8.64e-13, 6.56e-11
2022-11-09, 14:25:52, 9.85e-13, 6.53e-11
2022-11-09, 14:25:56, 8.51e-13, 6.56e-11
2022-11-09, 14:26:00, 8.81e-13, 6.6e-11
2022-11-09, 14:26:04, 9.03e-13, 6.6e-11
2022-11-09, 14:26:09, 8.81e-13, 6.57e-11
2022-11-09, 14:26:13, 8.69e-13, 6.56e-11
2022-11-09, 14:26:17, 9.32e-13, 6.6e-11
2022-11-09, 14:26:21, 9.18e-13, 6.61e-11
2022-11-09, 14:26:25, 8.73e-13, 6.58e-11
2022-11-09, 14:26:30, 8.55e-13, 6.62e-11
2022-11-09, 14:26:34, 8.57e-13, 6.59e-11
2022-11-09, 14:26:38, 7.97e-13, 6.58e-11
2022-11-09, 14:26:42, 9.49e-13, 6.56e-11
2022-11-09, 14:26:47, 8.87e-13, 6.59e-11
2022-11-09, 14:26:51, 8.72e-13, 6.59e-11
2022-11-09, 14:26:55, 8.4e-13, 6.59e-11
2022-11-09, 14:26:59, 8.56e-13, 6.57e-11
2022-11-09, 14:27:03, 8.73e-13, 6.6e-11
2022-11-09, 14:27:08, 8.9e-13, 6.57e-11
2022-11-09, 14:27:12, 8.62e-13, 6.57e-11
2022-11-09, 14:27:16, 9.14e-13, 6.58e-11
2022-11-09, 14:27:20, 9.11e-13, 6.59e-11
2022-11-09, 14:27:25, 8.67e-13, 6.59e-11
2022-11-09, 14:27:29, 9.01e-13, 6.57e-11
2022-11-09, 14:27:33, 8.56e-13, 6.58e-11
2022-11-09, 14:27:37, 1.05e-12, 6.57e-11
2022-11-09, 14:27:41, 8.35e-13, 6.59e-11
2022-11-09, 14:27:46, 8.81e-13, 6.67e-11
2022-11-09, 14:27:50, 8.95e-13, 6.63e-11
2022-11-09, 14:27:54, 8.18e-13, 6.55e-11
2022-11-09, 14:27:58, 9.34e-13, 6.55e-11
2022-11-09, 14:28:03, 8.65e-13, 6.59e-11
2022-11-09, 14:28:07, 8.56e-13, 6.56e-11
2022-11-09, 14:28:11, 8.45e-13, 6.58e-11
2022-11-09, 14:28:15, 8.64e-13, 6.57e-11
2022-11-09, 14:28:19, 8.68e-13, 6.57e-11
2022-11-09, 14:28:24, 8.62e-13, 6.57e-11
2022-11-09, 14:28:28, 1.07e-12, 6.58e-11
2022-11-09, 14:28:32, 8.03e-13, 6.57e-11
2022-11-09, 14:28:36, 8.94e-13, 6.59e-11
2022-11-09, 14:28:40, 8.58e-13, 6.56e-11
2022-11-09, 14:28:45, 8.72e-13, 6.54e-11
2022-11-09, 14:28:49, 9.08e-13, 6.55e-11
2022-11-09, 14:28:53, 1.01e-12, 6.55e-11
2022-11-09, 14:28:57, 8.98e-13, 6.85e-11
2022-11-09, 14:29:02, 9.14e-13, 6.54e-11
2022-11-09, 14:29:06, 9.12e-13, 6.52e-11
2022-11-09, 14:29:10, 9.98e-13, 6.55e-11
2022-11-09, 14:29:14, 8.68e-13, 6.58e-11
2022-11-09, 14:29:18, 8.97e-13, 6.57e-11
2022-11-09, 14:29:23, 8.32e-13, 6.59e-11
2022-11-09, 14:29:27, 8.8e-13, 6.56e-11
2022-11-09, 14:29:31, 8.74e-13, 6.58e-11
2022-11-09, 14:29:35, 8.58e-13, 6.56e-11
2022-11-09, 14:29:40, 9.68e-13, 6.61e-11
2022-11-09, 14:29:44, 8.82e-13, 6.57e-11
2022-11-09, 14:29:48, 8.68e-13, 6.56e-11
2022-11-09, 14:29:52, 9.58e-13, 6.56e-11
2022-11-09, 14:29:56, 8.57e-13, 6.56e-11
2022-11-09, 14:30:01, 8.9e-13, 6.56e-11
2022-11-09, 14:30:05, 8.71e-13, 6.59e-11
2022-11-09, 14:30:09, 9.24e-13, 6.55e-11
2022-11-09, 14:30:13, 9.62e-13, 6.55e-11
2022-11-09, 14:30:18, 8.59e-13, 6.58e-11
2022-11-09, 14:30:22, 7.77e-13, 6.58e-11
2022-11-09, 14:30:26, 9.38e-13, 6.58e-11
2022-11-09, 14:30:30, 8.49e-13, 6.59e-11
2022-11-09, 14:30:34, 8.08e-13, 6.56e-11
2022-11-09, 14:30:39, 8.71e-13, 6.53e-11
2022-11-09, 14:30:43, 9.19e-13, 6.55e-11
2022-11-09, 14:30:47, 8.71e-13, 6.6e-11
2022-11-09, 14:30:51, 7.33e-13, 6.62e-11
2022-11-09, 14:30:56, 8.52e-13, 6.55e-11
2022-11-09, 14:31:00, 9.13e-13, 6.55e-11
2022-11-09, 14:31:04, 8.36e-13, 6.57e-11
2022-11-09, 14:31:08, 8.95e-13, 6.57e-11
2022-11-09, 14:31:12, 8.6e-13, 6.56e-11
2022-11-09, 14:31:17, 8.28e-13, 6.59e-11
2022-11-09, 14:31:21, 9.07e-13, 6.59e-11
2022-11-09, 14:31:25, 8.43e-13, 6.56e-11
2022-11-09, 14:31:29, 9.3e-13, 6.57e-11
2022-11-09, 14:31:34, 8.32e-13, 6.55e-11
2022-11-09, 14:31:38, 8.89e-13, 6.54e-11
2022-11-09, 14:31:42, 8.57e-13, 6.55e-11
2022-11-09, 14:31:46, 9.03e-13, 6.56e-11
2022-11-09, 14:31:50, 8.39e-13, 6.55e-11
2022-11-09, 14:31:55, 7.84e-13, 6.56e-11
2022-11-09, 14:31:59, 8.32e-13, 6.58e-11
2022-11-09, 14:32:03, 8.88e-13, 6.56e-11
2022-11-09, 14:32:07, 8.88e-13, 6.56e-11
2022-11-09, 14:32:11, 9.68e-13, 6.6e-11
2022-11-09, 14:32:16, 9.53e-13, 6.55e-11
2022-11-09, 14:32:20, 9.63e-13, 6.57e-11
2022-11-09, 14:32:24, 8.67e-13, 6.58e-11
2022-11-09, 14:32:28, 9.65e-13, 6.56e-11
2022-11-09, 14:32:33, 8.49e-13, 6.51e-11
2022-11-09, 14:32:37, 8.7e-13, 6.54e-11
2022-11-09, 14:32:41, 8.8e-13, 6.55e-11
2022-11-09, 14:32:45, 8.59e-13, 6.55e-11
2022-11-09, 14:32:49, 8.92e-13, 6.59e-11
2022-11-09, 14:32:54, 8.19e-13, 6.6e-11
2022-11-09, 14:32:58, 7.53e-13, 6.57e-11
2022-11-09, 14:33:02, 8.55e-13, 6.59e-11
2022-11-09, 14:33:06, 8.82e-13, 6.58e-11
2022-11-09, 14:33:11, 8.69e-13, 6.58e-11
2022-11-09, 14:33:15, 7.72e-13, 6.55e-11
2022-11-09, 14:33:19, 8.73e-13, 6.57e-11
2022-11-09, 14:33:23, 9.11e-13, 6.56e-11
2022-11-09, 14:33:27, 8.79e-13, 6.54e-11
2022-11-09, 14:33:32, 8.96e-13, 6.52e-11
2022-11-09, 14:33:36, 8.28e-13, 6.57e-11
2022-11-09, 14:33:40, 8.5e-13, 6.58e-11
2022-11-09, 14:33:44, 8.6e-13, 6.56e-11
2022-11-09, 14:33:49, 8.77e-13, 6.54e-11
2022-11-09, 14:33:53, 9.45e-13, 6.55e-11
2022-11-09, 14:33:57, 8.45e-13, 6.57e-11
2022-11-09, 14:34:01, 8.88e-13, 6.58e-11
2022-11-09, 14:34:05, 9.25e-13, 6.56e-11
2022-11-09, 14:34:10, 9.2e-13, 6.57e-11
2022-11-09, 14:34:14, 7.55e-13, 6.56e-11
2022-11-09, 14:34:18, 8.7e-13, 6.55e-11
2022-11-09, 14:34:22, 9.1e-13, 6.57e-11
2022-11-09, 14:34:27, 8.81e-13, 6.56e-11
2022-11-09, 14:34:31, 8.79e-13, 6.58e-11
2022-11-09, 14:34:35, 7.97e-13, 6.56e-11
2022-11-09, 14:34:39, 9.06e-13, 6.55e-11
2022-11-09, 14:34:43, 8.64e-13, 6.58e-11
2022-11-09, 14:34:48, 8.99e-13, 6.56e-11
2022-11-09, 14:34:52, 8.11e-13, 6.58e-11
2022-11-09, 14:34:56, 9.48e-13, 6.58e-11
2022-11-09, 14:35:00, 9.44e-13, 6.75e-11
2022-11-09, 14:35:05, 7.98e-13, 6.6e-11
2022-11-09, 14:35:09, 9.5e-13, 6.59e-11
2022-11-09, 14:35:13, 8.5e-13, 6.6e-11
2022-11-09, 14:35:17, 8.91e-13, 6.62e-11
2022-11-09, 14:35:21, 8.68e-13, 6.6e-11
2022-11-09, 14:35:26, 8.39e-13, 6.6e-11
2022-11-09, 14:35:30, 8.2e-13, 6.57e-11
2022-11-09, 14:35:34, 9.25e-13, 6.58e-11
2022-11-09, 14:35:38, 8.26e-13, 6.57e-11
2022-11-09, 14:35:43, 9.04e-13, 6.58e-11
2022-11-09, 14:35:47, 8.74e-13, 6.59e-11
2022-11-09, 14:35:51, 8.5e-13, 6.57e-11
2022-11-09, 14:35:55, 9.13e-13, 6.55e-11
2022-11-09, 14:35:59, 8.74e-13, 6.55e-11
2022-11-09, 14:36:04, 8.56e-13, 6.59e-11
2022-11-09, 14:36:08, 9.18e-13, 6.56e-11
2022-11-09, 14:36:12, 8.9e-13, 6.56e-11
2022-11-09, 14:36:16, 9.07e-13, 6.59e-11
2022-11-09, 14:36:21, 9.11e-13, 6.56e-11
2022-11-09, 14:36:25, 8.84e-13, 6.59e-11
2022-11-09, 14:36:29, 8.73e-13, 6.57e-11
2022-11-09, 14:36:33, 7.59e-13, 6.58e-11
2022-11-09, 14:36:37, 9.66e-13, 6.62e-11
2022-11-09, 14:36:42, 8.54e-13, 6.61e-11
2022-11-09, 14:36:46, 8.92e-13, 6.58e-11
2022-11-09, 14:36:50, 8.53e-13, 6.57e-11
2022-11-09, 14:36:54, 8.22e-13, 6.64e-11
2022-11-09, 14:36:58, 9.23e-13, 6.58e-11
2022-11-09, 14:37:03, 8.78e-13, 6.59e-11
2022-11-09, 14:37:07, 9.36e-13, 6.59e-11
2022-11-09, 14:37:11, 8.99e-13, 6.57e-11
2022-11-09, 14:37:15, 8.65e-13, 6.62e-11
2022-11-09, 14:37:20, 8.84e-13, 6.58e-11
2022-11-09, 14:37:24, 1e-12, 6.56e-11
2022-11-09, 14:37:28, 8.76e-13, 6.58e-11
2022-11-09, 14:37:32, 8.88e-13, 6.62e-11
2022-11-09, 14:37:36, 9.02e-13, 6.64e-11
2022-11-09, 14:37:41, 8.37e-13, 6.6e-11
2022-11-09, 14:37:45, 8.31e-13, 6.64e-11
2022-11-09, 14:37:49, 8.18e-13, 6.62e-11
2022-11-09, 14:37:53, 8.94e-13, 6.59e-11
2022-11-09, 14:37:58, 8.08e-13, 6.58e-11
2022-11-09, 14:38:02, 8.43e-13, 6.58e-11
2022-11-09, 14:38:06, 8.54e-13, 6.59e-11
2022-11-09, 14:38:10, 8.81e-13, 6.6e-11
2022-11-09, 14:38:14, 9.15e-13, 6.59e-11
2022-11-09, 14:38:19, 8.99e-13, 6.58e-11
2022-11-09, 14:38:23, 9e-13, 6.6e-11
2022-11-09, 14:38:27, 8.66e-13, 6.59e-11
2022-11-09, 14:38:31, 9.22e-13, 6.57e-11
2022-11-09, 14:38:36, 9.02e-13, 6.59e-11
2022-11-09, 14:38:40, 8.81e-13, 6.57e-11
2022-11-09, 14:38:44, 9.38e-13, 6.58e-11
2022-11-09, 14:38:48, 8.85e-13, 6.59e-11
2022-11-09, 14:38:52, 8.73e-13, 6.6e-11
2022-11-09, 14:38:57, 8.09e-13, 6.58e-11
2022-11-09, 14:39:01, 8.75e-13, 6.61e-11
2022-11-09, 14:39:05, 8.83e-13, 6.58e-11
2022-11-09, 14:39:09, 8.5e-13, 6.6e-11
2022-11-09, 14:39:14, 8.36e-13, 6.56e-11
2022-11-09, 14:39:18, 8.83e-13, 6.59e-11
2022-11-09, 14:39:22, 9.05e-13, 6.58e-11
2022-11-09, 14:39:26, 8.62e-13, 6.63e-11
2022-11-09, 14:39:30, 8.7e-13, 6.64e-11
2022-11-09, 14:39:35, 8.71e-13, 6.61e-11
2022-11-09, 14:39:39, 8.81e-13, 6.6e-11
2022-11-09, 14:39:43, 8.84e-13, 6.59e-11
2022-11-09, 14:39:47, 9.11e-13, 6.61e-11
2022-11-09, 14:39:52, 9.08e-13, 6.65e-11
2022-11-09, 14:39:56, 7.97e-13, 6.61e-11
2022-11-09, 14:40:00, 8.57e-13, 6.58e-11
2022-11-09, 14:40:04, 8.98e-13, 6.61e-11
2022-11-09, 14:40:08, 8.78e-13, 6.57e-11
2022-11-09, 14:40:13, 9.1e-13, 6.59e-11
2022-11-09, 14:40:17, 9.3e-13, 6.59e-11
2022-11-09, 14:40:21, 1.02e-12, 6.59e-11
2022-11-09, 14:40:25, 8.78e-13, 6.55e-11
2022-11-09, 14:40:29, 9.18e-13, 6.55e-11
2022-11-09, 14:40:34, 8.92e-13, 6.58e-11
2022-11-09, 14:40:38, 8.56e-13, 6.59e-11
2022-11-09, 14:40:42, 8.91e-13, 6.6e-11
2022-11-09, 14:40:46, 8.79e-13, 6.65e-11
2022-11-09, 14:40:51, 8.36e-13, 6.63e-11
2022-11-09, 14:40:55, 9.12e-13, 6.66e-11
2022-11-09, 14:40:59, 8.67e-13, 6.67e-11
2022-11-09, 14:41:03, 8.96e-13, 6.57e-11
2022-11-09, 14:41:07, 9.52e-13, 6.61e-11
2022-11-09, 14:41:12, 8.61e-13, 6.56e-11
2022-11-09, 14:41:16, 9.25e-13, 6.62e-11
2022-11-09, 14:41:20, 8.72e-13, 6.59e-11
2022-11-09, 14:41:24, 8.91e-13, 6.6e-11
2022-11-09, 14:41:29, 8.72e-13, 6.61e-11
2022-11-09, 14:41:33, 9.35e-13, 6.6e-11
2022-11-09, 14:41:37, 8.57e-13, 6.61e-11
2022-11-09, 14:41:41, 9.07e-13, 6.57e-11
2022-11-09, 14:41:45, 8.92e-13, 6.67e-11
2022-11-09, 14:41:50, 9.16e-13, 6.62e-11
2022-11-09, 14:41:54, 8.61e-13, 6.62e-11
2022-11-09, 14:41:58, 8.35e-13, 6.61e-11
2022-11-09, 14:42:02, 8.2e-13, 6.58e-11
2022-11-09, 14:42:07, 9.34e-13, 6.61e-11
2022-11-09, 14:42:11, 8.89e-13, 6.6e-11
2022-11-09, 14:42:15, 9.76e-13, 6.6e-11
2022-11-09, 14:42:19, 9.17e-13, 6.56e-11
2022-11-09, 14:42:23, 8.59e-13, 6.63e-11
2022-11-09, 14:42:28, 8.47e-13, 6.6e-11
2022-11-09, 14:42:32, 9.05e-13, 6.66e-11
2022-11-09, 14:42:36, 8.7e-13, 6.58e-11
2022-11-09, 14:42:40, 8.72e-13, 6.55e-11
2022-11-09, 14:42:45, 9.3e-13, 6.63e-11
2022-11-09, 14:42:49, 8.61e-13, 6.57e-11
2022-11-09, 14:42:53, 8.6e-13, 6.57e-11
2022-11-09, 14:42:57, 9.56e-13, 6.64e-11
2022-11-09, 14:43:01, 8.64e-13, 6.6e-11
2022-11-09, 14:43:06, 8.69e-13, 6.59e-11
2022-11-09, 14:43:10, 9.02e-13, 6.58e-11
2022-11-09, 14:43:14, 9.06e-13, 6.6e-11
2022-11-09, 14:43:18, 9.59e-13, 6.58e-11
2022-11-09, 14:43:23, 8.73e-13, 6.62e-11
2022-11-09, 14:43:27, 8.95e-13, 6.58e-11
2022-11-09, 14:43:31, 9.22e-13, 6.6e-11
2022-11-09, 14:43:35, 8.56e-13, 6.62e-11
2022-11-09, 14:43:39, 8.19e-13, 6.59e-11
2022-11-09, 14:43:44, 9.16e-13, 6.6e-11
2022-11-09, 14:43:48, 8.73e-13, 6.58e-11
2022-11-09, 14:43:52, 7.9e-13, 6.57e-11
2022-11-09, 14:43:56, 8.62e-13, 6.55e-11
2022-11-09, 14:44:01, 8.92e-13, 6.59e-11
2022-11-09, 14:44:05, 9.05e-13, 6.57e-11
2022-11-09, 14:44:09, 9.34e-13, 6.6e-11
2022-11-09, 14:44:13, 8.56e-13, 6.65e-11
2022-11-09, 14:44:17, 8.18e-13, 6.57e-11
2022-11-09, 14:44:22, 9.42e-13, 6.6e-11
2022-11-09, 14:44:26, 8.8e-13, 6.59e-11
2022-11-09, 14:44:30, 8.83e-13, 6.57e-11
2022-11-09, 14:44:34, 9.41e-13, 6.62e-11
2022-11-09, 14:44:38, 8.31e-13, 6.6e-11
2022-11-09, 14:44:43, 8.71e-13, 6.61e-11
2022-11-09, 14:44:47, 7.57e-13, 6.61e-11
2022-11-09, 14:44:51, 8.93e-13, 6.65e-11
2022-11-09, 14:44:55, 8.8e-13, 6.63e-11
2022-11-09, 14:45:00, 8.75e-13, 6.59e-11
2022-11-09, 14:45:04, 9.11e-13, 6.6e-11
2022-11-09, 14:45:08, 8.28e-13, 6.59e-11
2022-11-09, 14:45:12, 8.66e-13, 6.61e-11
2022-11-09, 14:45:16, 8.96e-13, 6.59e-11
2022-11-09, 14:45:21, 9.94e-13, 6.61e-11
2022-11-09, 14:45:25, 8.93e-13, 6.61e-11
2022-11-09, 14:45:29, 8.78e-13, 6.56e-11
2022-11-09, 14:45:33, 9.02e-13, 6.6e-11
2022-11-09, 14:45:38, 9.02e-13, 6.63e-11
2022-11-09, 14:45:42, 8.79e-13, 6.63e-11
2022-11-09, 14:45:46, 9.2e-13, 6.6e-11
2022-11-09, 14:45:50, 8.86e-13, 6.6e-11
2022-11-09, 14:45:54, 8.82e-13, 6.52e-11
2022-11-09, 14:45:59, 8.76e-13, 6.52e-11
2022-11-09, 14:46:03, 8.68e-13, 6.51e-11
2022-11-09, 14:46:07, 8.54e-13, 6.58e-11
2022-11-09, 14:46:11, 9.12e-13, 6.55e-11
2022-11-09, 14:46:16, 8.33e-13, 6.57e-11
2022-11-09, 14:46:20, 8.9e-13, 6.53e-11
2022-11-09, 14:46:24, 8.15e-13, 6.53e-11
2022-11-09, 14:46:28, 7.94e-13, 6.52e-11
2022-11-09, 14:46:32, 8.37e-13, 6.55e-11
2022-11-09, 14:46:37, 8.76e-13, 6.52e-11
2022-11-09, 14:46:41, 9.32e-13, 6.55e-11
2022-11-09, 14:46:45, 8.02e-13, 6.53e-11
2022-11-09, 14:46:49, 9.38e-13, 6.52e-11
2022-11-09, 14:46:54, 8.61e-13, 6.52e-11
2022-11-09, 14:46:58, 9.02e-13, 6.54e-11
2022-11-09, 14:47:02, 8.73e-13, 6.52e-11
2022-11-09, 14:47:06, 8.18e-13, 6.51e-11
2022-11-09, 14:47:10, 9.57e-13, 6.51e-11
2022-11-09, 14:47:15, 8.56e-13, 6.51e-11
2022-11-09, 14:47:19, 8.5e-13, 6.51e-11
2022-11-09, 14:47:23, 8.25e-13, 6.5e-11
2022-11-09, 14:47:27, 8.98e-13, 6.51e-11
2022-11-09, 14:47:32, 8.45e-13, 6.62e-11
2022-11-09, 14:47:36, 8.64e-13, 6.53e-11
2022-11-09, 14:47:40, 9.35e-13, 6.57e-11
2022-11-09, 14:47:44, 9.29e-13, 6.53e-11
2022-11-09, 14:47:48, 8.95e-13, 6.55e-11
2022-11-09, 14:47:53, 8.64e-13, 6.54e-11
2022-11-09, 14:47:57, 8.51e-13, 6.53e-11
2022-11-09, 14:48:01, 8.71e-13, 6.54e-11
2022-11-09, 14:48:05, 9.1e-13, 6.53e-11
2022-11-09, 14:48:10, 8.65e-13, 6.52e-11
2022-11-09, 14:48:14, 9.02e-13, 6.5e-11
2022-11-09, 14:48:18, 8.73e-13, 6.52e-11
2022-11-09, 14:48:22, 8.81e-13, 6.52e-11
2022-11-09, 14:48:26, 9.89e-13, 6.52e-11
2022-11-09, 14:48:31, 8.1e-13, 6.53e-11
2022-11-09, 14:48:35, 8.82e-13, 6.53e-11
2022-11-09, 14:48:39, 8.48e-13, 6.53e-11
2022-11-09, 14:48:43, 9.01e-13, 6.56e-11
2022-11-09, 14:48:48, 8.5e-13, 6.53e-11
2022-11-09, 14:48:52, 8.38e-13, 6.54e-11
2022-11-09, 14:48:56, 8.52e-13, 6.54e-11
2022-11-09, 14:49:00, 9.26e-13, 6.53e-11
2022-11-09, 14:49:04, 8.8e-13, 6.53e-11
2022-11-09, 14:49:09, 9.24e-13, 6.51e-11
2022-11-09, 14:49:13, 8.43e-13, 6.52e-11
2022-11-09, 14:49:17, 7.74e-13, 6.53e-11
2022-11-09, 14:49:21, 8.1e-13, 6.51e-11
2022-11-09, 14:49:25, 8.9e-13, 6.53e-11
2022-11-09, 14:49:30, 9.15e-13, 6.5e-11
2022-11-09, 14:49:34, 9.71e-13, 6.49e-11
2022-11-09, 14:49:38, 8.68e-13, 6.5e-11
2022-11-09, 14:49:42, 9e-13, 6.48e-11
2022-11-09, 14:49:47, 8.73e-13, 6.5e-11
2022-11-09, 14:49:51, 7.39e-13, 6.51e-11
2022-11-09, 14:49:55, 9.34e-13, 6.5e-11
2022-11-09, 14:49:59, 8.83e-13, 6.5e-11
2022-11-09, 14:50:03, 9.04e-13, 6.5e-11
2022-11-09, 14:50:08, 8.41e-13, 6.51e-11
2022-11-09, 14:50:12, 9.34e-13, 6.49e-11
2022-11-09, 14:50:16, 8.9e-13, 6.49e-11
2022-11-09, 14:50:20, 8.8e-13, 6.5e-11
2022-11-09, 14:50:25, 8.9e-13, 6.51e-11
2022-11-09, 14:50:29, 8.56e-13, 6.54e-11
2022-11-09, 14:50:33, 8.87e-13, 6.51e-11
2022-11-09, 14:50:37, 8.87e-13, 6.53e-11
2022-11-09, 14:50:41, 8.43e-13, 6.52e-11
2022-11-09, 14:50:46, 8.04e-13, 6.53e-11
2022-11-09, 14:50:50, 8.81e-13, 6.52e-11
2022-11-09, 14:50:54, 8.71e-13, 6.53e-11
2022-11-09, 14:50:58, 8.5e-13, 6.52e-11
2022-11-09, 14:51:03, 8.69e-13, 6.5e-11
2022-11-09, 14:51:07, 8.69e-13, 6.52e-11
2022-11-09, 14:51:11, 9.22e-13, 6.5e-11
2022-11-09, 14:51:15, 8.63e-13, 6.49e-11
2022-11-09, 14:51:19, 9.1e-13, 6.55e-11
2022-11-09, 14:51:24, 9.38e-13, 6.49e-11
2022-11-09, 14:51:28, 8.8e-13, 6.5e-11
2022-11-09, 14:51:32, 7.22e-13, 6.53e-11
2022-11-09, 14:51:36, 7.59e-13, 6.52e-11
2022-11-09, 14:51:41, 9.99e-13, 6.51e-11
2022-11-09, 14:51:45, 9.36e-13, 6.52e-11
2022-11-09, 14:51:49, 8.46e-13, 6.51e-11
2022-11-09, 14:51:53, 8.35e-13, 6.5e-11
2022-11-09, 14:51:57, 8.63e-13, 6.54e-11
2022-11-09, 14:52:02, 9.05e-13, 6.53e-11
2022-11-09, 14:52:06, 8.78e-13, 6.5e-11
2022-11-09, 14:52:10, 8.76e-13, 6.52e-11
2022-11-09, 14:52:14, 9.55e-13, 6.52e-11
2022-11-09, 14:52:19, 1.06e-12, 6.52e-11
2022-11-09, 14:52:23, 8.59e-13, 6.49e-11
2022-11-09, 14:52:27, 8.46e-13, 6.5e-11
2022-11-09, 14:52:31, 8.64e-13, 6.49e-11
2022-11-09, 14:52:35, 9.2e-13, 6.51e-11
2022-11-09, 14:52:40, 8.34e-13, 6.52e-11
2022-11-09, 14:52:44, 9e-13, 6.56e-11
2022-11-09, 14:52:48, 8.6e-13, 6.63e-11
2022-11-09, 14:52:52, 8.03e-13, 6.49e-11
2022-11-09, 14:52:57, 8.69e-13, 6.5e-11
2022-11-09, 14:53:01, 9.31e-13, 6.5e-11
2022-11-09, 14:53:05, 8.61e-13, 6.5e-11
2022-11-09, 14:53:09, 9.26e-13, 6.49e-11
2022-11-09, 14:53:13, 8.88e-13, 6.48e-11
2022-11-09, 14:53:18, 8.2e-13, 6.49e-11
2022-11-09, 14:53:22, 8.94e-13, 6.5e-11
2022-11-09, 14:53:26, 8.63e-13, 6.48e-11
2022-11-09, 14:53:30, 8.77e-13, 6.47e-11
2022-11-09, 14:53:34, 9.57e-13, 6.5e-11
2022-11-09, 14:53:39, 8.72e-13, 6.5e-11
2022-11-09, 14:53:43, 8.95e-13, 6.5e-11
2022-11-09, 14:53:47, 8.6e-13, 6.51e-11
2022-11-09, 14:53:51, 9.07e-13, 6.5e-11
2022-11-09, 14:53:56, 9.79e-13, 6.49e-11
2022-11-09, 14:54:00, 8.68e-13, 6.5e-11
2022-11-09, 14:54:04, 7.98e-13, 6.48e-11
2022-11-09, 14:54:08, 9.27e-13, 6.51e-11
2022-11-09, 14:54:12, 9.24e-13, 6.52e-11
2022-11-09, 14:54:17, 8.77e-13, 6.51e-11
2022-11-09, 14:54:21, 9.52e-13, 6.53e-11
2022-11-09, 14:54:25, 8.21e-13, 6.5e-11
2022-11-09, 14:54:29, 8.89e-13, 6.5e-11
2022-11-09, 14:54:34, 9.04e-13, 6.51e-11
2022-11-09, 14:54:38, 9.44e-13, 6.51e-11
2022-11-09, 14:54:42, 8.58e-13, 6.48e-11
2022-11-09, 14:54:46, 8.9e-13, 6.49e-11
2022-11-09, 14:54:50, 9.21e-13, 6.49e-11
2022-11-09, 14:54:55, 8.7e-13, 6.51e-11
2022-11-09, 14:54:59, 7.91e-13, 6.56e-11
2022-11-09, 14:55:03, 9.09e-13, 6.5e-11
2022-11-09, 14:55:07, 8.03e-13, 6.48e-11
2022-11-09, 14:55:12, 9.35e-13, 6.49e-11
2022-11-09, 14:55:16, 8.72e-13, 6.51e-11
2022-11-09, 14:55:20, 8.77e-13, 6.49e-11
2022-11-09, 14:55:24, 8.7e-13, 6.5e-11
2022-11-09, 14:55:28, 9.18e-13, 6.53e-11
2022-11-09, 14:55:33, 7.77e-13, 6.5e-11
2022-11-09, 14:55:37, 8.19e-13, 6.5e-11
2022-11-09, 14:55:41, 9.03e-13, 6.5e-11
2022-11-09, 14:55:45, 8.57e-13, 6.52e-11
2022-11-09, 14:55:50, 8.54e-13, 6.5e-11
2022-11-09, 14:55:54, 8.53e-13, 6.52e-11
2022-11-09, 14:55:58, 8.73e-13, 6.52e-11
2022-11-09, 14:56:02, 9.29e-13, 6.57e-11
2022-11-09, 14:56:06, 8.65e-13, 6.5e-11
2022-11-09, 14:56:11, 8.25e-13, 6.48e-11
2022-11-09, 14:56:15, 8.58e-13, 6.5e-11
2022-11-09, 14:56:19, 8.88e-13, 6.52e-11
2022-11-09, 14:56:23, 8.25e-13, 6.51e-11
2022-11-09, 14:56:28, 8.78e-13, 6.51e-11
2022-11-09, 14:56:32, 9.08e-13, 6.52e-11
2022-11-09, 14:56:36, 8.51e-13, 6.52e-11
2022-11-09, 14:56:40, 8.92e-13, 6.5e-11
2022-11-09, 14:56:44, 8.48e-13, 6.5e-11
2022-11-09, 14:56:49, 9.33e-13, 6.51e-11
2022-11-09, 14:56:53, 8.63e-13, 6.51e-11
2022-11-09, 14:56:57, 8.97e-13, 6.51e-11
2022-11-09, 14:57:01, 8.69e-13, 6.51e-11
2022-11-09, 14:57:05, 8.58e-13, 6.54e-11
2022-11-09, 14:57:10, 7.74e-13, 6.5e-11
2022-11-09, 14:57:14, 8.55e-13, 6.51e-11
2022-11-09, 14:57:18, 8.61e-13, 6.54e-11
2022-11-09, 14:57:22, 9.14e-13, 6.54e-11
2022-11-09, 14:57:27, 8.78e-13, 6.51e-11
2022-11-09, 14:57:31, 9.45e-13, 6.51e-11
2022-11-09, 14:57:35, 8.43e-13, 6.52e-11
2022-11-09, 14:57:39, 7.68e-13, 6.51e-11
2022-11-09, 14:57:43, 8.73e-13, 6.5e-11
2022-11-09, 14:57:48, 8.37e-13, 6.53e-11
2022-11-09, 14:57:52, 8.42e-13, 6.53e-11
2022-11-09, 14:57:56, 8.7e-13, 6.55e-11
2022-11-09, 14:58:00, 9.06e-13, 6.56e-11
2022-11-09, 14:58:05, 8.82e-13, 6.57e-11
2022-11-09, 14:58:09, 8.94e-13, 6.59e-11
2022-11-09, 14:58:13, 8.01e-13, 6.48e-11
2022-11-09, 14:58:17, 8.82e-13, 6.51e-11
2022-11-09, 14:58:21, 9.63e-13, 6.49e-11
2022-11-09, 14:58:26, 8.53e-13, 6.49e-11
2022-11-09, 14:58:30, 8.93e-13, 6.54e-11
2022-11-09, 14:58:34, 8.71e-13, 6.52e-11
2022-11-09, 14:58:38, 8.69e-13, 6.56e-11
2022-11-09, 14:58:43, 8.78e-13, 6.58e-11
2022-11-09, 14:58:47, 9.53e-13, 6.51e-11
2022-11-09, 14:58:51, 9.94e-13, 6.52e-11
2022-11-09, 14:58:55, 8.88e-13, 6.58e-11
2022-11-09, 14:58:59, 9.14e-13, 6.55e-11
2022-11-09, 14:59:04, 8.79e-13, 6.53e-11
2022-11-09, 14:59:08, 1.05e-12, 6.6e-11
2022-11-09, 14:59:12, 8.54e-13, 6.64e-11
2022-11-09, 14:59:16, 8.73e-13, 6.52e-11
2022-11-09, 14:59:21, 8.52e-13, 6.49e-11
2022-11-09, 14:59:25, 9.47e-13, 6.49e-11
2022-11-09, 14:59:29, 8.48e-13, 6.49e-11
2022-11-09, 14:59:33, 8.33e-13, 6.51e-11
2022-11-09, 14:59:37, 8.86e-13, 6.53e-11
2022-11-09, 14:59:42, 9.23e-13, 6.51e-11
2022-11-09, 14:59:46, 8.38e-13, 6.5e-11
2022-11-09, 14:59:50, 8.96e-13, 6.54e-11
2022-11-09, 14:59:54, 8.59e-13, 6.5e-11
2022-11-09, 14:59:59, 8.77e-13, 6.48e-11
2022-11-09, 15:00:03, 9.52e-13, 6.49e-11
2022-11-09, 15:00:07, 8.78e-13, 6.5e-11
2022-11-09, 15:00:11, 8.11e-13, 6.51e-11
2022-11-09, 15:00:15, 7.98e-13, 6.53e-11
2022-11-09, 15:00:20, 9.37e-13, 6.51e-11
2022-11-09, 15:00:24, 9.26e-13, 6.5e-11
2022-11-09, 15:00:28, 7.96e-13, 6.51e-11
2022-11-09, 15:00:32, 9.06e-13, 6.51e-11
2022-11-09, 15:00:37, 8.3e-13, 6.55e-11
2022-11-09, 15:00:41, 9.01e-13, 6.55e-11
2022-11-09, 15:00:45, 9.24e-13, 6.51e-11
2022-11-09, 15:00:49, 8.87e-13, 6.48e-11
2022-11-09, 15:00:53, 8.71e-13, 6.51e-11
2022-11-09, 15:00:58, 8.2e-13, 6.5e-11
2022-11-09, 15:01:02, 8.35e-13, 6.53e-11
2022-11-09, 15:01:06, 7.89e-13, 6.51e-11
2022-11-09, 15:01:10, 8.46e-13, 6.54e-11
2022-11-09, 15:01:15, 8.68e-13, 6.5e-11
2022-11-09, 15:01:19, 8.39e-13, 6.54e-11
2022-11-09, 15:01:23, 8.27e-13, 6.49e-11
2022-11-09, 15:01:27, 8.85e-13, 6.5e-11
2022-11-09, 15:01:31, 9.08e-13, 6.5e-11
2022-11-09, 15:01:36, 8.66e-13, 6.52e-11
2022-11-09, 15:01:40, 9.03e-13, 6.51e-11
2022-11-09, 15:01:44, 8.38e-13, 6.55e-11
2022-11-09, 15:01:48, 9.09e-13, 6.53e-11
2022-11-09, 15:01:52, 8.82e-13, 6.52e-11
2022-11-09, 15:01:57, 9.04e-13, 6.52e-11
2022-11-09, 15:02:01, 8.18e-13, 6.51e-11
2022-11-09, 15:02:05, 8.96e-13, 6.53e-11
2022-11-09, 15:02:09, 8.67e-13, 6.52e-11
2022-11-09, 15:02:14, 8.56e-13, 6.51e-11
2022-11-09, 15:02:18, 8.13e-13, 6.54e-11
2022-11-09, 15:02:22, 9.23e-13, 6.54e-11
2022-11-09, 15:02:26, 8.69e-13, 6.5e-11
2022-11-09, 15:02:30, 8.49e-13, 6.5e-11
2022-11-09, 15:02:35, 8.42e-13, 6.51e-11
2022-11-09, 15:02:39, 8.6e-13, 6.52e-11
2022-11-09, 15:02:43, 8.92e-13, 6.52e-11
2022-11-09, 15:02:47, 8.18e-13, 6.51e-11
2022-11-09, 15:02:52, 8.53e-13, 6.48e-11
2022-11-09, 15:02:56, 8.69e-13, 6.52e-11
2022-11-09, 15:03:00, 8.96e-13, 6.48e-11
2022-11-09, 15:03:04, 8.61e-13, 6.49e-11
2022-11-09, 15:03:08, 9.15e-13, 6.51e-11
2022-11-09, 15:03:13, 8.47e-13, 6.51e-11
2022-11-09, 15:03:17, 8.85e-13, 6.51e-11
2022-11-09, 15:03:21, 8.58e-13, 6.56e-11
2022-11-09, 15:03:25, 8.91e-13, 6.52e-11
2022-11-09, 15:03:30, 8.66e-13, 6.51e-11
2022-11-09, 15:03:34, 8.72e-13, 6.51e-11
2022-11-09, 15:03:38, 9.14e-13, 6.53e-11
2022-11-09, 15:03:42, 9.18e-13, 6.48e-11
2022-11-09, 15:03:46, 8.57e-13, 6.5e-11
2022-11-09, 15:03:51, 8.09e-13, 6.48e-11
2022-11-09, 15:03:55, 8.84e-13, 6.49e-11
2022-11-09, 15:03:59, 9.1e-13, 6.53e-11
2022-11-09, 15:04:03, 8.43e-13, 6.5e-11
2022-11-09, 15:04:08, 8.88e-13, 6.51e-11
2022-11-09, 15:04:12, 8.93e-13, 6.53e-11
2022-11-09, 15:04:16, 9.09e-13, 6.49e-11
2022-11-09, 15:04:20, 8.42e-13, 6.49e-11
2022-11-09, 15:04:24, 8.62e-13, 6.61e-11
2022-11-09, 15:04:29, 9.12e-13, 6.51e-11
2022-11-09, 15:04:33, 9.22e-13, 6.51e-11
2022-11-09, 15:04:37, 8.52e-13, 6.5e-11
2022-11-09, 15:04:41, 8.78e-13, 6.5e-11
2022-11-09, 15:04:46, 8.18e-13, 6.5e-11
2022-11-09, 15:04:50, 9.47e-13, 6.56e-11
2022-11-09, 15:04:54, 8.64e-13, 6.52e-11
2022-11-09, 15:04:58, 8.1e-13, 6.53e-11
2022-11-09, 15:05:02, 8.65e-13, 6.54e-11
2022-11-09, 15:05:07, 8.43e-13, 6.52e-11
2022-11-09, 15:05:11, 8.37e-13, 6.57e-11
2022-11-09, 15:05:15, 8.79e-13, 6.51e-11
2022-11-09, 15:05:19, 8.83e-13, 6.51e-11
2022-11-09, 15:05:24, 1.01e-12, 6.52e-11
2022-11-09, 15:05:28, 8.53e-13, 6.51e-11
2022-11-09, 15:05:32, 9.32e-13, 6.51e-11
2022-11-09, 15:05:36, 8.88e-13, 6.5e-11
2022-11-09, 15:05:40, 8.95e-13, 6.51e-11
2022-11-09, 15:05:45, 8.6e-13, 6.5e-11
2022-11-09, 15:05:49, 9.03e-13, 6.5e-11
2022-11-09, 15:05:53, 7.78e-13, 6.54e-11
2022-11-09, 15:05:57, 8.86e-13, 6.5e-11
2022-11-09, 15:06:01, 8.75e-13, 6.57e-11
2022-11-09, 15:06:06, 8.29e-13, 6.49e-11
2022-11-09, 15:06:10, 8.63e-13, 6.53e-11
2022-11-09, 15:06:14, 9.17e-13, 6.5e-11
2022-11-09, 15:06:18, 8.77e-13, 6.49e-11
2022-11-09, 15:06:23, 7.22e-13, 6.5e-11
2022-11-09, 15:06:27, 8.44e-13, 6.5e-11
2022-11-09, 15:06:31, 8.74e-13, 6.5e-11
2022-11-09, 15:06:35, 8.5e-13, 6.52e-11
2022-11-09, 15:06:39, 8.8e-13, 6.54e-11
2022-11-09, 15:06:44, 9.15e-13, 6.5e-11
2022-11-09, 15:06:48, 8.98e-13, 6.54e-11
2022-11-09, 15:06:52, 9.66e-13, 6.5e-11
2022-11-09, 15:06:56, 9.04e-13, 6.52e-11
2022-11-09, 15:07:01, 8.81e-13, 6.52e-11
2022-11-09, 15:07:05, 9.5e-13, 6.51e-11
2022-11-09, 15:07:09, 7.91e-13, 6.56e-11
2022-11-09, 15:07:13, 8.78e-13, 6.58e-11
2022-11-09, 15:07:17, 9.2e-13, 6.5e-11
2022-11-09, 15:07:22, 8.13e-13, 6.5e-11
2022-11-09, 15:07:26, 8.62e-13, 6.5e-11
2022-11-09, 15:07:30, 9.91e-13, 6.51e-11
2022-11-09, 15:07:34, 8.78e-13, 6.5e-11
2022-11-09, 15:07:39, 8.27e-13, 6.49e-11
2022-11-09, 15:07:43, 1.02e-12, 6.5e-11
2022-11-09, 15:07:47, 8.97e-13, 6.51e-11
2022-11-09, 15:07:51, 9.32e-13, 6.51e-11
2022-11-09, 15:07:55, 8.77e-13, 6.5e-11
2022-11-09, 15:08:00, 9.05e-13, 6.5e-11
2022-11-09, 15:08:04, 8.54e-13, 6.53e-11
2022-11-09, 15:08:08, 9.16e-13, 6.52e-11
2022-11-09, 15:08:12, 8.19e-13, 6.55e-11
2022-11-09, 15:08:17, 8.51e-13, 6.49e-11
2022-11-09, 15:08:21, 9.36e-13, 6.51e-11
2022-11-09, 15:08:25, 8.11e-13, 6.54e-11
2022-11-09, 15:08:29, 9.59e-13, 6.48e-11
2022-11-09, 15:08:33, 8.17e-13, 6.5e-11
2022-11-09, 15:08:38, 8.81e-13, 6.51e-11
2022-11-09, 15:08:42, 9.3e-13, 6.51e-11
2022-11-09, 15:08:46, 8.99e-13, 6.52e-11
2022-11-09, 15:08:50, 8.87e-13, 6.5e-11
2022-11-09, 15:08:55, 8.4e-13, 6.49e-11
2022-11-09, 15:08:59, 1.02e-12, 6.49e-11
2022-11-09, 15:09:03, 8.6e-13, 6.49e-11
2022-11-09, 15:09:07, 8.77e-13, 6.51e-11
2022-11-09, 15:09:11, 7.7e-13, 6.52e-11
2022-11-09, 15:09:16, 8.83e-13, 6.49e-11
2022-11-09, 15:09:20, 8.3e-13, 6.52e-11
2022-11-09, 15:09:24, 8.48e-13, 6.51e-11
2022-11-09, 15:09:28, 8.02e-13, 6.5e-11
2022-11-09, 15:09:33, 9.1e-13, 6.49e-11
2022-11-09, 15:09:37, 8.68e-13, 6.49e-11
2022-11-09, 15:09:41, 8.4e-13, 6.56e-11
2022-11-09, 15:09:45, 8.9e-13, 6.49e-11
2022-11-09, 15:09:49, 8.81e-13, 6.5e-11
2022-11-09, 15:09:54, 8.61e-13, 6.5e-11
2022-11-09, 15:09:58, 8.31e-13, 6.49e-11
2022-11-09, 15:10:02, 9.12e-13, 6.51e-11
2022-11-09, 15:10:06, 9.27e-13, 6.5e-11
2022-11-09, 15:10:11, 8.76e-13, 6.5e-11
2022-11-09, 15:10:15, 9.05e-13, 6.5e-11
2022-11-09, 15:10:19, 9.19e-13, 6.5e-11
2022-11-09, 15:10:23, 8.74e-13, 6.5e-11
2022-11-09, 15:10:27, 9.1e-13, 6.51e-11
2022-11-09, 15:10:32, 8.71e-13, 6.5e-11
2022-11-09, 15:10:36, 9.14e-13, 6.53e-11
2022-11-09, 15:10:40, 9.05e-13, 6.49e-11
2022-11-09, 15:10:44, 8.28e-13, 6.5e-11
2022-11-09, 15:10:48, 9.81e-13, 6.49e-11
2022-11-09, 15:10:53, 9.42e-13, 6.5e-11
2022-11-09, 15:10:57, 8.55e-13, 6.5e-11
2022-11-09, 15:11:01, 8.81e-13, 6.51e-11
2022-11-09, 15:11:05, 8.07e-13, 6.51e-11
2022-11-09, 15:11:10, 8.39e-13, 6.5e-11
2022-11-09, 15:11:14, 8.73e-13, 6.5e-11
2022-11-09, 15:11:18, 8.57e-13, 6.51e-11
2022-11-09, 15:11:22, 9e-13, 6.49e-11
2022-11-09, 15:11:26, 9.09e-13, 6.5e-11
2022-11-09, 15:11:31, 8.77e-13, 6.51e-11
2022-11-09, 15:11:35, 8.64e-13, 6.51e-11
2022-11-09, 15:11:39, 9.35e-13, 6.51e-11
2022-11-09, 15:11:43, 9.02e-13, 6.49e-11
2022-11-09, 15:11:48, 8.36e-13, 6.5e-11
2022-11-09, 15:11:52, 8.94e-13, 6.5e-11
2022-11-09, 15:11:56, 8.51e-13, 6.54e-11
2022-11-09, 15:12:00, 8.47e-13, 6.51e-11
2022-11-09, 15:12:04, 9.14e-13, 6.52e-11
2022-11-09, 15:12:09, 7.57e-13, 6.51e-11
2022-11-09, 15:12:13, 9.03e-13, 6.51e-11
2022-11-09, 15:12:17, 8.8e-13, 6.51e-11
2022-11-09, 15:12:21, 8.53e-13, 6.5e-11
2022-11-09, 15:12:26, 8.28e-13, 6.56e-11
2022-11-09, 15:12:30, 1.01e-12, 6.5e-11
2022-11-09, 15:12:34, 8.61e-13, 6.52e-11
2022-11-09, 15:12:38, 9.04e-13, 6.51e-11
2022-11-09, 15:12:42, 8.07e-13, 6.51e-11
2022-11-09, 15:12:47, 9.05e-13, 6.47e-11
2022-11-09, 15:12:51, 8.75e-13, 6.51e-11
2022-11-09, 15:12:55, 8.88e-13, 6.5e-11
2022-11-09, 15:12:59, 9.07e-13, 6.52e-11
2022-11-09, 15:13:04, 8.92e-13, 6.49e-11
2022-11-09, 15:13:08, 9.11e-13, 6.52e-11
2022-11-09, 15:13:12, 7.93e-13, 6.55e-11
2022-11-09, 15:13:16, 9.16e-13, 6.52e-11
2022-11-09, 15:13:20, 8.92e-13, 6.5e-11
2022-11-09, 15:13:25, 8.3e-13, 6.52e-11
2022-11-09, 15:13:29, 9.68e-13, 6.48e-11
2022-11-09, 15:13:33, 8.66e-13, 6.5e-11
2022-11-09, 15:13:37, 9.09e-13, 6.5e-11
2022-11-09, 15:13:42, 8.44e-13, 6.5e-11
2022-11-09, 15:13:46, 8.07e-13, 6.51e-11
2022-11-09, 15:13:50, 8.4e-13, 6.51e-11
2022-11-09, 15:13:54, 8.14e-13, 6.52e-11
2022-11-09, 15:13:58, 8.88e-13, 6.51e-11
2022-11-09, 15:14:03, 8.68e-13, 6.53e-11
2022-11-09, 15:14:07, 8.57e-13, 6.53e-11
2022-11-09, 15:14:11, 8.34e-13, 6.51e-11
2022-11-09, 15:14:15, 8.87e-13, 6.5e-11
2022-11-09, 15:14:19, 9.12e-13, 6.5e-11
2022-11-09, 15:14:24, 8.92e-13, 6.51e-11
2022-11-09, 15:14:28, 8.87e-13, 6.53e-11
2022-11-09, 15:14:32, 8.35e-13, 6.51e-11
2022-11-09, 15:14:36, 8.71e-13, 6.52e-11
2022-11-09, 15:14:41, 8.98e-13, 6.56e-11
2022-11-09, 15:14:45, 8.48e-13, 6.5e-11
2022-11-09, 15:14:49, 9.95e-13, 6.5e-11
2022-11-09, 15:14:53, 9.02e-13, 6.49e-11
2022-11-09, 15:14:57, 8.6e-13, 6.55e-11
2022-11-09, 15:15:02, 8.99e-13, 6.52e-11
2022-11-09, 15:15:06, 8.17e-13, 6.51e-11
2022-11-09, 15:15:10, 9.54e-13, 6.53e-11
2022-11-09, 15:15:14, 1.07e-12, 6.57e-11
2022-11-09, 15:15:19, 8.59e-13, 6.51e-11
2022-11-09, 15:15:23, 8.24e-13, 6.52e-11
2022-11-09, 15:15:27, 9.05e-13, 6.5e-11
2022-11-09, 15:15:31, 7.9e-13, 6.51e-11
2022-11-09, 15:15:35, 8.57e-13, 6.5e-11
2022-11-09, 15:15:40, 8.64e-13, 6.5e-11
2022-11-09, 15:15:44, 8.53e-13, 6.53e-11
2022-11-09, 15:15:48, 8.76e-13, 6.51e-11
2022-11-09, 15:15:52, 8.82e-13, 6.51e-11
2022-11-09, 15:15:57, 8.18e-13, 6.51e-11
2022-11-09, 15:16:01, 8.37e-13, 6.52e-11
2022-11-09, 15:16:05, 9.11e-13, 6.5e-11
2022-11-09, 15:16:09, 8.32e-13, 6.51e-11
2022-11-09, 15:16:13, 9.35e-13, 6.54e-11
2022-11-09, 15:16:18, 9.17e-13, 6.59e-11
2022-11-09, 15:16:22, 8.89e-13, 6.53e-11
2022-11-09, 15:16:26, 8.7e-13, 6.53e-11
2022-11-09, 15:16:30, 8.64e-13, 6.52e-11
2022-11-09, 15:16:35, 8.84e-13, 6.52e-11
2022-11-09, 15:16:39, 8.7e-13, 6.54e-11
2022-11-09, 15:16:43, 8.34e-13, 6.54e-11
2022-11-09, 15:16:47, 8.69e-13, 6.5e-11
2022-11-09, 15:16:51, 8.96e-13, 6.5e-11
2022-11-09, 15:16:56, 9.81e-13, 6.49e-11
2022-11-09, 15:17:00, 9.06e-13, 6.53e-11
2022-11-09, 15:17:04, 8.75e-13, 6.6e-11
2022-11-09, 15:17:08, 8.72e-13, 6.78e-11
2022-11-09, 15:17:13, 8.45e-13, 6.74e-11
2022-11-09, 15:17:17, 8.58e-13, 6.52e-11
2022-11-09, 15:17:21, 8.83e-13, 6.7e-11
2022-11-09, 15:17:25, 8.94e-13, 6.55e-11
2022-11-09, 15:17:29, 8.28e-13, 6.56e-11
2022-11-09, 15:17:34, 1.06e-12, 6.67e-11
2022-11-09, 15:17:38, 9.38e-13, 6.5e-11
2022-11-09, 15:17:42, 9.41e-13, 6.49e-11
2022-11-09, 15:17:46, 8.69e-13, 6.54e-11
2022-11-09, 15:17:50, 9.13e-13, 6.52e-11
2022-11-09, 15:17:55, 9.23e-13, 6.5e-11
2022-11-09, 15:17:59, 8.7e-13, 6.53e-11
2022-11-09, 15:18:03, 8.25e-13, 6.49e-11
2022-11-09, 15:18:07, 8.8e-13, 6.52e-11
2022-11-09, 15:18:12, 8.48e-13, 6.48e-11
2022-11-09, 15:18:16, 8.7e-13, 6.48e-11
2022-11-09, 15:18:20, 8.93e-13, 6.47e-11
2022-11-09, 15:18:24, 8.3e-13, 6.48e-11
2022-11-09, 15:18:28, 8.74e-13, 6.5e-11
2022-11-09, 15:18:33, 7.9e-13, 6.49e-11
2022-11-09, 15:18:37, 9.09e-13, 6.48e-11
2022-11-09, 15:18:41, 9.94e-13, 6.52e-11
2022-11-09, 15:18:45, 9.09e-13, 6.52e-11
2022-11-09, 15:18:50, 8.92e-13, 6.5e-11
2022-11-09, 15:18:54, 8.61e-13, 6.51e-11
2022-11-09, 15:18:58, 9.52e-13, 6.5e-11
2022-11-09, 15:19:02, 9.04e-13, 6.5e-11
2022-11-09, 15:19:06, 8.54e-13, 6.51e-11
2022-11-09, 15:19:11, 8.33e-13, 6.51e-11
2022-11-09, 15:19:15, 9.76e-13, 6.49e-11
2022-11-09, 15:19:19, 8.01e-13, 6.49e-11
2022-11-09, 15:19:23, 8.01e-13, 6.49e-11
2022-11-09, 15:19:28, 8.86e-13, 6.51e-11
2022-11-09, 15:19:32, 9.03e-13, 6.52e-11
2022-11-09, 15:19:36, 8.3e-13, 6.52e-11
2022-11-09, 15:19:40, 8.97e-13, 6.51e-11
2022-11-09, 15:19:44, 8.8e-13, 6.51e-11
2022-11-09, 15:19:49, 7.46e-13, 6.52e-11
2022-11-09, 15:19:53, 8.97e-13, 6.53e-11
2022-11-09, 15:19:57, 8.51e-13, 6.52e-11
2022-11-09, 15:20:01, 8.88e-13, 6.51e-11
2022-11-09, 15:20:06, 8.37e-13, 6.53e-11
2022-11-09, 15:20:10, 8.44e-13, 6.51e-11
2022-11-09, 15:20:14, 9.26e-13, 6.63e-11
2022-11-09, 15:20:18, 8.43e-13, 6.55e-11
2022-11-09, 15:20:22, 9e-13, 6.52e-11
2022-11-09, 15:20:27, 9.22e-13, 6.53e-11
2022-11-09, 15:20:31, 8.65e-13, 6.5e-11
2022-11-09, 15:20:35, 9.14e-13, 6.51e-11
2022-11-09, 15:20:39, 8.93e-13, 6.52e-11
2022-11-09, 15:20:44, 8.66e-13, 6.5e-11
2022-11-09, 15:20:48, 8.73e-13, 6.51e-11
2022-11-09, 15:20:52, 8.7e-13, 6.49e-11
2022-11-09, 15:20:56, 8.28e-13, 6.51e-11
2022-11-09, 15:21:00, 8.54e-13, 6.52e-11
2022-11-09, 15:21:05, 8.84e-13, 6.52e-11
2022-11-09, 15:21:09, 8.42e-13, 6.53e-11
2022-11-09, 15:21:13, 8.86e-13, 6.55e-11
2022-11-09, 15:21:17, 8.82e-13, 6.53e-11
2022-11-09, 15:21:21, 8.78e-13, 6.53e-11
2022-11-09, 15:21:26, 9.35e-13, 6.54e-11
2022-11-09, 15:21:30, 8.41e-13, 6.55e-11
2022-11-09, 15:21:34, 8.71e-13, 6.53e-11
2022-11-09, 15:21:38, 8.95e-13, 6.82e-11
2022-11-09, 15:21:43, 9.07e-13, 6.5e-11
2022-11-09, 15:21:47, 8.68e-13, 6.52e-11
2022-11-09, 15:21:51, 8.95e-13, 6.54e-11
2022-11-09, 15:21:55, 8.84e-13, 6.51e-11
2022-11-09, 15:21:59, 9.1e-13, 6.53e-11
2022-11-09, 15:22:04, 8.59e-13, 6.52e-11
2022-11-09, 15:22:08, 8.18e-13, 6.63e-11
2022-11-09, 15:22:12, 8.47e-13, 6.5e-11
2022-11-09, 15:22:16, 8.99e-13, 6.52e-11
2022-11-09, 15:22:21, 8.81e-13, 6.5e-11
2022-11-09, 15:22:25, 9.37e-13, 6.5e-11
2022-11-09, 15:22:29, 8.62e-13, 6.5e-11
2022-11-09, 15:22:33, 8.65e-13, 6.52e-11
2022-11-09, 15:22:37, 8.58e-13, 6.54e-11
2022-11-09, 15:22:42, 8.82e-13, 6.52e-11
2022-11-09, 15:22:46, 8.21e-13, 6.48e-11
2022-11-09, 15:22:50, 9.3e-13, 6.47e-11
2022-11-09, 15:22:54, 9.38e-13, 6.48e-11
2022-11-09, 15:22:59, 8.9e-13, 6.49e-11
2022-11-09, 15:23:03, 8.45e-13, 6.46e-11
2022-11-09, 15:23:07, 9.86e-13, 6.51e-11
2022-11-09, 15:23:11, 8.92e-13, 6.53e-11
2022-11-09, 15:23:15, 7.45e-13, 6.5e-11
2022-11-09, 15:23:20, 8.66e-13, 6.53e-11
2022-11-09, 15:23:24, 1e-12, 6.51e-11
2022-11-09, 15:23:28, 8.57e-13, 6.51e-11
2022-11-09, 15:23:32, 9.49e-13, 6.49e-11
2022-11-09, 15:23:37, 8.64e-13, 6.48e-11
2022-11-09, 15:23:41, 8.93e-13, 6.5e-11
2022-11-09, 15:23:45, 9.17e-13, 6.54e-11
2022-11-09, 15:23:49, 8.67e-13, 6.51e-11
2022-11-09, 15:23:53, 1.04e-12, 6.51e-11
2022-11-09, 15:23:58, 8.33e-13, 6.5e-11
2022-11-09, 15:24:02, 8.67e-13, 6.5e-11
2022-11-09, 15:24:06, 8.68e-13, 6.49e-11
2022-11-09, 15:24:10, 8.42e-13, 6.5e-11
2022-11-09, 15:24:15, 8.37e-13, 6.49e-11
2022-11-09, 15:24:19, 8.1e-13, 6.5e-11
2022-11-09, 15:24:23, 9.04e-13, 6.5e-11
2022-11-09, 15:24:27, 9.04e-13, 6.5e-11
2022-11-09, 15:24:31, 8.72e-13, 6.48e-11
2022-11-09, 15:24:36, 9.44e-13, 6.48e-11
2022-11-09, 15:24:40, 8.43e-13, 6.49e-11
2022-11-09, 15:24:44, 9.18e-13, 6.51e-11
2022-11-09, 15:24:48, 8.64e-13, 6.5e-11
2022-11-09, 15:24:52, 8.03e-13, 6.49e-11
2022-11-09, 15:24:57, 8.94e-13, 6.49e-11
2022-11-09, 15:25:01, 8.62e-13, 6.52e-11
2022-11-09, 15:25:05, 9.17e-13, 6.52e-11
2022-11-09, 15:25:09, 8.67e-13, 6.5e-11
2022-11-09, 15:25:14, 8.14e-13, 6.52e-11
2022-11-09, 15:25:18, 8.47e-13, 6.54e-11
2022-11-09, 15:25:22, 1e-12, 6.51e-11
2022-11-09, 15:25:26, 7.98e-13, 6.55e-11
2022-11-09, 15:25:31, 1.01e-12, 6.53e-11
2022-11-09, 15:25:35, 8.65e-13, 6.49e-11
2022-11-09, 15:25:39, 8.68e-13, 6.51e-11
2022-11-09, 15:25:43, 8.45e-13, 6.48e-11
2022-11-09, 15:25:47, 8.52e-13, 6.48e-11
2022-11-09, 15:25:52, 9.21e-13, 6.48e-11
2022-11-09, 15:25:56, 8.97e-13, 6.48e-11
2022-11-09, 15:26:00, 8.35e-13, 6.5e-11
2022-11-09, 15:26:04, 8.91e-13, 6.5e-11
2022-11-09, 15:26:08, 9.12e-13, 6.5e-11
2022-11-09, 15:26:13, 9.07e-13, 6.48e-11
2022-11-09, 15:26:17, 8.64e-13, 6.48e-11
2022-11-09, 15:26:21, 8.22e-13, 6.49e-11
2022-11-09, 15:26:25, 8.82e-13, 6.54e-11
2022-11-09, 15:26:30, 8.58e-13, 6.54e-11
2022-11-09, 15:26:34, 8.82e-13, 6.52e-11
2022-11-09, 15:26:38, 9.43e-13, 6.5e-11
2022-11-09, 15:26:42, 8.95e-13, 6.55e-11
2022-11-09, 15:26:47, 8.54e-13, 6.58e-11
2022-11-09, 15:26:51, 8.82e-13, 6.51e-11
2022-11-09, 15:26:55, 9.02e-13, 6.52e-11
2022-11-09, 15:26:59, 9.19e-13, 6.51e-11
2022-11-09, 15:27:03, 8.64e-13, 6.51e-11
2022-11-09, 15:27:08, 8.83e-13, 6.5e-11
2022-11-09, 15:27:12, 9.51e-13, 6.51e-11
2022-11-09, 15:27:16, 8.07e-13, 6.51e-11
2022-11-09, 15:27:20, 8.92e-13, 6.51e-11
2022-11-09, 15:27:25, 8.87e-13, 6.5e-11
2022-11-09, 15:27:29, 8.91e-13, 6.55e-11
2022-11-09, 15:27:33, 8.8e-13, 6.58e-11
2022-11-09, 15:27:37, 8.81e-13, 6.55e-11
2022-11-09, 15:27:41, 1.02e-12, 6.6e-11
2022-11-09, 15:27:46, 8.28e-13, 6.51e-11
2022-11-09, 15:27:50, 8.42e-13, 6.5e-11
2022-11-09, 15:27:54, 9.13e-13, 6.52e-11
2022-11-09, 15:27:58, 8.74e-13, 6.51e-11
2022-11-09, 15:28:02, 8.46e-13, 6.51e-11
2022-11-09, 15:28:07, 8.87e-13, 6.54e-11
2022-11-09, 15:28:11, 8.49e-13, 6.52e-11
2022-11-09, 15:28:15, 8.79e-13, 6.51e-11
2022-11-09, 15:28:19, 8.28e-13, 6.51e-11
2022-11-09, 15:28:24, 8.3e-13, 6.51e-11
2022-11-09, 15:28:28, 8.33e-13, 6.54e-11
2022-11-09, 15:28:32, 9.08e-13, 6.53e-11
2022-11-09, 15:28:36, 9.03e-13, 6.56e-11
2022-11-09, 15:28:40, 8.84e-13, 6.51e-11
2022-11-09, 15:28:45, 8.14e-13, 6.52e-11
2022-11-09, 15:28:49, 8.64e-13, 6.53e-11
2022-11-09, 15:28:53, 8.78e-13, 6.52e-11
2022-11-09, 15:28:57, 9.33e-13, 6.52e-11
2022-11-09, 15:29:02, 8.81e-13, 6.52e-11
2022-11-09, 15:29:06, 9.26e-13, 6.58e-11
2022-11-09, 15:29:10, 9.42e-13, 6.51e-11
2022-11-09, 15:29:14, 9.14e-13, 6.52e-11
2022-11-09, 15:29:18, 9.65e-13, 6.59e-11
2022-11-09, 15:29:23, 9.2e-13, 6.51e-11
2022-11-09, 15:29:27, 8.84e-13, 6.5e-11
2022-11-09, 15:29:31, 8.68e-13, 6.5e-11
2022-11-09, 15:29:35, 9.41e-13, 6.53e-11
2022-11-09, 15:29:40, 8.92e-13, 6.49e-11
2022-11-09, 15:29:44, 8.71e-13, 6.5e-11
2022-11-09, 15:29:48, 8.35e-13, 6.58e-11
2022-11-09, 15:29:52, 9.4e-13, 6.53e-11
2022-11-09, 15:29:56, 8.4e-13, 6.52e-11
2022-11-09, 15:30:01, 1.04e-12, 6.5e-11
2022-11-09, 15:30:05, 8.58e-13, 6.52e-11
2022-11-09, 15:30:09, 8.72e-13, 6.52e-11
2022-11-09, 15:30:13, 9.17e-13, 6.51e-11
2022-11-09, 15:30:18, 9.13e-13, 6.5e-11
2022-11-09, 15:30:22, 8.71e-13, 6.56e-11
2022-11-09, 15:30:26, 8.75e-13, 6.56e-11
2022-11-09, 15:30:30, 9.36e-13, 6.63e-11
2022-11-09, 15:30:34, 9.21e-13, 6.5e-11
2022-11-09, 15:30:50, 9.84e-13, 6.5e-11
2022-11-09, 15:30:54, 1.04e-12, 6.52e-11
2022-11-09, 15:30:58, 9.3e-13, 6.55e-11
2022-11-09, 15:31:02, 8.72e-13, 6.5e-11
2022-11-09, 15:31:07, 9.98e-13, 6.6e-11
2022-11-09, 15:31:11, 8.7e-13, 6.52e-11
2022-11-09, 15:31:15, 9.93e-13, 6.53e-11
2022-11-09, 15:31:19, 8.53e-13, 6.54e-11
2022-11-09, 15:31:23, 8.69e-13, 6.52e-11
2022-11-09, 15:31:28, 9.61e-13, 6.51e-11
2022-11-09, 15:31:32, 9e-13, 6.53e-11
2022-11-09, 15:31:36, 8.74e-13, 6.52e-11
2022-11-09, 15:31:40, 7.36e-13, 6.52e-11
2022-11-09, 15:31:45, 8.41e-13, 6.52e-11
2022-11-09, 15:31:49, 8.33e-13, 6.55e-11
2022-11-09, 15:31:53, 8.97e-13, 6.51e-11
2022-11-09, 15:31:57, 9.08e-13, 6.51e-11
2022-11-09, 15:32:01, 9.32e-13, 6.52e-11
2022-11-09, 15:32:06, 7.52e-13, 6.53e-11
2022-11-09, 15:32:10, 8.72e-13, 6.53e-11
2022-11-09, 15:32:14, 8.02e-13, 6.5e-11
2022-11-09, 15:32:18, 9.01e-13, 6.56e-11
2022-11-09, 15:32:23, 1e-12, 6.51e-11
2022-11-09, 15:32:27, 8.5e-13, 6.6e-11
2022-11-09, 15:32:31, 8.65e-13, 6.51e-11
2022-11-09, 15:32:35, 9.01e-13, 6.5e-11
2022-11-09, 15:32:39, 9.1e-13, 6.52e-11
2022-11-09, 15:32:44, 8.89e-13, 6.54e-11
2022-11-09, 15:32:48, 9.5e-13, 6.54e-11
2022-11-09, 15:32:52, 8.44e-13, 6.54e-11
2022-11-09, 15:32:56, 9.14e-13, 6.56e-11
2022-11-09, 15:33:01, 9.07e-13, 6.54e-11
2022-11-09, 15:33:05, 9.4e-13, 6.66e-11
2022-11-09, 15:33:09, 9.27e-13, 6.79e-11
2022-11-09, 15:33:13, 9.48e-13, 6.66e-11
2022-11-09, 15:33:17, 8.4e-13, 6.71e-11
2022-11-09, 15:33:22, 8.29e-13, 6.6e-11
2022-11-09, 15:33:26, 8.62e-13, 6.54e-11
2022-11-09, 15:33:30, 8.77e-13, 6.52e-11
2022-11-09, 15:33:34, 8.55e-13, 6.5e-11
2022-11-09, 15:33:39, 8.57e-13, 6.51e-11
2022-11-09, 15:33:43, 8.44e-13, 6.52e-11
2022-11-09, 15:33:47, 8.97e-13, 6.53e-11
2022-11-09, 15:33:51, 8.39e-13, 6.61e-11
2022-11-09, 15:33:55, 8.43e-13, 6.51e-11
2022-11-09, 15:34:00, 9.93e-13, 6.5e-11
2022-11-09, 15:34:04, 8.84e-13, 6.5e-11
2022-11-09, 15:34:08, 8.73e-13, 6.52e-11
2022-11-09, 15:34:12, 9.24e-13, 6.51e-11
2022-11-09, 15:34:16, 8.64e-13, 6.52e-11
2022-11-09, 15:34:21, 8.75e-13, 6.52e-11
2022-11-09, 15:34:25, 8.66e-13, 6.54e-11
2022-11-09, 15:34:29, 8.59e-13, 6.52e-11
2022-11-09, 15:34:33, 8.92e-13, 6.55e-11
2022-11-09, 15:34:38, 8.61e-13, 6.53e-11
2022-11-09, 15:34:42, 8.29e-13, 6.49e-11
2022-11-09, 15:34:46, 8.48e-13, 6.61e-11
2022-11-09, 15:34:50, 9.09e-13, 6.6e-11
2022-11-09, 15:34:54, 8.66e-13, 6.61e-11
2022-11-09, 15:34:59, 1.07e-12, 6.59e-11
2022-11-09, 15:35:03, 9.12e-13, 6.61e-11
2022-11-09, 15:35:07, 8.93e-13, 6.57e-11
2022-11-09, 15:35:11, 8.55e-13, 6.54e-11
2022-11-09, 15:35:16, 8.47e-13, 6.58e-11
2022-11-09, 15:35:20, 8.98e-13, 6.49e-11
2022-11-09, 15:35:24, 9.42e-13, 6.49e-11
2022-11-09, 15:35:28, 8.71e-13, 6.51e-11
2022-11-09, 15:35:32, 8.29e-13, 6.59e-11
2022-11-09, 15:35:37, 8.72e-13, 6.61e-11
2022-11-09, 15:35:41, 8.73e-13, 6.51e-11
2022-11-09, 15:35:45, 8.83e-13, 6.6e-11
2022-11-09, 15:35:49, 8.35e-13, 6.51e-11
2022-11-09, 15:35:54, 8.77e-13, 6.49e-11
2022-11-09, 15:35:58, 8.59e-13, 6.5e-11
2022-11-09, 15:36:02, 8.51e-13, 6.49e-11
2022-11-09, 15:36:06, 9.1e-13, 6.52e-11
2022-11-09, 15:36:10, 8.1e-13, 6.6e-11
2022-11-09, 15:36:15, 8.97e-13, 6.6e-11
2022-11-09, 15:36:19, 8.77e-13, 6.6e-11
2022-11-09, 15:36:23, 8.06e-13, 6.6e-11
2022-11-09, 15:36:27, 8.67e-13, 6.59e-11
2022-11-09, 15:36:32, 8.95e-13, 6.51e-11
2022-11-09, 15:36:36, 8.92e-13, 6.54e-11
2022-11-09, 15:36:40, 8.48e-13, 6.53e-11
2022-11-09, 15:36:44, 8.88e-13, 6.5e-11
2022-11-09, 15:36:48, 8.89e-13, 6.53e-11
2022-11-09, 15:36:53, 9.25e-13, 6.49e-11
2022-11-09, 15:36:57, 8.64e-13, 6.52e-11
2022-11-09, 15:37:01, 9.15e-13, 6.51e-11
2022-11-09, 15:37:05, 8.81e-13, 6.5e-11
2022-11-09, 15:37:09, 9.26e-13, 6.49e-11
2022-11-09, 15:37:14, 9.1e-13, 6.49e-11
2022-11-09, 15:37:18, 9.1e-13, 6.49e-11
2022-11-09, 15:37:22, 8.84e-13, 6.48e-11
2022-11-09, 15:37:26, 9.24e-13, 6.5e-11
2022-11-09, 15:37:31, 8.63e-13, 6.48e-11
2022-11-09, 15:37:35, 8.47e-13, 6.5e-11
2022-11-09, 15:37:39, 9.49e-13, 6.52e-11
2022-11-09, 15:37:43, 8.98e-13, 6.51e-11
2022-11-09, 15:37:47, 8.34e-13, 6.51e-11
2022-11-09, 15:37:52, 8.72e-13, 6.5e-11
2022-11-09, 15:37:56, 8.29e-13, 6.55e-11
2022-11-09, 15:38:00, 8.54e-13, 6.51e-11
2022-11-09, 15:38:04, 9.31e-13, 6.53e-11
2022-11-09, 15:38:09, 9.21e-13, 6.52e-11
2022-11-09, 15:38:13, 8.84e-13, 6.51e-11
2022-11-09, 15:38:17, 9.11e-13, 6.53e-11
2022-11-09, 15:38:21, 9.25e-13, 6.78e-11
2022-11-09, 15:38:25, 8.43e-13, 6.5e-11
2022-11-09, 15:38:30, 9.09e-13, 6.5e-11
2022-11-09, 15:38:34, 8.99e-13, 6.5e-11
2022-11-09, 15:38:38, 9.08e-13, 6.49e-11
2022-11-09, 15:38:42, 8.84e-13, 6.54e-11
2022-11-09, 15:38:47, 8.48e-13, 6.48e-11
2022-11-09, 15:38:51, 8.74e-13, 6.53e-11
2022-11-09, 15:38:55, 8.72e-13, 6.5e-11
2022-11-09, 15:38:59, 8.52e-13, 6.51e-11
2022-11-09, 15:39:03, 9.35e-13, 6.51e-11
2022-11-09, 15:39:08, 9.12e-13, 6.53e-11
2022-11-09, 15:39:12, 9.15e-13, 6.49e-11
2022-11-09, 15:39:16, 8.2e-13, 6.51e-11
2022-11-09, 15:39:20, 8.83e-13, 6.53e-11
2022-11-09, 15:39:25, 8.76e-13, 6.55e-11
2022-11-09, 15:39:29, 8.45e-13, 6.53e-11
2022-11-09, 15:39:33, 8.74e-13, 6.51e-11
2022-11-09, 15:39:37, 9.14e-13, 6.5e-11
2022-11-09, 15:39:41, 9.17e-13, 6.5e-11
2022-11-09, 15:39:46, 9.27e-13, 6.5e-11
2022-11-09, 15:39:50, 9.26e-13, 6.51e-11
2022-11-09, 15:39:54, 8.79e-13, 6.51e-11
2022-11-09, 15:39:58, 9.02e-13, 6.55e-11
2022-11-09, 15:40:03, 8.95e-13, 6.53e-11
2022-11-09, 15:40:07, 8.04e-13, 6.52e-11
2022-11-09, 15:40:11, 8.43e-13, 6.5e-11
2022-11-09, 15:40:15, 8.11e-13, 6.49e-11
2022-11-09, 15:40:19, 8.83e-13, 6.52e-11
2022-11-09, 15:40:24, 9.89e-13, 6.53e-11
2022-11-09, 15:40:28, 9.07e-13, 6.54e-11
2022-11-09, 15:40:32, 8.65e-13, 6.54e-11
2022-11-09, 15:40:36, 9.01e-13, 6.58e-11
2022-11-09, 15:40:41, 7.96e-13, 6.51e-11
2022-11-09, 15:40:45, 8.73e-13, 6.48e-11
2022-11-09, 15:40:49, 8.18e-13, 6.5e-11
2022-11-09, 15:40:53, 8.87e-13, 6.52e-11
2022-11-09, 15:40:57, 8.43e-13, 6.54e-11
2022-11-09, 15:41:02, 8.6e-13, 6.53e-11
2022-11-09, 15:41:06, 8.76e-13, 6.53e-11
2022-11-09, 15:41:10, 9.98e-13, 6.5e-11
2022-11-09, 15:41:14, 9.19e-13, 6.52e-11
2022-11-09, 15:41:18, 8.87e-13, 6.54e-11
2022-11-09, 15:41:23, 8.58e-13, 6.51e-11
2022-11-09, 15:41:27, 1.03e-12, 6.52e-11
2022-11-09, 15:41:31, 8.08e-13, 6.54e-11
2022-11-09, 15:41:35, 9.71e-13, 6.52e-11
2022-11-09, 15:41:40, 8.6e-13, 6.53e-11
2022-11-09, 15:41:44, 8.89e-13, 6.5e-11
2022-11-09, 15:41:48, 8.87e-13, 6.51e-11
2022-11-09, 15:41:52, 8.93e-13, 6.51e-11
2022-11-09, 15:41:56, 9.46e-13, 6.5e-11
2022-11-09, 15:42:01, 8.61e-13, 6.55e-11
2022-11-09, 15:42:05, 8.57e-13, 6.5e-11
2022-11-09, 15:42:09, 8.98e-13, 6.49e-11
2022-11-09, 15:42:13, 8.28e-13, 6.49e-11
2022-11-09, 15:42:18, 8.84e-13, 6.53e-11
2022-11-09, 15:42:22, 8.99e-13, 6.49e-11
2022-11-09, 15:42:26, 8.73e-13, 6.49e-11
2022-11-09, 15:42:30, 8.32e-13, 6.49e-11
2022-11-09, 15:42:34, 8.76e-13, 6.51e-11
2022-11-09, 15:42:39, 8.41e-13, 6.52e-11
2022-11-09, 15:42:43, 9.01e-13, 6.51e-11
2022-11-09, 15:42:47, 8.23e-13, 6.51e-11
2022-11-09, 15:42:51, 9.72e-13, 6.5e-11
2022-11-09, 15:42:56, 9.45e-13, 6.49e-11
2022-11-09, 15:43:00, 9.26e-13, 6.51e-11
2022-11-09, 15:43:04, 8.43e-13, 6.52e-11
2022-11-09, 15:43:08, 9.48e-13, 6.5e-11
2022-11-09, 15:43:12, 1.01e-12, 6.52e-11
2022-11-09, 15:43:17, 9.11e-13, 6.48e-11
2022-11-09, 15:43:21, 8.67e-13, 6.51e-11
2022-11-09, 15:43:25, 8.79e-13, 6.51e-11
2022-11-09, 15:43:29, 8.64e-13, 6.5e-11
2022-11-09, 15:43:34, 1.02e-12, 6.53e-11
2022-11-09, 15:43:38, 8.9e-13, 6.49e-11
2022-11-09, 15:43:42, 9.26e-13, 6.49e-11
2022-11-09, 15:43:46, 8.23e-13, 6.51e-11
2022-11-09, 15:43:50, 8.88e-13, 6.62e-11
2022-11-09, 15:43:55, 8.94e-13, 6.54e-11
2022-11-09, 15:43:59, 9e-13, 6.54e-11
2022-11-09, 15:44:03, 8.71e-13, 6.52e-11
2022-11-09, 15:44:07, 9.13e-13, 6.53e-11
2022-11-09, 15:44:12, 8.66e-13, 6.57e-11
2022-11-09, 15:44:16, 9.06e-13, 6.52e-11
2022-11-09, 15:44:20, 8.68e-13, 6.52e-11
2022-11-09, 15:44:24, 8.85e-13, 6.53e-11
2022-11-09, 15:44:28, 9.13e-13, 6.5e-11
2022-11-09, 15:44:33, 9.01e-13, 6.51e-11
2022-11-09, 15:44:37, 8.59e-13, 6.49e-11
2022-11-09, 15:44:41, 8.68e-13, 6.49e-11
2022-11-09, 15:44:45, 8.7e-13, 6.51e-11
2022-11-09, 15:44:49, 8.9e-13, 6.52e-11
2022-11-09, 15:44:54, 8.84e-13, 6.53e-11
2022-11-09, 15:44:58, 8.82e-13, 6.57e-11
2022-11-09, 15:45:02, 8.66e-13, 6.52e-11
2022-11-09, 15:45:06, 9.1e-13, 6.52e-11
2022-11-09, 15:45:11, 8.82e-13, 6.51e-11
2022-11-09, 15:45:15, 9.17e-13, 6.52e-11
2022-11-09, 15:45:19, 8.52e-13, 6.54e-11
2022-11-09, 15:45:23, 8.46e-13, 6.52e-11
2022-11-09, 15:45:27, 8.59e-13, 6.53e-11
2022-11-09, 15:45:32, 8.48e-13, 6.52e-11
2022-11-09, 15:45:36, 8.32e-13, 6.54e-11
2022-11-09, 15:45:40, 8.85e-13, 6.54e-11
2022-11-09, 15:45:44, 8.69e-13, 6.52e-11
2022-11-09, 15:45:49, 9.32e-13, 6.53e-11
2022-11-09, 15:45:53, 8.67e-13, 6.52e-11
2022-11-09, 15:45:57, 8.46e-13, 6.53e-11
2022-11-09, 15:46:01, 8.12e-13, 6.49e-11
2022-11-09, 15:46:05, 8.61e-13, 6.52e-11
2022-11-09, 15:46:10, 9.18e-13, 6.53e-11
2022-11-09, 15:46:14, 8.81e-13, 6.58e-11
2022-11-09, 15:46:18, 9.15e-13, 6.51e-11
2022-11-09, 15:46:22, 8.31e-13, 6.62e-11
2022-11-09, 15:46:27, 8.83e-13, 6.5e-11
2022-11-09, 15:46:31, 8.09e-13, 6.54e-11
2022-11-09, 15:46:35, 8.73e-13, 6.53e-11
2022-11-09, 15:46:39, 8.71e-13, 6.52e-11
2022-11-09, 15:46:43, 8.95e-13, 6.51e-11
2022-11-09, 15:46:48, 7.96e-13, 6.53e-11
2022-11-09, 15:46:52, 8.69e-13, 6.52e-11
2022-11-09, 15:46:56, 1e-12, 6.52e-11
2022-11-09, 15:47:00, 8.68e-13, 6.54e-11
2022-11-09, 15:47:05, 8.36e-13, 6.51e-11
2022-11-09, 15:47:09, 8.27e-13, 6.54e-11
2022-11-09, 15:47:13, 9.06e-13, 6.53e-11
2022-11-09, 15:47:17, 8.91e-13, 6.53e-11
2022-11-09, 15:47:21, 9.24e-13, 6.52e-11
2022-11-09, 15:47:26, 8.28e-13, 6.6e-11
2022-11-09, 15:47:30, 9.84e-13, 6.53e-11
2022-11-09, 15:47:34, 8.82e-13, 6.6e-11
2022-11-09, 15:47:38, 8.79e-13, 6.51e-11
2022-11-09, 15:47:43, 8.08e-13, 6.5e-11
2022-11-09, 15:47:47, 9.24e-13, 6.51e-11
2022-11-09, 15:47:51, 8.28e-13, 6.51e-11
2022-11-09, 15:47:55, 8.34e-13, 6.52e-11
2022-11-09, 15:47:59, 8.15e-13, 6.51e-11
2022-11-09, 15:48:04, 7.3e-13, 6.58e-11
2022-11-09, 15:48:08, 8.32e-13, 6.58e-11
2022-11-09, 15:48:12, 9.14e-13, 6.52e-11
2022-11-09, 15:48:16, 8.8e-13, 6.55e-11
2022-11-09, 15:48:20, 9.22e-13, 6.53e-11
2022-11-09, 15:48:25, 9.48e-13, 6.53e-11
2022-11-09, 15:48:29, 8.85e-13, 6.54e-11
2022-11-09, 15:48:33, 9.15e-13, 6.51e-11
2022-11-09, 15:48:37, 8.69e-13, 6.53e-11
2022-11-09, 15:48:42, 9.89e-13, 6.5e-11
2022-11-09, 15:48:46, 9.01e-13, 6.5e-11
2022-11-09, 15:48:50, 8.56e-13, 6.52e-11
2022-11-09, 15:48:54, 9.3e-13, 6.59e-11
2022-11-09, 15:48:58, 8.73e-13, 6.52e-11
2022-11-09, 15:49:03, 8.71e-13, 6.49e-11
2022-11-09, 15:49:07, 8.89e-13, 6.52e-11
2022-11-09, 15:49:11, 9.27e-13, 6.51e-11
2022-11-09, 15:49:15, 8.57e-13, 6.52e-11
2022-11-09, 15:49:20, 7.69e-13, 6.53e-11
2022-11-09, 15:49:24, 9.02e-13, 6.52e-11
2022-11-09, 15:49:28, 8.74e-13, 6.5e-11
2022-11-09, 15:49:32, 8.22e-13, 6.5e-11
2022-11-09, 15:49:36, 1.01e-12, 6.51e-11
2022-11-09, 15:49:41, 9.28e-13, 6.47e-11
2022-11-09, 15:49:45, 8.43e-13, 6.48e-11
2022-11-09, 15:49:49, 8.1e-13, 6.53e-11
2022-11-09, 15:49:53, 9.02e-13, 6.52e-11
2022-11-09, 15:49:58, 7.8e-13, 6.52e-11
2022-11-09, 15:50:02, 8.29e-13, 6.53e-11
2022-11-09, 15:50:06, 8.53e-13, 6.52e-11
2022-11-09, 15:50:10, 1e-12, 6.49e-11
2022-11-09, 15:50:14, 8.27e-13, 6.46e-11
2022-11-09, 15:50:19, 9.31e-13, 6.47e-11
2022-11-09, 15:50:23, 8.58e-13, 6.49e-11
2022-11-09, 15:50:27, 8.58e-13, 6.5e-11
2022-11-09, 15:50:31, 8.62e-13, 6.54e-11
2022-11-09, 15:50:36, 9.07e-13, 6.53e-11
2022-11-09, 15:50:40, 8.51e-13, 6.52e-11
2022-11-09, 15:50:44, 9.18e-13, 6.54e-11
2022-11-09, 15:50:48, 7.75e-13, 6.47e-11
2022-11-09, 15:50:52, 9.54e-13, 6.51e-11
2022-11-09, 15:50:57, 9.44e-13, 6.47e-11
2022-11-09, 15:51:01, 8.91e-13, 6.52e-11
2022-11-09, 15:51:05, 8.29e-13, 6.5e-11
2022-11-09, 15:51:09, 8.85e-13, 6.51e-11
2022-11-09, 15:51:14, 8.92e-13, 6.49e-11
2022-11-09, 15:51:18, 8.95e-13, 6.48e-11
2022-11-09, 15:51:22, 8.89e-13, 6.53e-11
2022-11-09, 15:51:26, 8.63e-13, 6.49e-11
2022-11-09, 15:51:30, 8.71e-13, 6.48e-11
2022-11-09, 15:51:35, 8.83e-13, 6.48e-11
2022-11-09, 15:51:39, 9.28e-13, 6.51e-11
2022-11-09, 15:51:43, 9.13e-13, 6.48e-11
2022-11-09, 15:51:47, 8.89e-13, 6.48e-11
2022-11-09, 15:51:51, 8.78e-13, 6.57e-11
2022-11-09, 15:51:56, 9.13e-13, 6.47e-11
2022-11-09, 15:52:00, 8.3e-13, 6.47e-11
2022-11-09, 15:52:04, 8.33e-13, 6.5e-11
2022-11-09, 15:52:08, 8.92e-13, 6.51e-11
2022-11-09, 15:52:13, 8.9e-13, 6.48e-11
2022-11-09, 15:52:17, 8.14e-13, 6.49e-11
2022-11-09, 15:52:21, 9.24e-13, 6.49e-11
2022-11-09, 15:52:25, 8.58e-13, 6.52e-11
2022-11-09, 15:52:29, 8.7e-13, 6.49e-11
2022-11-09, 15:52:34, 9.47e-13, 6.51e-11
2022-11-09, 15:52:38, 8.8e-13, 6.5e-11
2022-11-09, 15:52:42, 9.44e-13, 6.47e-11
2022-11-09, 15:52:46, 8.64e-13, 6.49e-11
2022-11-09, 15:52:51, 9.14e-13, 6.49e-11
2022-11-09, 15:52:55, 1e-12, 6.46e-11
2022-11-09, 15:52:59, 9.61e-13, 6.48e-11
2022-11-09, 15:53:03, 9.06e-13, 6.5e-11
2022-11-09, 15:53:07, 8.39e-13, 6.5e-11
2022-11-09, 15:53:12, 9.03e-13, 6.47e-11
2022-11-09, 15:53:16, 8.85e-13, 6.49e-11
2022-11-09, 15:53:20, 9.72e-13, 6.5e-11
2022-11-09, 15:53:24, 9.12e-13, 6.48e-11
2022-11-09, 15:53:29, 9.03e-13, 6.47e-11
2022-11-09, 15:53:33, 8.75e-13, 6.48e-11
2022-11-09, 15:53:37, 9.04e-13, 6.49e-11
2022-11-09, 15:53:41, 8.62e-13, 6.5e-11
2022-11-09, 15:53:45, 8.54e-13, 6.5e-11
2022-11-09, 15:53:50, 9.5e-13, 6.49e-11
2022-11-09, 15:53:54, 8.66e-13, 6.49e-11
2022-11-09, 15:53:58, 9.04e-13, 6.48e-11
2022-11-09, 15:54:02, 9.54e-13, 6.48e-11
2022-11-09, 15:54:07, 9.13e-13, 6.49e-11
2022-11-09, 15:54:11, 8.9e-13, 6.36e-11
2022-11-09, 15:54:15, 8.5e-13, 6.46e-11
2022-11-09, 15:54:19, 8.64e-13, 6.5e-11
2022-11-09, 15:54:23, 8.75e-13, 6.52e-11
2022-11-09, 15:54:28, 8.64e-13, 6.49e-11
2022-11-09, 15:54:32, 8.71e-13, 6.51e-11
2022-11-09, 15:54:36, 8.4e-13, 6.5e-11
2022-11-09, 15:54:40, 9.46e-13, 6.5e-11
2022-11-09, 15:54:45, 8.65e-13, 6.51e-11
2022-11-09, 15:54:49, 7.95e-13, 6.5e-11
2022-11-09, 15:54:53, 9.44e-13, 6.49e-11
2022-11-09, 15:54:57, 8.37e-13, 6.49e-11
2022-11-09, 15:55:01, 7.75e-13, 6.47e-11
2022-11-09, 15:55:06, 8.64e-13, 6.49e-11
2022-11-09, 15:55:10, 7.55e-13, 6.48e-11
2022-11-09, 15:55:14, 8.52e-13, 6.49e-11
2022-11-09, 15:55:18, 8.54e-13, 6.51e-11
2022-11-09, 15:55:22, 8.65e-13, 6.51e-11
2022-11-09, 15:55:27, 9.28e-13, 6.5e-11
2022-11-09, 15:55:31, 8.44e-13, 6.5e-11
2022-11-09, 15:55:35, 9.05e-13, 6.5e-11
2022-11-09, 15:55:39, 8.54e-13, 6.5e-11
2022-11-09, 15:55:44, 9.5e-13, 6.53e-11
2022-11-09, 15:55:48, 1.02e-12, 6.51e-11
2022-11-09, 15:55:52, 8.8e-13, 6.49e-11
2022-11-09, 15:55:56, 9.35e-13, 6.5e-11
2022-11-09, 15:56:00, 8.93e-13, 6.5e-11
2022-11-09, 15:56:05, 8.71e-13, 6.47e-11
2022-11-09, 15:56:09, 8.86e-13, 6.49e-11
2022-11-09, 15:56:13, 8.72e-13, 6.49e-11
2022-11-09, 15:56:17, 8.61e-13, 6.49e-11
2022-11-09, 15:56:22, 8.38e-13, 6.57e-11
2022-11-09, 15:56:26, 8.42e-13, 6.49e-11
2022-11-09, 15:56:30, 7.88e-13, 6.52e-11
2022-11-09, 15:56:34, 8.86e-13, 6.52e-11
2022-11-09, 15:56:38, 8.59e-13, 6.56e-11
2022-11-09, 15:56:43, 8.94e-13, 6.53e-11
2022-11-09, 15:56:47, 8.59e-13, 6.56e-11
2022-11-09, 15:56:51, 9.58e-13, 6.53e-11
2022-11-09, 15:56:55, 9.25e-13, 6.63e-11
2022-11-09, 15:57:00, 8.58e-13, 6.53e-11
2022-11-09, 15:57:04, 8.04e-13, 6.46e-11
2022-11-09, 15:57:08, 8.8e-13, 6.46e-11
2022-11-09, 15:57:12, 9.32e-13, 6.49e-11
2022-11-09, 15:57:16, 8.58e-13, 6.48e-11
2022-11-09, 15:57:21, 8.74e-13, 6.53e-11
2022-11-09, 15:57:25, 9.31e-13, 6.52e-11
2022-11-09, 15:57:29, 8.35e-13, 6.5e-11
2022-11-09, 15:57:33, 8.44e-13, 6.47e-11
2022-11-09, 15:57:38, 8.73e-13, 6.5e-11
2022-11-09, 15:57:42, 7.99e-13, 6.48e-11
2022-11-09, 15:57:46, 8.6e-13, 6.47e-11
2022-11-09, 15:57:50, 8.94e-13, 6.51e-11
2022-11-09, 15:57:54, 8.9e-13, 6.47e-11
2022-11-09, 15:57:59, 8.12e-13, 6.45e-11
2022-11-09, 15:58:03, 9.86e-13, 6.46e-11
2022-11-09, 15:58:07, 9.12e-13, 6.5e-11
2022-11-09, 15:58:11, 8.76e-13, 6.46e-11
2022-11-09, 15:58:15, 8.72e-13, 6.5e-11
2022-11-09, 15:58:20, 9.25e-13, 6.46e-11
2022-11-09, 15:58:24, 8.07e-13, 6.44e-11
2022-11-09, 15:58:28, 8.83e-13, 6.43e-11
2022-11-09, 15:58:32, 9.06e-13, 6.47e-11
2022-11-09, 15:58:37, 8.6e-13, 6.44e-11
2022-11-09, 15:58:41, 7.28e-13, 6.45e-11
2022-11-09, 15:58:45, 9.1e-13, 6.44e-11
2022-11-09, 15:58:49, 8.8e-13, 6.46e-11
2022-11-09, 15:58:53, 8.23e-13, 6.49e-11
2022-11-09, 15:58:58, 8.73e-13, 6.48e-11
2022-11-09, 15:59:02, 9.55e-13, 6.46e-11
2022-11-09, 15:59:06, 8.56e-13, 6.48e-11
2022-11-09, 15:59:10, 8.92e-13, 6.44e-11
2022-11-09, 15:59:15, 8.61e-13, 6.48e-11
2022-11-09, 15:59:19, 9.05e-13, 6.47e-11
2022-11-09, 15:59:23, 8.8e-13, 6.47e-11
2022-11-09, 15:59:27, 8.88e-13, 6.46e-11
2022-11-09, 15:59:31, 8.49e-13, 6.46e-11
2022-11-09, 15:59:36, 7.66e-13, 6.46e-11
2022-11-09, 15:59:40, 9.2e-13, 6.51e-11
2022-11-09, 15:59:44, 8.74e-13, 6.49e-11
2022-11-09, 15:59:48, 8.73e-13, 6.47e-11
2022-11-09, 15:59:53, 8.94e-13, 6.51e-11
2022-11-09, 15:59:57, 8.81e-13, 6.48e-11
2022-11-09, 16:00:01, 8.43e-13, 6.47e-11
2022-11-09, 16:00:05, 8.94e-13, 6.45e-11
2022-11-09, 16:00:09, 7.8e-13, 6.49e-11
2022-11-09, 16:00:14, 8.38e-13, 6.45e-11
2022-11-09, 16:00:18, 8.73e-13, 6.47e-11
2022-11-09, 16:00:22, 8.34e-13, 6.48e-11
2022-11-09, 16:00:26, 9.4e-13, 6.47e-11
2022-11-09, 16:00:36, 9.18e-13, 6.47e-11
2022-11-09, 16:00:41, 9.03e-13, 6.45e-11
2022-11-09, 16:00:45, 9.18e-13, 6.45e-11
2022-11-09, 16:00:49, 9e-13, 6.45e-11
2022-11-09, 16:00:53, 9.13e-13, 6.44e-11
2022-11-09, 16:00:57, 8.82e-13, 6.44e-11
2022-11-09, 16:01:02, 9.06e-13, 6.46e-11
2022-11-09, 16:01:06, 8.96e-13, 6.46e-11
2022-11-09, 16:01:10, 9.04e-13, 6.45e-11
2022-11-09, 16:01:14, 8.91e-13, 6.44e-11
2022-11-09, 16:01:19, 8.35e-13, 6.46e-11
2022-11-09, 16:01:23, 8.56e-13, 6.47e-11
2022-11-09, 16:01:27, 8.71e-13, 6.45e-11
2022-11-09, 16:01:31, 9.4e-13, 6.43e-11
2022-11-09, 16:01:35, 8.88e-13, 6.47e-11
2022-11-09, 16:01:40, 9.34e-13, 6.48e-11
2022-11-09, 16:01:44, 7.8e-13, 6.46e-11
2022-11-09, 16:01:48, 8.56e-13, 6.49e-11
2022-11-09, 16:01:52, 9.31e-13, 6.5e-11
2022-11-09, 16:01:57, 9.05e-13, 6.46e-11
2022-11-09, 16:02:01, 9.33e-13, 6.46e-11
2022-11-09, 16:02:05, 8.81e-13, 6.48e-11
2022-11-09, 16:02:09, 8.66e-13, 6.48e-11
2022-11-09, 16:02:13, 9.51e-13, 6.45e-11
2022-11-09, 16:02:18, 8.7e-13, 6.48e-11
2022-11-09, 16:02:22, 8.89e-13, 6.49e-11
2022-11-09, 16:02:26, 8.49e-13, 6.45e-11
2022-11-09, 16:02:30, 9.02e-13, 6.46e-11
2022-11-09, 16:02:35, 8.83e-13, 6.56e-11
2022-11-09, 16:02:39, 8.69e-13, 6.46e-11
2022-11-09, 16:02:43, 8.93e-13, 6.51e-11
2022-11-09, 16:02:47, 8.56e-13, 6.59e-11
2022-11-09, 16:02:51, 9.21e-13, 6.48e-11
2022-11-09, 16:02:56, 9.2e-13, 6.47e-11
2022-11-09, 16:03:00, 8.65e-13, 6.48e-11
2022-11-09, 16:03:04, 9.4e-13, 6.49e-11
2022-11-09, 16:03:08, 8.73e-13, 6.46e-11
2022-11-09, 16:03:13, 8.8e-13, 6.48e-11
2022-11-09, 16:03:17, 8.6e-13, 6.5e-11
2022-11-09, 16:03:21, 9.13e-13, 6.48e-11
2022-11-09, 16:03:25, 8.54e-13, 6.54e-11
2022-11-09, 16:03:29, 9.16e-13, 6.58e-11
2022-11-09, 16:03:34, 8.7e-13, 6.48e-11
2022-11-09, 16:03:38, 8.15e-13, 6.52e-11
2022-11-09, 16:03:42, 9.82e-13, 6.49e-11
2022-11-09, 16:03:46, 8.95e-13, 6.44e-11
2022-11-09, 16:03:50, 9.34e-13, 6.47e-11
2022-11-09, 16:03:55, 9.03e-13, 6.48e-11
2022-11-09, 16:03:59, 9.62e-13, 6.54e-11
2022-11-09, 16:04:03, 8.44e-13, 6.5e-11
2022-11-09, 16:04:07, 9.01e-13, 6.48e-11
2022-11-09, 16:04:12, 8.91e-13, 6.48e-11
2022-11-09, 16:04:16, 8.88e-13, 6.46e-11
2022-11-09, 16:04:20, 8.84e-13, 6.48e-11
2022-11-09, 16:04:24, 8.86e-13, 6.49e-11
2022-11-09, 16:04:28, 8.5e-13, 6.47e-11
2022-11-09, 16:04:33, 8.91e-13, 6.47e-11
2022-11-09, 16:04:37, 7.99e-13, 6.47e-11
2022-11-09, 16:04:41, 9.08e-13, 6.53e-11
2022-11-09, 16:04:45, 8.79e-13, 6.5e-11
2022-11-09, 16:04:50, 9.03e-13, 6.5e-11
2022-11-09, 16:04:54, 8.27e-13, 6.49e-11
2022-11-09, 16:04:58, 8.92e-13, 6.49e-11
2022-11-09, 16:05:02, 8.32e-13, 6.49e-11
2022-11-09, 16:05:06, 8.94e-13, 6.47e-11
2022-11-09, 16:05:11, 9.27e-13, 6.48e-11
2022-11-09, 16:05:15, 1.01e-12, 6.47e-11
2022-11-09, 16:05:19, 8.91e-13, 6.47e-11
2022-11-09, 16:05:23, 8.78e-13, 6.47e-11
2022-11-09, 16:05:28, 9.52e-13, 6.51e-11
2022-11-09, 16:05:32, 8.89e-13, 6.53e-11
2022-11-09, 16:05:36, 8.64e-13, 6.48e-11
2022-11-09, 16:05:40, 8.74e-13, 6.48e-11
2022-11-09, 16:05:44, 9.56e-13, 6.49e-11
2022-11-09, 16:05:49, 1.05e-12, 6.47e-11
2022-11-09, 16:05:53, 8.85e-13, 6.45e-11
2022-11-09, 16:05:57, 9.69e-13, 6.43e-11
2022-11-09, 16:06:01, 9.19e-13, 6.44e-11
2022-11-09, 16:06:06, 9.28e-13, 6.48e-11
2022-11-09, 16:06:10, 8.87e-13, 6.46e-11
2022-11-09, 16:06:14, 8.93e-13, 6.47e-11
2022-11-09, 16:06:18, 8.46e-13, 6.45e-11
2022-11-09, 16:06:22, 8.41e-13, 6.47e-11
2022-11-09, 16:06:27, 9.15e-13, 6.55e-11
2022-11-09, 16:06:31, 9.1e-13, 6.48e-11
2022-11-09, 16:06:35, 8.62e-13, 6.48e-11
2022-11-09, 16:06:39, 8.82e-13, 6.5e-11
2022-11-09, 16:06:44, 9.12e-13, 6.52e-11
2022-11-09, 16:06:48, 9.01e-13, 6.51e-11
2022-11-09, 16:06:52, 9.04e-13, 6.49e-11
2022-11-09, 16:06:56, 9.11e-13, 6.47e-11
2022-11-09, 16:07:00, 8.24e-13, 6.49e-11
2022-11-09, 16:07:05, 8.45e-13, 6.49e-11
2022-11-09, 16:07:09, 8.73e-13, 6.55e-11
2022-11-09, 16:07:13, 8.56e-13, 6.48e-11
2022-11-09, 16:07:17, 8.55e-13, 6.49e-11
2022-11-09, 16:07:22, 8.22e-13, 6.52e-11
2022-11-09, 16:07:26, 9.14e-13, 6.49e-11
2022-11-09, 16:07:30, 8.46e-13, 6.46e-11
2022-11-09, 16:07:34, 8.53e-13, 6.48e-11
2022-11-09, 16:07:38, 8.84e-13, 6.51e-11
2022-11-09, 16:07:43, 9.01e-13, 6.52e-11
2022-11-09, 16:07:47, 9.55e-13, 6.53e-11
2022-11-09, 16:07:51, 9.11e-13, 6.52e-11
2022-11-09, 16:07:55, 8.68e-13, 6.49e-11
2022-11-09, 16:07:59, 7.33e-13, 6.49e-11
2022-11-09, 16:08:04, 9.05e-13, 6.49e-11
2022-11-09, 16:08:08, 8.35e-13, 6.49e-11
2022-11-09, 16:08:12, 8.87e-13, 6.48e-11
2022-11-09, 16:08:16, 8.84e-13, 6.47e-11
2022-11-09, 16:08:21, 8.68e-13, 6.47e-11
2022-11-09, 16:08:25, 8.81e-13, 6.46e-11
2022-11-09, 16:08:29, 9.92e-13, 6.48e-11
2022-11-09, 16:08:33, 7.13e-13, 6.48e-11
2022-11-09, 16:08:37, 8.74e-13, 6.49e-11
2022-11-09, 16:08:42, 9.51e-13, 6.46e-11
2022-11-09, 16:08:46, 8.76e-13, 6.49e-11
2022-11-09, 16:08:50, 8.63e-13, 6.45e-11
2022-11-09, 16:08:54, 8.77e-13, 6.51e-11
2022-11-09, 16:08:59, 8.83e-13, 6.49e-11
2022-11-09, 16:09:03, 9.37e-13, 6.48e-11
2022-11-09, 16:09:07, 8.34e-13, 6.47e-11
2022-11-09, 16:09:11, 8.33e-13, 6.48e-11
2022-11-09, 16:09:15, 8.97e-13, 6.5e-11
2022-11-09, 16:09:20, 9.13e-13, 6.48e-11
2022-11-09, 16:09:24, 8.77e-13, 6.47e-11
2022-11-09, 16:09:28, 8.42e-13, 6.48e-11
2022-11-09, 16:09:32, 8.62e-13, 6.48e-11
2022-11-09, 16:09:37, 8.62e-13, 6.48e-11
2022-11-09, 16:09:41, 8.71e-13, 6.48e-11
2022-11-09, 16:09:45, 9.08e-13, 6.49e-11
2022-11-09, 16:09:49, 8.61e-13, 6.48e-11
2022-11-09, 16:09:53, 8.78e-13, 6.48e-11
2022-11-09, 16:09:58, 9.37e-13, 6.48e-11
2022-11-09, 16:10:02, 8.57e-13, 6.47e-11
2022-11-09, 16:10:06, 9.16e-13, 6.49e-11
2022-11-09, 16:10:10, 8.15e-13, 6.48e-11
2022-11-09, 16:10:15, 8.95e-13, 6.49e-11
2022-11-09, 16:10:19, 8.5e-13, 6.58e-11
2022-11-09, 16:10:23, 8.98e-13, 6.47e-11
2022-11-09, 16:10:27, 9.32e-13, 6.49e-11
2022-11-09, 16:10:31, 8.17e-13, 6.6e-11
2022-11-09, 16:10:36, 8.7e-13, 6.48e-11
2022-11-09, 16:10:40, 9.38e-13, 6.49e-11
2022-11-09, 16:10:44, 9.54e-13, 6.49e-11
2022-11-09, 16:10:48, 8.99e-13, 6.47e-11
2022-11-09, 16:10:53, 9.08e-13, 6.6e-11
2022-11-09, 16:10:57, 9.05e-13, 6.52e-11
2022-11-09, 16:11:01, 8.62e-13, 6.47e-11
2022-11-09, 16:11:05, 9.07e-13, 6.47e-11
2022-11-09, 16:11:09, 9.08e-13, 6.48e-11
2022-11-09, 16:11:14, 8.55e-13, 6.49e-11
2022-11-09, 16:11:18, 8.95e-13, 6.49e-11
2022-11-09, 16:11:22, 9.15e-13, 6.47e-11
2022-11-09, 16:11:26, 9.06e-13, 6.49e-11
2022-11-09, 16:11:31, 8.96e-13, 6.5e-11
2022-11-09, 16:11:35, 8.79e-13, 6.48e-11
2022-11-09, 16:11:39, 9.24e-13, 6.48e-11
2022-11-09, 16:11:43, 7.72e-13, 6.47e-11
2022-11-09, 16:11:47, 9.09e-13, 6.57e-11
2022-11-09, 16:11:52, 8.38e-13, 6.53e-11
2022-11-09, 16:11:56, 8.43e-13, 6.47e-11
2022-11-09, 16:12:00, 9.47e-13, 6.51e-11
2022-11-09, 16:12:04, 8.98e-13, 6.53e-11
2022-11-09, 16:12:09, 8.67e-13, 6.5e-11
2022-11-09, 16:12:13, 8.77e-13, 6.48e-11
2022-11-09, 16:12:17, 9.25e-13, 6.5e-11
2022-11-09, 16:12:21, 8.58e-13, 6.48e-11
2022-11-09, 16:12:25, 8.02e-13, 6.46e-11
2022-11-09, 16:12:30, 8.69e-13, 6.53e-11
2022-11-09, 16:12:34, 8.71e-13, 6.54e-11
2022-11-09, 16:12:38, 8.35e-13, 6.5e-11
2022-11-09, 16:12:42, 7.43e-13, 6.46e-11
2022-11-09, 16:12:47, 8.7e-13, 6.48e-11
2022-11-09, 16:12:51, 9.24e-13, 6.48e-11
2022-11-09, 16:12:55, 9.1e-13, 6.51e-11
2022-11-09, 16:12:59, 8.1e-13, 6.49e-11
2022-11-09, 16:13:03, 1.04e-12, 6.5e-11
2022-11-09, 16:13:08, 8.82e-13, 6.48e-11
2022-11-09, 16:13:12, 9.06e-13, 6.49e-11
2022-11-09, 16:13:16, 8.78e-13, 6.49e-11
2022-11-09, 16:13:20, 7.63e-13, 6.49e-11
2022-11-09, 16:13:25, 9.54e-13, 6.46e-11
2022-11-09, 16:13:29, 9.07e-13, 6.47e-11
2022-11-09, 16:13:33, 8.2e-13, 6.46e-11
2022-11-09, 16:13:37, 9.14e-13, 6.47e-11
2022-11-09, 16:13:41, 8.52e-13, 6.48e-11
2022-11-09, 16:13:46, 8.89e-13, 6.49e-11
2022-11-09, 16:13:50, 8.47e-13, 6.48e-11
2022-11-09, 16:13:54, 9.08e-13, 6.49e-11
2022-11-09, 16:13:58, 8.18e-13, 6.5e-11
2022-11-09, 16:14:03, 9.55e-13, 6.48e-11
2022-11-09, 16:14:07, 8.88e-13, 6.48e-11
2022-11-09, 16:14:11, 8.96e-13, 6.49e-11
2022-11-09, 16:14:15, 8.86e-13, 6.46e-11
2022-11-09, 16:14:19, 9.78e-13, 6.49e-11
2022-11-09, 16:14:24, 8.95e-13, 6.49e-11
2022-11-09, 16:14:28, 8.85e-13, 6.46e-11
2022-11-09, 16:14:32, 9.14e-13, 6.46e-11
2022-11-09, 16:14:36, 9.01e-13, 6.47e-11
2022-11-09, 16:14:41, 8.51e-13, 6.49e-11
2022-11-09, 16:14:45, 8.6e-13, 6.47e-11
2022-11-09, 16:14:49, 8.66e-13, 6.49e-11
2022-11-09, 16:14:53, 9.33e-13, 6.48e-11
2022-11-09, 16:14:57, 8.78e-13, 6.47e-11
2022-11-09, 16:15:02, 8.66e-13, 6.47e-11
2022-11-09, 16:15:06, 9.37e-13, 6.5e-11
2022-11-09, 16:15:10, 8.93e-13, 6.48e-11
2022-11-09, 16:15:14, 9.11e-13, 6.48e-11
2022-11-09, 16:15:19, 8.53e-13, 6.46e-11
2022-11-09, 16:15:23, 8.79e-13, 6.48e-11
2022-11-09, 16:15:27, 8.39e-13, 6.49e-11
2022-11-09, 16:15:31, 8.72e-13, 6.49e-11
2022-11-09, 16:15:35, 8.43e-13, 6.47e-11
2022-11-09, 16:15:40, 8.8e-13, 6.45e-11
2022-11-09, 16:15:44, 9.64e-13, 6.46e-11
2022-11-09, 16:15:48, 7.65e-13, 6.47e-11
2022-11-09, 16:15:52, 8.66e-13, 6.46e-11
2022-11-09, 16:15:57, 9.13e-13, 6.49e-11
2022-11-09, 16:16:01, 9.1e-13, 6.5e-11
2022-11-09, 16:16:05, 8.54e-13, 6.49e-11
2022-11-09, 16:16:09, 8.77e-13, 6.48e-11
2022-11-09, 16:16:13, 8.77e-13, 6.5e-11
2022-11-09, 16:16:18, 9.68e-13, 6.47e-11
2022-11-09, 16:16:22, 8.91e-13, 6.49e-11
2022-11-09, 16:16:26, 8.17e-13, 6.49e-11
2022-11-09, 16:16:30, 9.18e-13, 6.45e-11
2022-11-09, 16:16:34, 8.72e-13, 6.47e-11
2022-11-09, 16:16:39, 8.63e-13, 6.46e-11
2022-11-09, 16:16:43, 9.03e-13, 6.5e-11
2022-11-09, 16:16:47, 9.26e-13, 6.51e-11
2022-11-09, 16:16:51, 8.99e-13, 6.49e-11
2022-11-09, 16:16:56, 9.24e-13, 6.48e-11
2022-11-09, 16:17:00, 8.95e-13, 6.47e-11
2022-11-09, 16:17:04, 8.98e-13, 6.49e-11
2022-11-09, 16:17:08, 8.78e-13, 6.49e-11
2022-11-09, 16:17:12, 8.93e-13, 6.45e-11
2022-11-09, 16:17:17, 8.6e-13, 6.47e-11
2022-11-09, 16:17:21, 8.9e-13, 6.47e-11
2022-11-09, 16:17:25, 9.12e-13, 6.46e-11
2022-11-09, 16:17:29, 8.84e-13, 6.52e-11
2022-11-09, 16:17:34, 9.16e-13, 6.49e-11
2022-11-09, 16:17:38, 9.23e-13, 6.47e-11
2022-11-09, 16:17:42, 9.02e-13, 6.5e-11
2022-11-09, 16:17:46, 8.78e-13, 6.47e-11
2022-11-09, 16:17:50, 8.57e-13, 6.48e-11
2022-11-09, 16:17:55, 8.88e-13, 6.47e-11
2022-11-09, 16:17:59, 8.88e-13, 6.55e-11
2022-11-09, 16:18:03, 9.43e-13, 6.46e-11
2022-11-09, 16:18:07, 9.19e-13, 6.48e-11
2022-11-09, 16:18:12, 8.87e-13, 6.48e-11
2022-11-09, 16:18:16, 8.42e-13, 6.54e-11
2022-11-09, 16:18:20, 9.11e-13, 6.56e-11
2022-11-09, 16:18:24, 8.62e-13, 6.49e-11
2022-11-09, 16:18:28, 9.2e-13, 6.51e-11
2022-11-09, 16:18:33, 7.95e-13, 6.49e-11
2022-11-09, 16:18:37, 8.3e-13, 6.55e-11
2022-11-09, 16:18:41, 8.62e-13, 6.5e-11
2022-11-09, 16:18:45, 8.67e-13, 6.48e-11
2022-11-09, 16:18:50, 8.62e-13, 6.46e-11
2022-11-09, 16:18:54, 8.6e-13, 6.48e-11
2022-11-09, 16:18:58, 9.16e-13, 6.48e-11
2022-11-09, 16:19:02, 8.56e-13, 6.48e-11
2022-11-09, 16:19:06, 9.32e-13, 6.46e-11
2022-11-09, 16:19:11, 8.18e-13, 6.49e-11
2022-11-09, 16:19:15, 8.58e-13, 6.48e-11
2022-11-09, 16:19:19, 8.41e-13, 6.46e-11
2022-11-09, 16:19:23, 9.05e-13, 6.55e-11
2022-11-09, 16:19:28, 8.75e-13, 6.48e-11
2022-11-09, 16:19:32, 8.9e-13, 6.47e-11
2022-11-09, 16:19:36, 9e-13, 6.51e-11
2022-11-09, 16:19:40, 9.03e-13, 6.47e-11
2022-11-09, 16:19:44, 9.72e-13, 6.48e-11
2022-11-09, 16:19:49, 9.15e-13, 6.47e-11
2022-11-09, 16:19:53, 9.32e-13, 6.45e-11
2022-11-09, 16:19:57, 9.22e-13, 6.52e-11
2022-11-09, 16:20:01, 9.04e-13, 6.53e-11
2022-11-09, 16:20:06, 8.47e-13, 6.5e-11
2022-11-09, 16:20:10, 8.34e-13, 6.49e-11
2022-11-09, 16:20:14, 1.04e-12, 6.48e-11
2022-11-09, 16:20:18, 8.31e-13, 6.46e-11
2022-11-09, 16:20:22, 8.56e-13, 6.48e-11
2022-11-09, 16:20:27, 9.22e-13, 6.46e-11
2022-11-09, 16:20:31, 8.62e-13, 6.46e-11
2022-11-09, 16:20:35, 8.64e-13, 6.46e-11
2022-11-09, 16:20:39, 7.79e-13, 6.48e-11
2022-11-09, 16:20:43, 9.04e-13, 6.5e-11
2022-11-09, 16:20:48, 8.76e-13, 6.53e-11
2022-11-09, 16:20:52, 8.8e-13, 6.49e-11
2022-11-09, 16:20:56, 8.08e-13, 6.48e-11
2022-11-09, 16:21:00, 8.82e-13, 6.48e-11
2022-11-09, 16:21:05, 8.89e-13, 6.47e-11
2022-11-09, 16:21:09, 9.51e-13, 6.49e-11
2022-11-09, 16:21:13, 9.58e-13, 6.47e-11
2022-11-09, 16:21:17, 8.22e-13, 6.44e-11
2022-11-09, 16:21:21, 8.88e-13, 6.48e-11
2022-11-09, 16:21:26, 8.32e-13, 6.49e-11
2022-11-09, 16:21:30, 7.23e-13, 6.47e-11
2022-11-09, 16:21:34, 8.4e-13, 6.47e-11
2022-11-09, 16:21:38, 8.55e-13, 6.46e-11
2022-11-09, 16:21:43, 9.03e-13, 6.57e-11
2022-11-09, 16:21:47, 9.08e-13, 6.48e-11
2022-11-09, 16:21:51, 8.76e-13, 6.47e-11
2022-11-09, 16:21:55, 9.09e-13, 6.48e-11
2022-11-09, 16:21:59, 8.99e-13, 6.49e-11
2022-11-09, 16:22:04, 8.83e-13, 6.48e-11
2022-11-09, 16:22:08, 9.45e-13, 6.51e-11
2022-11-09, 16:22:12, 9.35e-13, 6.56e-11
2022-11-09, 16:22:16, 8.23e-13, 6.48e-11
2022-11-09, 16:22:21, 8.65e-13, 6.45e-11
2022-11-09, 16:22:25, 9.46e-13, 6.46e-11
2022-11-09, 16:22:29, 8.86e-13, 6.45e-11
2022-11-09, 16:22:33, 8.62e-13, 6.46e-11
2022-11-09, 16:22:37, 8.91e-13, 6.48e-11
2022-11-09, 16:22:42, 8.88e-13, 6.51e-11
2022-11-09, 16:22:46, 9.27e-13, 6.46e-11
2022-11-09, 16:22:50, 8.49e-13, 6.47e-11
2022-11-09, 16:22:54, 9.54e-13, 6.49e-11
2022-11-09, 16:22:59, 8.43e-13, 6.46e-11
2022-11-09, 16:23:03, 8.92e-13, 6.44e-11
2022-11-09, 16:23:07, 8.83e-13, 6.46e-11
2022-11-09, 16:23:11, 8.86e-13, 6.45e-11
2022-11-09, 16:23:15, 8.42e-13, 6.47e-11
2022-11-09, 16:23:20, 8.8e-13, 6.48e-11
2022-11-09, 16:23:24, 9.27e-13, 6.47e-11
2022-11-09, 16:23:28, 9.31e-13, 6.49e-11
2022-11-09, 16:23:32, 8.7e-13, 6.45e-11
2022-11-09, 16:23:37, 8.71e-13, 6.47e-11
2022-11-09, 16:23:41, 9.28e-13, 6.48e-11
2022-11-09, 16:23:45, 9.38e-13, 6.47e-11
2022-11-09, 16:23:49, 9.35e-13, 6.46e-11
2022-11-09, 16:23:53, 9.36e-13, 6.49e-11
2022-11-09, 16:23:58, 9.18e-13, 6.45e-11
2022-11-09, 16:24:02, 9.23e-13, 6.45e-11
2022-11-09, 16:24:06, 9.34e-13, 6.45e-11
2022-11-09, 16:24:10, 8.86e-13, 6.44e-11
2022-11-09, 16:24:15, 8.62e-13, 6.46e-11
2022-11-09, 16:24:19, 8.42e-13, 6.46e-11
2022-11-09, 16:24:23, 9.37e-13, 6.49e-11
2022-11-09, 16:24:27, 9.26e-13, 6.47e-11
2022-11-09, 16:24:31, 8.92e-13, 6.48e-11
2022-11-09, 16:24:36, 8.75e-13, 6.48e-11
2022-11-09, 16:24:40, 9.16e-13, 6.46e-11
2022-11-09, 16:24:44, 8.49e-13, 6.46e-11
2022-11-09, 16:24:48, 8.95e-13, 6.47e-11
2022-11-09, 16:24:53, 8.4e-13, 6.46e-11
2022-11-09, 16:24:57, 9.03e-13, 6.46e-11
2022-11-09, 16:25:01, 8.97e-13, 6.45e-11
2022-11-09, 16:25:05, 8.89e-13, 6.45e-11
2022-11-09, 16:25:09, 9.37e-13, 6.47e-11
2022-11-09, 16:25:14, 9.16e-13, 6.49e-11
2022-11-09, 16:25:18, 8.69e-13, 6.49e-11
2022-11-09, 16:25:22, 9.03e-13, 6.47e-11
2022-11-09, 16:25:26, 8.18e-13, 6.46e-11
2022-11-09, 16:25:30, 9.55e-13, 6.47e-11
2022-11-09, 16:25:35, 8.96e-13, 6.45e-11
2022-11-09, 16:25:39, 8.82e-13, 6.46e-11
2022-11-09, 16:25:43, 9.2e-13, 6.46e-11
2022-11-09, 16:25:47, 9.36e-13, 6.45e-11
2022-11-09, 16:25:52, 8.61e-13, 6.46e-11
2022-11-09, 16:25:56, 8.63e-13, 6.5e-11
2022-11-09, 16:26:00, 9.29e-13, 6.49e-11
2022-11-09, 16:26:04, 8.69e-13, 6.48e-11
2022-11-09, 16:26:08, 8.59e-13, 6.45e-11
2022-11-09, 16:26:13, 9.69e-13, 6.46e-11
2022-11-09, 16:26:17, 9.41e-13, 6.49e-11
2022-11-09, 16:26:21, 9.22e-13, 6.49e-11
2022-11-09, 16:26:25, 9.42e-13, 6.47e-11
2022-11-09, 16:26:30, 9.06e-13, 6.45e-11
2022-11-09, 16:26:34, 8.75e-13, 6.46e-11
2022-11-09, 16:26:38, 9.13e-13, 6.45e-11
2022-11-09, 16:26:42, 8.88e-13, 6.45e-11
2022-11-09, 16:26:46, 9.22e-13, 6.46e-11
2022-11-09, 16:26:51, 9.3e-13, 6.52e-11
2022-11-09, 16:26:55, 9.27e-13, 6.47e-11
2022-11-09, 16:26:59, 9.19e-13, 6.46e-11
2022-11-09, 16:27:03, 9.36e-13, 6.45e-11
2022-11-09, 16:27:08, 8.95e-13, 6.47e-11
2022-11-09, 16:27:12, 8.07e-13, 6.46e-11
2022-11-09, 16:27:16, 9.09e-13, 6.45e-11
2022-11-09, 16:27:20, 8.82e-13, 6.44e-11
2022-11-09, 16:27:24, 9.1e-13, 6.47e-11
2022-11-09, 16:27:29, 9.17e-13, 6.44e-11
2022-11-09, 16:27:33, 9.99e-13, 6.45e-11
2022-11-09, 16:27:37, 9.07e-13, 6.47e-11
2022-11-09, 16:27:41, 9e-13, 6.45e-11
2022-11-09, 16:27:46, 8.84e-13, 6.46e-11
2022-11-09, 16:27:50, 8.77e-13, 6.46e-11
2022-11-09, 16:27:54, 9.27e-13, 6.49e-11
2022-11-09, 16:27:58, 8.46e-13, 6.47e-11
2022-11-09, 16:28:02, 8.59e-13, 6.47e-11
2022-11-09, 16:28:07, 9.39e-13, 6.51e-11
2022-11-09, 16:28:11, 7.93e-13, 6.52e-11
2022-11-09, 16:28:15, 8.55e-13, 6.5e-11
2022-11-09, 16:28:19, 8.89e-13, 6.48e-11
2022-11-09, 16:28:24, 8.96e-13, 6.48e-11
2022-11-09, 16:28:28, 8.37e-13, 6.47e-11
2022-11-09, 16:28:32, 8.67e-13, 6.46e-11
2022-11-09, 16:28:36, 9.4e-13, 6.48e-11
2022-11-09, 16:28:40, 8.92e-13, 6.45e-11
2022-11-09, 16:28:45, 9.56e-13, 6.47e-11
2022-11-09, 16:28:49, 8.54e-13, 6.46e-11
2022-11-09, 16:28:53, 8.85e-13, 6.46e-11
2022-11-09, 16:28:57, 8.95e-13, 6.45e-11
2022-11-09, 16:29:02, 8.85e-13, 6.45e-11
2022-11-09, 16:29:06, 8.03e-13, 6.45e-11
2022-11-09, 16:29:10, 8.53e-13, 6.48e-11
2022-11-09, 16:29:14, 9.37e-13, 6.5e-11
2022-11-09, 16:29:18, 1.02e-12, 6.49e-11
2022-11-09, 16:29:23, 8.37e-13, 6.44e-11
2022-11-09, 16:29:27, 8.92e-13, 6.45e-11
2022-11-09, 16:29:31, 8.3e-13, 6.45e-11
2022-11-09, 16:29:35, 7.87e-13, 6.47e-11
2022-11-09, 16:29:39, 8.52e-13, 6.48e-11
2022-11-09, 16:29:44, 9.16e-13, 6.45e-11
2022-11-09, 16:29:48, 9.52e-13, 6.46e-11
2022-11-09, 16:29:52, 7.87e-13, 6.47e-11
2022-11-09, 16:29:56, 8.98e-13, 6.48e-11
2022-11-09, 16:30:01, 9.3e-13, 6.47e-11
2022-11-09, 16:30:05, 9.61e-13, 6.45e-11
2022-11-09, 16:30:09, 9.02e-13, 6.49e-11
2022-11-09, 16:30:13, 7.72e-13, 6.47e-11
2022-11-09, 16:30:17, 9.13e-13, 6.46e-11
2022-11-09, 16:30:22, 7.9e-13, 6.48e-11
2022-11-09, 16:30:26, 8.55e-13, 6.46e-11
2022-11-09, 16:30:30, 8.92e-13, 6.45e-11
2022-11-09, 16:30:34, 8.75e-13, 6.44e-11
2022-11-09, 16:30:39, 8.92e-13, 6.46e-11
2022-11-09, 16:30:43, 1.02e-12, 6.46e-11
2022-11-09, 16:30:47, 8.32e-13, 6.47e-11
2022-11-09, 16:30:51, 9.75e-13, 6.48e-11
2022-11-09, 16:30:55, 9.35e-13, 6.46e-11
2022-11-09, 16:31:00, 8.91e-13, 6.45e-11
2022-11-09, 16:31:04, 8.17e-13, 6.47e-11
2022-11-09, 16:31:08, 1.01e-12, 6.46e-11
2022-11-09, 16:31:12, 8.58e-13, 6.49e-11
2022-11-09, 16:31:17, 1.08e-12, 6.49e-11
2022-11-09, 16:31:21, 8.47e-13, 6.46e-11
2022-11-09, 16:31:25, 8.65e-13, 6.46e-11
2022-11-09, 16:31:29, 9.12e-13, 6.45e-11
2022-11-09, 16:31:33, 8.71e-13, 6.47e-11
2022-11-09, 16:31:38, 9.08e-13, 6.46e-11
2022-11-09, 16:31:42, 8.47e-13, 6.46e-11
2022-11-09, 16:31:46, 8.34e-13, 6.47e-11
2022-11-09, 16:31:50, 9.28e-13, 6.5e-11
2022-11-09, 16:31:55, 9.19e-13, 6.49e-11
2022-11-09, 16:31:59, 9.42e-13, 6.47e-11
2022-11-09, 16:32:03, 8.63e-13, 6.51e-11
2022-11-09, 16:32:07, 9.08e-13, 6.48e-11
2022-11-09, 16:32:11, 8.91e-13, 6.49e-11
2022-11-09, 16:32:16, 9.31e-13, 6.48e-11
2022-11-09, 16:32:20, 8.68e-13, 6.48e-11
2022-11-09, 16:32:24, 8.78e-13, 6.46e-11
2022-11-09, 16:32:28, 8.59e-13, 6.48e-11
2022-11-09, 16:32:33, 1.09e-12, 6.46e-11
2022-11-09, 16:32:37, 9.48e-13, 6.49e-11
2022-11-09, 16:32:41, 9.23e-13, 6.47e-11
2022-11-09, 16:32:45, 8.86e-13, 6.47e-11
2022-11-09, 16:32:49, 8.85e-13, 6.5e-11
2022-11-09, 16:32:54, 8.77e-13, 6.48e-11
2022-11-09, 16:32:58, 9.37e-13, 6.49e-11
2022-11-09, 16:33:02, 8.86e-13, 6.48e-11
2022-11-09, 16:33:06, 9.15e-13, 6.47e-11
2022-11-09, 16:33:10, 8.18e-13, 6.46e-11
2022-11-09, 16:33:15, 8.73e-13, 6.5e-11
2022-11-09, 16:33:19, 9.08e-13, 6.47e-11
2022-11-09, 16:33:23, 9.05e-13, 6.47e-11
2022-11-09, 16:33:27, 9.04e-13, 6.48e-11
2022-11-09, 16:33:32, 9.14e-13, 6.48e-11
2022-11-09, 16:33:36, 9.4e-13, 6.48e-11
2022-11-09, 16:33:40, 8.59e-13, 6.48e-11
2022-11-09, 16:33:44, 8.85e-13, 6.49e-11
2022-11-09, 16:33:48, 8.48e-13, 6.47e-11
2022-11-09, 16:33:53, 8.39e-13, 6.48e-11
2022-11-09, 16:33:57, 8.47e-13, 6.47e-11
2022-11-09, 16:34:01, 9.46e-13, 6.48e-11
2022-11-09, 16:34:05, 8.94e-13, 6.48e-11
2022-11-09, 16:34:10, 9.78e-13, 6.48e-11
2022-11-09, 16:34:14, 8.43e-13, 6.46e-11
2022-11-09, 16:34:18, 9.11e-13, 6.49e-11
2022-11-09, 16:34:22, 8.97e-13, 6.46e-11
2022-11-09, 16:34:26, 8.87e-13, 6.5e-11
2022-11-09, 16:34:31, 8.44e-13, 6.48e-11
2022-11-09, 16:34:35, 8.81e-13, 6.48e-11
2022-11-09, 16:34:39, 8.66e-13, 6.48e-11
2022-11-09, 16:34:43, 8.56e-13, 6.46e-11
2022-11-09, 16:34:48, 1.02e-12, 6.46e-11
2022-11-09, 16:34:52, 9.15e-13, 6.46e-11
2022-11-09, 16:34:56, 8.84e-13, 6.45e-11
2022-11-09, 16:35:00, 8.6e-13, 6.46e-11
2022-11-09, 16:35:04, 8.77e-13, 6.49e-11
2022-11-09, 16:35:09, 8.87e-13, 6.46e-11
2022-11-09, 16:35:13, 9.49e-13, 6.46e-11
2022-11-09, 16:35:17, 8.57e-13, 6.47e-11
2022-11-09, 16:35:21, 8.64e-13, 6.47e-11
2022-11-09, 16:35:26, 8.84e-13, 6.47e-11
2022-11-09, 16:35:30, 8.89e-13, 6.46e-11
2022-11-09, 16:35:34, 9.05e-13, 6.48e-11
2022-11-09, 16:35:38, 8.94e-13, 6.47e-11
2022-11-09, 16:35:42, 8.74e-13, 6.47e-11
2022-11-09, 16:35:47, 8.9e-13, 6.46e-11
2022-11-09, 16:35:51, 8.34e-13, 6.46e-11
2022-11-09, 16:35:55, 8.53e-13, 6.46e-11
2022-11-09, 16:35:59, 8.73e-13, 6.47e-11
2022-11-09, 16:36:04, 9.32e-13, 6.48e-11
2022-11-09, 16:36:08, 8.88e-13, 6.48e-11
2022-11-09, 16:36:12, 8.97e-13, 6.46e-11
2022-11-09, 16:36:16, 8.84e-13, 6.48e-11
2022-11-09, 16:36:20, 9.51e-13, 6.45e-11
2022-11-09, 16:36:25, 8.74e-13, 6.45e-11
2022-11-09, 16:36:29, 8.68e-13, 6.47e-11
2022-11-09, 16:36:33, 9.12e-13, 6.46e-11
2022-11-09, 16:36:37, 7.8e-13, 6.44e-11
2022-11-09, 16:36:42, 8.46e-13, 6.45e-11
2022-11-09, 16:36:46, 8.27e-13, 6.44e-11
2022-11-09, 16:36:50, 9.08e-13, 6.45e-11
2022-11-09, 16:36:54, 8.39e-13, 6.44e-11
2022-11-09, 16:36:58, 8.72e-13, 6.46e-11
2022-11-09, 16:37:03, 8.7e-13, 6.46e-11
2022-11-09, 16:37:07, 9.26e-13, 6.46e-11
2022-11-09, 16:37:11, 9.2e-13, 6.46e-11
2022-11-09, 16:37:15, 8.64e-13, 6.46e-11
2022-11-09, 16:37:19, 8.05e-13, 6.48e-11
2022-11-09, 16:37:24, 8.59e-13, 6.47e-11
2022-11-09, 16:37:28, 9.94e-13, 6.46e-11
2022-11-09, 16:37:32, 8.84e-13, 6.46e-11
2022-11-09, 16:37:36, 9.11e-13, 6.47e-11
2022-11-09, 16:37:41, 9.17e-13, 6.47e-11
2022-11-09, 16:37:45, 8.93e-13, 6.46e-11
2022-11-09, 16:37:49, 8.63e-13, 6.49e-11
2022-11-09, 16:37:53, 9.9e-13, 6.49e-11
2022-11-09, 16:37:58, 8.51e-13, 6.45e-11
2022-11-09, 16:38:02, 8.32e-13, 6.47e-11
2022-11-09, 16:38:06, 9.47e-13, 6.47e-11
2022-11-09, 16:38:10, 8.93e-13, 6.46e-11
2022-11-09, 16:38:14, 8.6e-13, 6.47e-11
2022-11-09, 16:38:19, 8.32e-13, 6.46e-11
2022-11-09, 16:38:23, 9.41e-13, 6.47e-11
2022-11-09, 16:38:27, 9.24e-13, 6.45e-11
2022-11-09, 16:38:31, 8.92e-13, 6.45e-11
2022-11-09, 16:38:35, 1.01e-12, 6.45e-11
2022-11-09, 16:38:40, 9.19e-13, 6.45e-11
2022-11-09, 16:38:44, 8.73e-13, 6.48e-11
2022-11-09, 16:38:48, 8.74e-13, 6.45e-11
2022-11-09, 16:38:52, 9.15e-13, 6.46e-11
2022-11-09, 16:38:57, 9.06e-13, 6.46e-11
2022-11-09, 16:39:01, 9.12e-13, 6.46e-11
2022-11-09, 16:39:05, 8.91e-13, 6.55e-11
2022-11-09, 16:39:09, 9.12e-13, 6.53e-11
2022-11-09, 16:39:13, 9.23e-13, 6.47e-11
2022-11-09, 16:39:18, 8.84e-13, 6.55e-11
2022-11-09, 16:39:22, 9.12e-13, 6.55e-11
2022-11-09, 16:39:26, 7.37e-13, 6.47e-11
2022-11-09, 16:39:30, 8.48e-13, 6.47e-11
2022-11-09, 16:39:35, 9.2e-13, 6.48e-11
2022-11-09, 16:39:39, 9.27e-13, 6.45e-11
2022-11-09, 16:39:43, 8.9e-13, 6.47e-11
2022-11-09, 16:39:47, 9.54e-13, 6.47e-11
2022-11-09, 16:39:51, 9.32e-13, 6.44e-11
2022-11-09, 16:39:56, 9.02e-13, 6.51e-11
2022-11-09, 16:40:00, 9.05e-13, 6.47e-11
2022-11-09, 16:40:04, 9.59e-13, 6.47e-11
2022-11-09, 16:40:08, 9.28e-13, 6.46e-11
2022-11-09, 16:40:13, 8.86e-13, 6.47e-11
2022-11-09, 16:40:17, 8.72e-13, 6.48e-11
2022-11-09, 16:40:21, 8.36e-13, 6.46e-11
2022-11-09, 16:40:25, 8.97e-13, 6.45e-11
2022-11-09, 16:40:29, 8.7e-13, 6.47e-11
2022-11-09, 16:40:34, 8.87e-13, 6.48e-11
2022-11-09, 16:40:38, 9.27e-13, 6.49e-11
2022-11-09, 16:40:42, 8.99e-13, 6.45e-11
2022-11-09, 16:40:46, 8.75e-13, 6.46e-11
2022-11-09, 16:40:51, 9.02e-13, 6.46e-11
2022-11-09, 16:40:55, 8.67e-13, 6.47e-11
2022-11-09, 16:40:59, 8.46e-13, 6.48e-11
2022-11-09, 16:41:03, 9.22e-13, 6.46e-11
2022-11-09, 16:41:08, 8.68e-13, 6.49e-11
2022-11-09, 16:41:12, 8.89e-13, 6.47e-11
2022-11-09, 16:41:16, 9.7e-13, 6.46e-11
2022-11-09, 16:41:20, 9.53e-13, 6.47e-11
2022-11-09, 16:41:24, 9.02e-13, 6.5e-11
2022-11-09, 16:41:29, 9.26e-13, 6.49e-11
2022-11-09, 16:41:33, 8.54e-13, 6.48e-11
2022-11-09, 16:41:37, 8.67e-13, 6.48e-11
2022-11-09, 16:41:41, 8.78e-13, 6.49e-11
2022-11-09, 16:41:46, 8.64e-13, 6.47e-11
2022-11-09, 16:41:50, 9.32e-13, 6.48e-11
2022-11-09, 16:41:54, 9.17e-13, 6.47e-11
2022-11-09, 16:41:58, 1.06e-12, 6.48e-11
2022-11-09, 16:42:02, 8.68e-13, 6.47e-11
2022-11-09, 16:42:07, 8.41e-13, 6.47e-11
2022-11-09, 16:42:11, 8.55e-13, 6.49e-11
2022-11-09, 16:42:15, 1.02e-12, 6.47e-11
2022-11-09, 16:42:19, 8.86e-13, 6.44e-11
2022-11-09, 16:42:24, 9.11e-13, 6.46e-11
2022-11-09, 16:42:28, 8.98e-13, 6.5e-11
2022-11-09, 16:42:32, 8.98e-13, 6.46e-11
2022-11-09, 16:42:36, 8.58e-13, 6.51e-11
2022-11-09, 16:42:40, 8.9e-13, 6.47e-11
2022-11-09, 16:42:45, 9.06e-13, 6.49e-11
2022-11-09, 16:42:49, 8.65e-13, 6.5e-11
2022-11-09, 16:42:53, 8.83e-13, 6.6e-11
2022-11-09, 16:42:57, 1.02e-12, 6.5e-11
2022-11-09, 16:43:01, 1.02e-12, 6.54e-11
2022-11-09, 16:43:06, 9.9e-13, 6.46e-11
2022-11-09, 16:43:10, 9.05e-13, 6.48e-11
2022-11-09, 16:43:14, 8.08e-13, 6.49e-11
2022-11-09, 16:43:18, 8.48e-13, 6.49e-11
2022-11-09, 16:43:23, 9.32e-13, 6.49e-11
2022-11-09, 16:43:27, 8.58e-13, 6.48e-11
2022-11-09, 16:43:31, 8.89e-13, 6.48e-11
2022-11-09, 16:43:35, 9.43e-13, 6.47e-11
2022-11-09, 16:43:39, 8.58e-13, 6.47e-11
2022-11-09, 16:43:44, 7.92e-13, 6.46e-11
2022-11-09, 16:43:48, 8.85e-13, 6.46e-11
2022-11-09, 16:43:52, 8.14e-13, 6.46e-11
2022-11-09, 16:43:56, 8.97e-13, 6.44e-11
2022-11-09, 16:44:01, 9.34e-13, 6.44e-11
2022-11-09, 16:44:05, 8.82e-13, 6.45e-11
2022-11-09, 16:44:09, 8.05e-13, 6.53e-11
2022-11-09, 16:44:13, 8.58e-13, 6.45e-11
2022-11-09, 16:44:17, 8.99e-13, 6.43e-11
2022-11-09, 16:44:22, 7.84e-13, 6.43e-11
2022-11-09, 16:44:26, 9.58e-13, 6.44e-11
2022-11-09, 16:44:30, 8.66e-13, 6.45e-11
2022-11-09, 16:44:34, 8.85e-13, 6.44e-11
2022-11-09, 16:44:39, 8.68e-13, 6.43e-11
2022-11-09, 16:44:43, 8.5e-13, 6.44e-11
2022-11-09, 16:44:47, 9.31e-13, 6.49e-11
2022-11-09, 16:44:51, 8.82e-13, 6.49e-11
2022-11-09, 16:44:55, 8.74e-13, 6.45e-11
2022-11-09, 16:45:00, 1e-12, 6.46e-11
2022-11-09, 16:45:04, 8.9e-13, 6.47e-11
2022-11-09, 16:45:08, 9.4e-13, 6.45e-11
2022-11-09, 16:45:12, 1.06e-12, 6.44e-11
2022-11-09, 16:45:17, 8.72e-13, 6.45e-11
2022-11-09, 16:45:21, 1.03e-12, 6.47e-11
2022-11-09, 16:45:25, 9.32e-13, 6.47e-11
2022-11-09, 16:45:29, 9.71e-13, 6.47e-11
2022-11-09, 16:45:33, 8.48e-13, 6.45e-11
2022-11-09, 16:45:38, 7.93e-13, 6.44e-11
2022-11-09, 16:45:42, 9.88e-13, 6.44e-11
2022-11-09, 16:45:46, 8.88e-13, 6.45e-11
2022-11-09, 16:45:50, 9.01e-13, 6.5e-11
2022-11-09, 16:45:55, 9.77e-13, 6.45e-11
2022-11-09, 16:45:59, 8.88e-13, 6.46e-11
2022-11-09, 16:46:03, 1.05e-12, 6.5e-11
2022-11-09, 16:46:07, 8.87e-13, 6.5e-11
2022-11-09, 16:46:11, 9.16e-13, 6.47e-11
2022-11-09, 16:46:16, 9.24e-13, 6.46e-11
2022-11-09, 16:46:20, 9.14e-13, 6.47e-11
2022-11-09, 16:46:24, 7.96e-13, 6.43e-11
2022-11-09, 16:46:28, 9.22e-13, 6.43e-11
2022-11-09, 16:46:32, 9.02e-13, 6.44e-11
2022-11-09, 16:46:37, 9.51e-13, 6.44e-11
2022-11-09, 16:46:41, 9.5e-13, 6.44e-11
2022-11-09, 16:46:45, 8.67e-13, 6.48e-11
2022-11-09, 16:46:49, 8.64e-13, 6.45e-11
2022-11-09, 16:46:54, 9.21e-13, 6.47e-11
2022-11-09, 16:46:58, 9.07e-13, 6.46e-11
2022-11-09, 16:47:02, 8.53e-13, 6.48e-11
2022-11-09, 16:47:06, 9.58e-13, 6.47e-11
2022-11-09, 16:47:10, 9.01e-13, 6.48e-11
2022-11-09, 16:47:15, 8.43e-13, 6.53e-11
2022-11-09, 16:47:19, 8.78e-13, 6.45e-11
2022-11-09, 16:47:23, 9.3e-13, 6.45e-11
2022-11-09, 16:47:27, 9.03e-13, 6.45e-11
2022-11-09, 16:47:32, 8.22e-13, 6.49e-11
2022-11-09, 16:47:36, 9.45e-13, 6.45e-11
2022-11-09, 16:47:40, 9.2e-13, 6.43e-11
2022-11-09, 16:47:44, 8.74e-13, 6.45e-11
2022-11-09, 16:47:48, 8.4e-13, 6.44e-11
2022-11-09, 16:47:53, 8.14e-13, 6.44e-11
2022-11-09, 16:47:57, 8.87e-13, 6.43e-11
2022-11-09, 16:48:01, 9.04e-13, 6.45e-11
2022-11-09, 16:48:05, 8.49e-13, 6.46e-11
2022-11-09, 16:48:10, 9.03e-13, 6.47e-11
2022-11-09, 16:48:14, 8.79e-13, 6.49e-11
2022-11-09, 16:48:18, 9.11e-13, 6.48e-11
2022-11-09, 16:48:22, 8.57e-13, 6.47e-11
2022-11-09, 16:48:26, 8.6e-13, 6.45e-11
2022-11-09, 16:48:31, 8.74e-13, 6.44e-11
2022-11-09, 16:48:35, 8.58e-13, 6.45e-11
2022-11-09, 16:48:39, 9.01e-13, 6.46e-11
2022-11-09, 16:48:43, 9.41e-13, 6.43e-11
2022-11-09, 16:48:48, 8.16e-13, 6.44e-11
2022-11-09, 16:48:52, 1.08e-12, 6.45e-11
2022-11-09, 16:48:56, 8.62e-13, 6.44e-11
2022-11-09, 16:49:00, 8.94e-13, 6.43e-11
2022-11-09, 16:49:04, 8.77e-13, 6.44e-11
2022-11-09, 16:49:09, 8.93e-13, 6.44e-11
2022-11-09, 16:49:13, 8.54e-13, 6.46e-11
2022-11-09, 16:49:17, 8.75e-13, 6.44e-11
2022-11-09, 16:49:21, 8.28e-13, 6.43e-11
2022-11-09, 16:49:26, 8.52e-13, 6.44e-11
2022-11-09, 16:49:30, 7.73e-13, 6.42e-11
2022-11-09, 16:49:34, 8.58e-13, 6.49e-11
2022-11-09, 16:49:38, 8.53e-13, 6.44e-11
2022-11-09, 16:49:42, 8.77e-13, 6.44e-11
2022-11-09, 16:49:47, 9.01e-13, 6.43e-11
2022-11-09, 16:49:51, 7.88e-13, 6.42e-11
2022-11-09, 16:49:55, 9.19e-13, 6.44e-11
2022-11-09, 16:49:59, 8.96e-13, 6.44e-11
2022-11-09, 16:50:04, 9.02e-13, 6.46e-11
2022-11-09, 16:50:08, 8.99e-13, 6.48e-11
2022-11-09, 16:50:12, 7.92e-13, 6.44e-11
2022-11-09, 16:50:16, 8.23e-13, 6.45e-11
2022-11-09, 16:50:20, 9.01e-13, 6.45e-11
2022-11-09, 16:50:25, 8.85e-13, 6.44e-11
2022-11-09, 16:50:29, 9.33e-13, 6.51e-11
2022-11-09, 16:50:33, 9.23e-13, 6.51e-11
2022-11-09, 16:50:37, 8.69e-13, 6.46e-11
2022-11-09, 16:50:42, 9.36e-13, 6.45e-11
2022-11-09, 16:50:46, 8.74e-13, 6.46e-11
2022-11-09, 16:50:50, 8.76e-13, 6.46e-11
2022-11-09, 16:50:54, 8.8e-13, 6.47e-11
2022-11-09, 16:50:58, 9.85e-13, 6.48e-11
2022-11-09, 16:51:03, 8.69e-13, 6.5e-11
2022-11-09, 16:51:07, 9.65e-13, 6.5e-11
2022-11-09, 16:51:11, 9.39e-13, 6.45e-11
2022-11-09, 16:51:15, 9.24e-13, 6.46e-11
2022-11-09, 16:51:19, 8.75e-13, 6.44e-11
2022-11-09, 16:51:24, 8.52e-13, 6.46e-11
2022-11-09, 16:51:28, 8.82e-13, 6.49e-11
2022-11-09, 16:51:32, 9.37e-13, 6.47e-11
2022-11-09, 16:51:36, 8.97e-13, 6.49e-11
2022-11-09, 16:51:41, 8.94e-13, 6.49e-11
2022-11-09, 16:51:45, 8.86e-13, 6.49e-11
2022-11-09, 16:51:49, 9.12e-13, 6.46e-11
2022-11-09, 16:51:53, 8.38e-13, 6.51e-11
2022-11-09, 16:51:57, 7.29e-13, 6.49e-11
2022-11-09, 16:52:02, 8.63e-13, 6.47e-11
2022-11-09, 16:52:06, 8.41e-13, 6.44e-11
2022-11-09, 16:52:10, 8.49e-13, 6.52e-11
2022-11-09, 16:52:14, 9.98e-13, 6.45e-11
2022-11-09, 16:52:19, 9.9e-13, 6.46e-11
2022-11-09, 16:52:23, 8.82e-13, 6.49e-11
2022-11-09, 16:52:27, 8.64e-13, 6.46e-11
2022-11-09, 16:52:31, 8.88e-13, 6.49e-11
2022-11-09, 16:52:35, 9.6e-13, 6.44e-11
2022-11-09, 16:52:40, 8.64e-13, 6.5e-11
2022-11-09, 16:52:44, 8.9e-13, 6.44e-11
2022-11-09, 16:52:48, 8.83e-13, 6.46e-11
2022-11-09, 16:52:52, 8.81e-13, 6.47e-11
2022-11-09, 16:52:57, 8.87e-13, 6.48e-11
2022-11-09, 16:53:01, 9.2e-13, 6.48e-11
2022-11-09, 16:53:05, 8.85e-13, 6.55e-11
2022-11-09, 16:53:09, 8.94e-13, 6.46e-11
2022-11-09, 16:53:13, 9.26e-13, 6.46e-11
2022-11-09, 16:53:18, 9.04e-13, 6.47e-11
2022-11-09, 16:53:22, 9.28e-13, 6.47e-11
2022-11-09, 16:53:26, 9.68e-13, 6.48e-11
2022-11-09, 16:53:30, 8.47e-13, 6.48e-11
2022-11-09, 16:53:35, 7.36e-13, 6.57e-11
2022-11-09, 16:53:39, 9.13e-13, 6.53e-11
2022-11-09, 16:53:43, 8.64e-13, 6.55e-11
2022-11-09, 16:53:47, 8.44e-13, 6.57e-11
2022-11-09, 16:53:51, 8.96e-13, 6.58e-11
2022-11-09, 16:53:56, 9.12e-13, 6.53e-11
2022-11-09, 16:54:00, 9.12e-13, 6.5e-11
2022-11-09, 16:54:04, 9.09e-13, 6.57e-11
2022-11-09, 16:54:08, 8.79e-13, 6.52e-11
2022-11-09, 16:54:13, 9.29e-13, 6.51e-11
2022-11-09, 16:54:17, 8.57e-13, 6.5e-11
2022-11-09, 16:54:21, 9.45e-13, 6.53e-11
2022-11-09, 16:54:25, 9.03e-13, 6.54e-11
2022-11-09, 16:54:29, 8.79e-13, 6.56e-11
2022-11-09, 16:54:34, 8.69e-13, 6.54e-11
2022-11-09, 16:54:38, 8.61e-13, 6.57e-11
2022-11-09, 16:54:42, 8.84e-13, 6.67e-11
2022-11-09, 16:54:46, 9.06e-13, 6.58e-11
2022-11-09, 16:54:50, 1e-12, 6.58e-11
2022-11-09, 16:54:55, 9.09e-13, 6.55e-11
2022-11-09, 16:54:59, 9.01e-13, 6.52e-11
2022-11-09, 16:55:03, 8.52e-13, 6.55e-11
2022-11-09, 16:55:07, 8.81e-13, 6.52e-11
2022-11-09, 16:55:12, 8.79e-13, 6.53e-11
2022-11-09, 16:55:16, 8.34e-13, 6.51e-11
2022-11-09, 16:55:20, 8.71e-13, 6.57e-11
2022-11-09, 16:55:24, 8.5e-13, 6.57e-11
2022-11-09, 16:55:28, 8.27e-13, 6.54e-11
2022-11-09, 16:55:33, 9.24e-13, 6.56e-11
2022-11-09, 16:55:37, 8.93e-13, 6.61e-11
2022-11-09, 16:55:41, 8.75e-13, 6.5e-11
2022-11-09, 16:55:45, 9.14e-13, 6.6e-11
2022-11-09, 16:55:50, 8.11e-13, 6.59e-11
2022-11-09, 16:55:54, 9.12e-13, 6.58e-11
2022-11-09, 16:55:58, 8.69e-13, 6.53e-11
2022-11-09, 16:56:02, 9.08e-13, 6.55e-11
2022-11-09, 16:56:06, 9.58e-13, 6.53e-11
2022-11-09, 16:56:11, 8.76e-13, 6.53e-11
2022-11-09, 16:56:15, 8.9e-13, 6.56e-11
2022-11-09, 16:56:19, 9.15e-13, 6.53e-11
2022-11-09, 16:56:23, 9.21e-13, 6.55e-11
2022-11-09, 16:56:28, 8.9e-13, 6.57e-11
2022-11-09, 16:56:32, 8.57e-13, 6.56e-11
2022-11-09, 16:56:36, 8.83e-13, 6.48e-11
2022-11-09, 16:56:40, 1.06e-12, 6.51e-11
2022-11-09, 16:56:44, 8.89e-13, 6.52e-11
2022-11-09, 16:56:49, 9.42e-13, 6.5e-11
2022-11-09, 16:56:53, 8.31e-13, 6.49e-11
2022-11-09, 16:56:57, 9.05e-13, 6.5e-11
2022-11-09, 16:57:01, 8.95e-13, 6.49e-11
2022-11-09, 16:57:06, 9.74e-13, 6.5e-11
2022-11-09, 16:57:10, 8.78e-13, 6.51e-11
2022-11-09, 16:57:14, 8.31e-13, 6.5e-11
2022-11-09, 16:57:18, 8.62e-13, 6.48e-11
2022-11-09, 16:57:22, 8.22e-13, 6.53e-11
2022-11-09, 16:57:27, 9.02e-13, 6.49e-11
2022-11-09, 16:57:31, 8.75e-13, 6.48e-11
2022-11-09, 16:57:35, 8.51e-13, 6.48e-11
2022-11-09, 16:57:39, 9.06e-13, 6.5e-11
2022-11-09, 16:57:44, 8.83e-13, 6.53e-11
2022-11-09, 16:57:48, 8.91e-13, 6.54e-11
2022-11-09, 16:57:52, 8.6e-13, 6.57e-11
2022-11-09, 16:57:56, 8.61e-13, 6.54e-11
2022-11-09, 16:58:00, 9.22e-13, 6.52e-11
2022-11-09, 16:58:05, 8.8e-13, 6.53e-11
2022-11-09, 16:58:09, 9.03e-13, 6.53e-11
2022-11-09, 16:58:13, 8.65e-13, 6.51e-11
2022-11-09, 16:58:17, 7.99e-13, 6.52e-11
2022-11-09, 16:58:22, 9.19e-13, 6.53e-11
2022-11-09, 16:58:26, 7.18e-13, 6.58e-11
2022-11-09, 16:58:30, 9.44e-13, 6.55e-11
2022-11-09, 16:58:34, 8.74e-13, 6.53e-11
2022-11-09, 16:58:38, 8.6e-13, 6.49e-11
2022-11-09, 16:58:43, 8.47e-13, 6.48e-11
2022-11-09, 16:58:47, 8.97e-13, 6.47e-11
2022-11-09, 16:58:51, 9.48e-13, 6.49e-11
2022-11-09, 16:58:55, 8.51e-13, 6.49e-11
2022-11-09, 16:58:59, 8.4e-13, 6.5e-11
2022-11-09, 16:59:04, 8.78e-13, 6.47e-11
2022-11-09, 16:59:08, 8.91e-13, 6.5e-11
2022-11-09, 16:59:12, 8.83e-13, 6.49e-11
2022-11-09, 16:59:16, 8.04e-13, 6.5e-11
2022-11-09, 16:59:21, 8.89e-13, 6.49e-11
2022-11-09, 16:59:25, 8.52e-13, 6.5e-11
2022-11-09, 16:59:29, 8.09e-13, 6.51e-11
2022-11-09, 16:59:33, 8.54e-13, 6.46e-11
2022-11-09, 16:59:37, 9.39e-13, 6.46e-11
2022-11-09, 16:59:42, 8.6e-13, 6.45e-11
2022-11-09, 16:59:46, 9.16e-13, 6.46e-11
2022-11-09, 16:59:50, 9.07e-13, 6.47e-11
2022-11-09, 16:59:54, 8.64e-13, 6.46e-11
2022-11-09, 16:59:59, 9.01e-13, 6.46e-11
2022-11-09, 17:00:03, 8.74e-13, 6.46e-11
2022-11-09, 17:00:07, 8.95e-13, 6.46e-11
2022-11-09, 17:00:11, 8.67e-13, 6.46e-11
2022-11-09, 17:00:15, 9.06e-13, 6.49e-11
2022-11-09, 17:00:20, 8.87e-13, 6.45e-11
2022-11-09, 17:00:24, 9.12e-13, 6.48e-11
2022-11-09, 17:00:28, 8.89e-13, 6.46e-11
2022-11-09, 17:00:32, 8.84e-13, 6.46e-11
2022-11-09, 17:00:37, 9.13e-13, 6.45e-11
2022-11-09, 17:00:41, 8.75e-13, 6.45e-11
2022-11-09, 17:00:45, 8.84e-13, 6.44e-11
2022-11-09, 17:00:49, 9e-13, 6.44e-11
2022-11-09, 17:00:53, 8.67e-13, 6.44e-11
2022-11-09, 17:00:58, 8.81e-13, 6.45e-11
2022-11-09, 17:01:02, 8.63e-13, 6.44e-11
2022-11-09, 17:01:06, 9.31e-13, 6.45e-11
2022-11-09, 17:01:10, 8.68e-13, 6.45e-11
2022-11-09, 17:01:15, 8.26e-13, 6.45e-11
2022-11-09, 17:01:19, 7.9e-13, 6.48e-11
2022-11-09, 17:01:23, 8.61e-13, 6.47e-11
2022-11-09, 17:01:27, 8.44e-13, 6.46e-11
2022-11-09, 17:01:31, 9.28e-13, 6.52e-11
2022-11-09, 17:01:36, 1.02e-12, 6.54e-11
2022-11-09, 17:01:40, 7.46e-13, 6.48e-11
2022-11-09, 17:01:44, 8.8e-13, 6.49e-11
2022-11-09, 17:01:48, 9.11e-13, 6.49e-11
2022-11-09, 17:01:53, 9.26e-13, 6.48e-11
2022-11-09, 17:01:57, 8.53e-13, 6.44e-11
2022-11-09, 17:02:01, 1.09e-12, 6.45e-11
2022-11-09, 17:02:05, 9.64e-13, 6.45e-11
2022-11-09, 17:02:09, 9.73e-13, 6.44e-11
2022-11-09, 17:02:14, 8.16e-13, 6.48e-11
2022-11-09, 17:02:18, 9.04e-13, 6.46e-11
2022-11-09, 17:02:22, 8.46e-13, 6.47e-11
2022-11-09, 17:02:26, 8.24e-13, 6.47e-11
2022-11-09, 17:02:31, 8.97e-13, 6.48e-11
2022-11-09, 17:02:35, 8.76e-13, 6.49e-11
2022-11-09, 17:02:39, 9.4e-13, 6.48e-11
2022-11-09, 17:02:43, 8.63e-13, 6.51e-11
2022-11-09, 17:02:47, 9.28e-13, 6.45e-11
2022-11-09, 17:02:52, 8.8e-13, 6.46e-11
2022-11-09, 17:02:56, 8.74e-13, 6.45e-11
2022-11-09, 17:03:00, 8.91e-13, 6.47e-11
2022-11-09, 17:03:04, 9.18e-13, 6.48e-11
2022-11-09, 17:03:08, 8.77e-13, 6.49e-11
2022-11-09, 17:03:13, 9.56e-13, 6.51e-11
2022-11-09, 17:03:17, 8.96e-13, 6.47e-11
2022-11-09, 17:03:21, 7.5e-13, 6.54e-11
2022-11-09, 17:03:25, 7.35e-13, 6.53e-11
2022-11-09, 17:03:30, 8.27e-13, 6.47e-11
2022-11-09, 17:03:34, 8.86e-13, 6.49e-11
2022-11-09, 17:03:38, 8.1e-13, 6.47e-11
2022-11-09, 17:03:42, 7.8e-13, 6.46e-11
2022-11-09, 17:03:46, 8.93e-13, 6.46e-11
2022-11-09, 17:03:51, 9.1e-13, 6.45e-11
2022-11-09, 17:03:55, 8.99e-13, 6.61e-11
2022-11-09, 17:03:59, 1.15e-12, 6.46e-11
2022-11-09, 17:04:03, 8.3e-13, 6.45e-11
2022-11-09, 17:04:08, 8.85e-13, 6.44e-11
2022-11-09, 17:04:12, 8.61e-13, 6.56e-11
2022-11-09, 17:04:16, 8.52e-13, 6.46e-11
2022-11-09, 17:04:20, 9.37e-13, 6.62e-11
2022-11-09, 17:04:24, 8.86e-13, 6.6e-11
2022-11-09, 17:04:29, 8.19e-13, 6.45e-11
2022-11-09, 17:04:33, 8.98e-13, 6.47e-11
2022-11-09, 17:04:37, 9.53e-13, 6.45e-11
2022-11-09, 17:04:41, 9.33e-13, 6.46e-11
2022-11-09, 17:04:46, 9.41e-13, 6.48e-11
2022-11-09, 17:04:50, 8.75e-13, 6.53e-11
2022-11-09, 17:04:54, 9.23e-13, 6.52e-11
2022-11-09, 17:04:58, 8.65e-13, 6.48e-11
2022-11-09, 17:05:02, 9.17e-13, 6.46e-11
2022-11-09, 17:05:07, 8.28e-13, 6.53e-11
2022-11-09, 17:05:11, 8.79e-13, 6.52e-11
2022-11-09, 17:05:15, 8.54e-13, 6.56e-11
2022-11-09, 17:05:19, 8.96e-13, 6.52e-11
2022-11-09, 17:05:24, 9.07e-13, 6.46e-11
2022-11-09, 17:05:28, 8.55e-13, 6.46e-11
2022-11-09, 17:05:32, 8.9e-13, 6.48e-11
2022-11-09, 17:05:36, 8.81e-13, 6.45e-11
2022-11-09, 17:05:40, 8.5e-13, 6.47e-11
2022-11-09, 17:05:45, 9.17e-13, 6.49e-11
2022-11-09, 17:05:49, 9.05e-13, 6.61e-11
2022-11-09, 17:05:53, 8.66e-13, 6.57e-11
2022-11-09, 17:05:57, 9.91e-13, 6.48e-11
2022-11-09, 17:06:02, 8.55e-13, 6.49e-11
2022-11-09, 17:06:06, 8.95e-13, 6.5e-11
2022-11-09, 17:06:10, 8.99e-13, 6.46e-11
2022-11-09, 17:06:14, 9.57e-13, 6.49e-11
2022-11-09, 17:06:18, 8.54e-13, 6.49e-11
2022-11-09, 17:06:23, 9.75e-13, 6.45e-11
2022-11-09, 17:06:27, 8.11e-13, 6.47e-11
2022-11-09, 17:06:31, 8.83e-13, 6.47e-11
2022-11-09, 17:06:35, 8.64e-13, 6.47e-11
2022-11-09, 17:06:40, 9.16e-13, 6.46e-11
2022-11-09, 17:06:44, 9.34e-13, 6.48e-11
2022-11-09, 17:06:48, 8.47e-13, 6.47e-11
2022-11-09, 17:06:52, 9.1e-13, 6.48e-11
2022-11-09, 17:06:56, 8.79e-13, 6.49e-11
2022-11-09, 17:07:01, 9.06e-13, 6.46e-11
2022-11-09, 17:07:05, 8.71e-13, 6.47e-11
2022-11-09, 17:07:09, 8.91e-13, 6.46e-11
2022-11-09, 17:07:13, 8.82e-13, 6.48e-11
2022-11-09, 17:07:17, 9.09e-13, 6.5e-11
2022-11-09, 17:07:22, 8.03e-13, 6.47e-11
2022-11-09, 17:07:26, 9.06e-13, 6.47e-11
2022-11-09, 17:07:30, 1.02e-12, 6.48e-11
2022-11-09, 17:07:34, 8.93e-13, 6.48e-11
2022-11-09, 17:07:39, 9.26e-13, 6.48e-11
2022-11-09, 17:07:43, 9.35e-13, 6.47e-11
2022-11-09, 17:07:47, 7.57e-13, 6.5e-11
2022-11-09, 17:07:51, 8.91e-13, 6.48e-11
2022-11-09, 17:07:55, 9.13e-13, 6.49e-11
2022-11-09, 17:08:00, 8.6e-13, 6.64e-11
2022-11-09, 17:08:04, 9.16e-13, 6.51e-11
2022-11-09, 17:08:08, 7.93e-13, 6.49e-11
2022-11-09, 17:08:12, 8.71e-13, 6.48e-11
2022-11-09, 17:08:17, 8.63e-13, 6.49e-11
2022-11-09, 17:08:21, 8.23e-13, 6.5e-11
2022-11-09, 17:08:25, 8.98e-13, 6.47e-11
2022-11-09, 17:08:29, 8.48e-13, 6.49e-11
2022-11-09, 17:08:33, 8.84e-13, 6.5e-11
2022-11-09, 17:08:38, 8.66e-13, 6.47e-11
2022-11-09, 17:08:42, 9.61e-13, 6.46e-11
2022-11-09, 17:08:46, 8.94e-13, 6.48e-11
2022-11-09, 17:08:50, 8.05e-13, 6.47e-11
2022-11-09, 17:08:55, 8.96e-13, 6.5e-11
2022-11-09, 17:08:59, 9.46e-13, 6.47e-11
2022-11-09, 17:09:03, 9.83e-13, 6.49e-11
2022-11-09, 17:09:07, 8.86e-13, 6.49e-11
2022-11-09, 17:09:11, 8.56e-13, 6.49e-11
2022-11-09, 17:09:16, 9.41e-13, 6.57e-11
2022-11-09, 17:09:20, 9.07e-13, 6.55e-11
2022-11-09, 17:09:24, 8.41e-13, 6.54e-11
2022-11-09, 17:09:28, 8.61e-13, 6.5e-11
2022-11-09, 17:09:33, 8.59e-13, 6.5e-11
2022-11-09, 17:09:37, 9.24e-13, 6.49e-11
2022-11-09, 17:09:41, 8.58e-13, 6.47e-11
2022-11-09, 17:09:45, 8.92e-13, 6.49e-11
2022-11-09, 17:09:49, 9.12e-13, 6.5e-11
2022-11-09, 17:09:54, 9.2e-13, 6.5e-11
2022-11-09, 17:09:58, 8.94e-13, 6.53e-11
2022-11-09, 17:10:02, 8.72e-13, 6.57e-11
2022-11-09, 17:10:06, 9.06e-13, 6.55e-11
2022-11-09, 17:10:11, 9.59e-13, 6.51e-11
2022-11-09, 17:10:15, 1.03e-12, 6.55e-11
2022-11-09, 17:10:19, 9.03e-13, 6.49e-11
2022-11-09, 17:10:23, 9.8e-13, 6.51e-11
2022-11-09, 17:10:27, 9.25e-13, 6.52e-11
2022-11-09, 17:10:32, 9.09e-13, 6.48e-11
2022-11-09, 17:10:36, 8.71e-13, 6.5e-11
2022-11-09, 17:10:40, 9.39e-13, 6.53e-11
2022-11-09, 17:10:44, 8.98e-13, 6.53e-11
2022-11-09, 17:10:48, 9.37e-13, 6.53e-11
2022-11-09, 17:10:53, 8.97e-13, 6.55e-11
2022-11-09, 17:10:57, 8.87e-13, 6.53e-11
2022-11-09, 17:11:01, 9.09e-13, 6.52e-11
2022-11-09, 17:11:05, 8.53e-13, 6.54e-11
2022-11-09, 17:11:10, 1.05e-12, 6.54e-11
2022-11-09, 17:11:14, 9e-13, 6.55e-11
2022-11-09, 17:11:18, 8.79e-13, 6.52e-11
2022-11-09, 17:11:22, 8.67e-13, 6.53e-11
2022-11-09, 17:11:26, 9.03e-13, 6.53e-11
2022-11-09, 17:11:31, 9.38e-13, 6.51e-11
2022-11-09, 17:11:35, 9.12e-13, 6.55e-11
2022-11-09, 17:11:39, 9.21e-13, 6.55e-11
2022-11-09, 17:11:43, 8.87e-13, 6.54e-11
2022-11-09, 17:11:48, 9.19e-13, 6.53e-11
2022-11-09, 17:11:52, 9.27e-13, 6.52e-11
2022-11-09, 17:11:56, 8.1e-13, 6.53e-11
2022-11-09, 17:12:00, 8.44e-13, 6.53e-11
2022-11-09, 17:12:04, 8.6e-13, 6.51e-11
2022-11-09, 17:12:09, 1.04e-12, 6.58e-11
2022-11-09, 17:12:13, 8.83e-13, 6.59e-11
2022-11-09, 17:12:17, 8.77e-13, 6.62e-11
2022-11-09, 17:12:21, 8.44e-13, 6.51e-11
2022-11-09, 17:12:26, 8.49e-13, 6.49e-11
2022-11-09, 17:12:30, 8.69e-13, 6.49e-11
2022-11-09, 17:12:34, 9.26e-13, 6.53e-11
2022-11-09, 17:12:38, 8.66e-13, 6.64e-11
2022-11-09, 17:12:42, 8.57e-13, 6.62e-11
2022-11-09, 17:12:47, 9.33e-13, 6.62e-11
2022-11-09, 17:12:51, 9e-13, 6.68e-11
2022-11-09, 17:12:55, 9.57e-13, 6.61e-11
2022-11-09, 17:12:59, 8.82e-13, 6.6e-11
2022-11-09, 17:13:04, 8.99e-13, 6.6e-11
2022-11-09, 17:13:08, 8.39e-13, 6.58e-11
2022-11-09, 17:13:12, 9.31e-13, 6.59e-11
2022-11-09, 17:13:16, 9e-13, 6.64e-11
2022-11-09, 17:13:20, 8.71e-13, 6.65e-11
2022-11-09, 17:13:25, 8.47e-13, 6.62e-11
2022-11-09, 17:13:29, 9.21e-13, 6.63e-11
2022-11-09, 17:13:33, 6.82e-13, 6.67e-11
2022-11-09, 17:13:37, 9.22e-13, 6.66e-11
2022-11-09, 17:13:42, 8.88e-13, 6.62e-11
2022-11-09, 17:13:46, 8.65e-13, 6.63e-11
2022-11-09, 17:13:50, 9.53e-13, 6.64e-11
2022-11-09, 17:13:54, 9.31e-13, 6.64e-11
2022-11-09, 17:13:58, 8.87e-13, 6.61e-11
2022-11-09, 17:14:03, 9.16e-13, 6.59e-11
2022-11-09, 17:14:07, 9.05e-13, 6.61e-11
2022-11-09, 17:14:11, 9.13e-13, 6.63e-11
2022-11-09, 17:14:15, 8.9e-13, 6.62e-11
2022-11-09, 17:14:20, 7.46e-13, 6.6e-11
2022-11-09, 17:14:24, 8.91e-13, 6.6e-11
2022-11-09, 17:14:28, 9.19e-13, 6.65e-11
2022-11-09, 17:14:32, 8.09e-13, 6.61e-11
2022-11-09, 17:14:36, 8.77e-13, 6.6e-11
2022-11-09, 17:14:41, 9.51e-13, 6.64e-11
2022-11-09, 17:14:45, 9.28e-13, 6.62e-11
2022-11-09, 17:14:49, 8.81e-13, 6.64e-11
2022-11-09, 17:14:53, 9.13e-13, 6.61e-11
2022-11-09, 17:14:58, 9.11e-13, 6.68e-11
2022-11-09, 17:15:02, 8.79e-13, 6.6e-11
2022-11-09, 17:15:06, 9.23e-13, 6.65e-11
2022-11-09, 17:15:10, 9.19e-13, 6.6e-11
2022-11-09, 17:15:14, 8.62e-13, 6.6e-11
2022-11-09, 17:15:19, 1.04e-12, 6.64e-11
2022-11-09, 17:15:23, 1.01e-12, 6.61e-11
2022-11-09, 17:15:27, 8.99e-13, 6.63e-11
2022-11-09, 17:15:31, 8.38e-13, 6.64e-11
2022-11-09, 17:15:36, 8.77e-13, 6.59e-11
2022-11-09, 17:15:40, 8.77e-13, 6.63e-11
2022-11-09, 17:15:44, 9.08e-13, 6.64e-11
2022-11-09, 17:15:48, 8.83e-13, 6.63e-11
2022-11-09, 17:15:52, 8.76e-13, 6.63e-11
2022-11-09, 17:15:57, 8.96e-13, 6.6e-11
2022-11-09, 17:16:01, 7.79e-13, 6.64e-11
2022-11-09, 17:16:05, 8.29e-13, 6.62e-11
2022-11-09, 17:16:09, 8.77e-13, 6.65e-11
2022-11-09, 17:16:13, 8.45e-13, 6.63e-11
2022-11-09, 17:16:18, 8.6e-13, 6.69e-11
2022-11-09, 17:16:22, 8.95e-13, 6.67e-11
2022-11-09, 17:16:26, 8.91e-13, 6.61e-11
2022-11-09, 17:16:30, 9.4e-13, 6.62e-11
2022-11-09, 17:16:35, 8.99e-13, 6.59e-11
2022-11-09, 17:16:39, 8.85e-13, 6.64e-11
2022-11-09, 17:16:43, 9.22e-13, 6.61e-11
2022-11-09, 17:16:47, 9.01e-13, 6.59e-11
2022-11-09, 17:16:52, 9.27e-13, 6.63e-11
2022-11-09, 17:16:56, 8.92e-13, 6.6e-11
2022-11-09, 17:17:00, 8.79e-13, 6.62e-11
2022-11-09, 17:17:04, 8.79e-13, 6.64e-11
2022-11-09, 17:17:08, 9.42e-13, 6.62e-11
2022-11-09, 17:17:13, 9.96e-13, 6.62e-11
2022-11-09, 17:17:17, 9.57e-13, 6.61e-11
2022-11-09, 17:17:21, 8.91e-13, 6.64e-11
2022-11-09, 17:17:25, 8.98e-13, 6.6e-11
2022-11-09, 17:17:30, 8.99e-13, 6.63e-11
2022-11-09, 17:17:34, 9.02e-13, 6.68e-11
2022-11-09, 17:17:38, 8.56e-13, 6.68e-11
2022-11-09, 17:17:42, 8.94e-13, 6.6e-11
2022-11-09, 17:17:46, 9e-13, 6.61e-11
2022-11-09, 17:17:51, 8.55e-13, 6.64e-11
2022-11-09, 17:17:55, 8.47e-13, 6.65e-11
2022-11-09, 17:17:59, 8.86e-13, 6.64e-11
2022-11-09, 17:18:03, 8.97e-13, 6.6e-11
2022-11-09, 17:18:08, 9.19e-13, 6.65e-11
2022-11-09, 17:18:12, 1.02e-12, 6.63e-11
2022-11-09, 17:18:16, 8.92e-13, 6.62e-11
2022-11-09, 17:18:20, 8.57e-13, 6.62e-11
2022-11-09, 17:18:24, 9.14e-13, 6.59e-11
2022-11-09, 17:18:29, 9.26e-13, 6.57e-11
2022-11-09, 17:18:33, 8.53e-13, 6.6e-11
2022-11-09, 17:18:37, 8.82e-13, 6.61e-11
2022-11-09, 17:18:41, 8.54e-13, 6.65e-11
2022-11-09, 17:18:46, 8.58e-13, 6.65e-11
2022-11-09, 17:18:50, 8.96e-13, 6.6e-11
2022-11-09, 17:18:54, 8.81e-13, 6.64e-11
2022-11-09, 17:18:58, 8.86e-13, 6.6e-11
2022-11-09, 17:19:02, 8.58e-13, 6.57e-11
2022-11-09, 17:19:07, 8.65e-13, 6.58e-11
2022-11-09, 17:19:11, 8.84e-13, 6.63e-11
2022-11-09, 17:19:15, 8.92e-13, 6.63e-11
2022-11-09, 17:19:19, 8.27e-13, 6.64e-11
2022-11-09, 17:19:24, 8.84e-13, 6.57e-11
2022-11-09, 17:19:28, 8.47e-13, 6.62e-11
2022-11-09, 17:19:32, 8.47e-13, 6.62e-11
2022-11-09, 17:19:36, 9.47e-13, 6.61e-11
2022-11-09, 17:19:40, 8.62e-13, 6.59e-11
2022-11-09, 17:19:45, 8.9e-13, 6.6e-11
2022-11-09, 17:19:49, 8.94e-13, 6.58e-11
2022-11-09, 17:19:53, 9.41e-13, 6.6e-11
2022-11-09, 17:19:57, 8.63e-13, 6.6e-11
2022-11-09, 17:20:01, 9.09e-13, 6.59e-11
2022-11-09, 17:20:06, 9.07e-13, 6.63e-11
2022-11-09, 17:20:10, 8.82e-13, 6.57e-11
2022-11-09, 17:20:14, 9.07e-13, 6.61e-11
2022-11-09, 17:20:18, 1e-12, 6.57e-11
2022-11-09, 17:20:23, 9.76e-13, 6.58e-11
2022-11-09, 17:20:27, 8.92e-13, 6.57e-11
2022-11-09, 17:20:31, 9.22e-13, 6.65e-11
2022-11-09, 17:20:35, 9.29e-13, 6.58e-11
2022-11-09, 17:20:39, 9.04e-13, 6.61e-11
2022-11-09, 17:20:44, 8.67e-13, 6.6e-11
2022-11-09, 17:20:48, 8.6e-13, 6.58e-11
2022-11-09, 17:20:52, 8.67e-13, 6.62e-11
2022-11-09, 17:20:56, 8.7e-13, 6.61e-11
2022-11-09, 17:21:01, 8.78e-13, 6.59e-11
2022-11-09, 17:21:05, 8.39e-13, 6.61e-11
2022-11-09, 17:21:09, 9.17e-13, 6.63e-11
2022-11-09, 17:21:13, 8.96e-13, 6.61e-11
2022-11-09, 17:21:17, 8.68e-13, 6.68e-11
2022-11-09, 17:21:22, 9.43e-13, 6.63e-11
2022-11-09, 17:21:26, 8.52e-13, 6.58e-11
2022-11-09, 17:21:30, 8.66e-13, 6.64e-11
2022-11-09, 17:21:34, 8.96e-13, 6.67e-11
2022-11-09, 17:21:39, 8.07e-13, 6.67e-11
2022-11-09, 17:21:43, 1.02e-12, 6.66e-11
2022-11-09, 17:21:47, 8.82e-13, 6.64e-11
2022-11-09, 17:21:51, 8.75e-13, 6.65e-11
2022-11-09, 17:21:55, 8.84e-13, 6.58e-11
2022-11-09, 17:22:00, 9.64e-13, 6.63e-11
2022-11-09, 17:22:04, 9.07e-13, 6.61e-11
2022-11-09, 17:22:08, 9.21e-13, 6.58e-11
2022-11-09, 17:22:12, 9.03e-13, 6.6e-11
2022-11-09, 17:22:17, 8.2e-13, 6.62e-11
2022-11-09, 17:22:21, 8.17e-13, 6.6e-11
2022-11-09, 17:22:25, 9.77e-13, 6.62e-11
2022-11-09, 17:22:29, 9.4e-13, 6.63e-11
2022-11-09, 17:22:33, 9.08e-13, 6.62e-11
2022-11-09, 17:22:38, 9.34e-13, 6.62e-11
2022-11-09, 17:22:42, 8.57e-13, 6.64e-11
2022-11-09, 17:22:46, 8.96e-13, 6.61e-11
2022-11-09, 17:22:50, 8.61e-13, 6.62e-11
2022-11-09, 17:22:55, 8.88e-13, 6.6e-11
2022-11-09, 17:22:59, 9.21e-13, 6.58e-11
2022-11-09, 17:23:03, 9.32e-13, 6.6e-11
2022-11-09, 17:23:07, 9.12e-13, 6.6e-11
2022-11-09, 17:23:11, 9.08e-13, 6.63e-11
2022-11-09, 17:23:16, 8.59e-13, 6.61e-11
2022-11-09, 17:23:20, 8.57e-13, 6.62e-11
2022-11-09, 17:23:24, 8.72e-13, 6.62e-11
2022-11-09, 17:23:28, 8.09e-13, 6.63e-11
2022-11-09, 17:23:33, 8.87e-13, 6.64e-11
2022-11-09, 17:23:37, 8.43e-13, 6.63e-11
2022-11-09, 17:23:41, 9.12e-13, 6.66e-11
2022-11-09, 17:23:45, 8.96e-13, 6.63e-11
2022-11-09, 17:23:49, 8.1e-13, 6.58e-11
2022-11-09, 17:23:54, 8.65e-13, 6.63e-11
2022-11-09, 17:23:58, 9.04e-13, 6.64e-11
2022-11-09, 17:24:02, 8.73e-13, 6.59e-11
2022-11-09, 17:24:06, 8.7e-13, 6.6e-11
2022-11-09, 17:24:11, 8e-13, 6.6e-11
2022-11-09, 17:24:15, 8.33e-13, 6.58e-11
2022-11-09, 17:24:19, 8.98e-13, 6.61e-11
2022-11-09, 17:24:23, 8.98e-13, 6.63e-11
2022-11-09, 17:24:27, 9.24e-13, 6.6e-11
2022-11-09, 17:24:32, 9.13e-13, 6.59e-11
2022-11-09, 17:24:36, 8.75e-13, 6.68e-11
2022-11-09, 17:24:40, 9.05e-13, 6.61e-11
2022-11-09, 17:24:44, 9.14e-13, 6.66e-11
2022-11-09, 17:24:49, 8.99e-13, 6.61e-11
2022-11-09, 17:24:53, 8.69e-13, 6.58e-11
2022-11-09, 17:24:57, 8.86e-13, 6.57e-11
2022-11-09, 17:25:01, 1.12e-12, 6.6e-11
2022-11-09, 17:25:05, 8.75e-13, 6.63e-11
2022-11-09, 17:25:10, 8.75e-13, 6.6e-11
2022-11-09, 17:25:14, 9.11e-13, 6.59e-11
2022-11-09, 17:25:18, 9.1e-13, 6.62e-11
2022-11-09, 17:25:22, 8.64e-13, 6.64e-11
2022-11-09, 17:25:27, 8.78e-13, 6.6e-11
2022-11-09, 17:25:31, 9.19e-13, 6.63e-11
2022-11-09, 17:25:35, 8.65e-13, 6.64e-11
2022-11-09, 17:25:39, 8.69e-13, 6.63e-11
2022-11-09, 17:25:43, 8.16e-13, 6.61e-11
2022-11-09, 17:25:48, 8.44e-13, 6.61e-11
2022-11-09, 17:25:52, 8.76e-13, 6.62e-11
2022-11-09, 17:25:56, 9.94e-13, 6.58e-11
2022-11-09, 17:26:00, 9.18e-13, 6.59e-11
2022-11-09, 17:26:05, 8.89e-13, 6.58e-11
2022-11-09, 17:26:09, 8.82e-13, 6.6e-11
2022-11-09, 17:26:13, 8.65e-13, 6.59e-11
2022-11-09, 17:26:17, 9.28e-13, 6.59e-11
2022-11-09, 17:26:21, 9e-13, 6.63e-11
2022-11-09, 17:26:26, 8.87e-13, 6.61e-11
2022-11-09, 17:26:30, 8.66e-13, 6.62e-11
2022-11-09, 17:26:34, 9.37e-13, 6.62e-11
2022-11-09, 17:26:38, 8.93e-13, 6.62e-11
2022-11-09, 17:26:43, 8.97e-13, 6.59e-11
2022-11-09, 17:26:47, 9.42e-13, 6.61e-11
2022-11-09, 17:26:51, 8.76e-13, 6.61e-11
2022-11-09, 17:26:55, 9.9e-13, 6.57e-11
2022-11-09, 17:26:59, 9.08e-13, 6.6e-11
2022-11-09, 17:27:04, 8.78e-13, 6.6e-11
2022-11-09, 17:27:08, 9.1e-13, 6.62e-11
2022-11-09, 17:27:12, 9.11e-13, 6.6e-11
2022-11-09, 17:27:16, 9.62e-13, 6.62e-11
2022-11-09, 17:27:21, 1.03e-12, 6.65e-11
2022-11-09, 17:27:25, 9.48e-13, 6.59e-11
2022-11-09, 17:27:29, 8.62e-13, 6.59e-11
2022-11-09, 17:27:33, 8.66e-13, 6.59e-11
2022-11-09, 17:27:37, 8.55e-13, 6.59e-11
2022-11-09, 17:27:42, 9.46e-13, 6.64e-11
2022-11-09, 17:27:46, 8.3e-13, 6.58e-11
2022-11-09, 17:27:50, 8.46e-13, 6.63e-11
2022-11-09, 17:27:54, 8.98e-13, 6.63e-11
2022-11-09, 17:27:59, 8.32e-13, 6.65e-11
2022-11-09, 17:28:03, 8.84e-13, 6.58e-11
2022-11-09, 17:28:07, 8.64e-13, 6.6e-11
2022-11-09, 17:28:11, 9.34e-13, 6.61e-11
2022-11-09, 17:28:15, 9e-13, 6.57e-11
2022-11-09, 17:28:20, 9.01e-13, 6.63e-11
2022-11-09, 17:28:24, 8.98e-13, 6.65e-11
2022-11-09, 17:28:28, 9.1e-13, 6.61e-11
2022-11-09, 17:28:32, 8.77e-13, 6.61e-11
2022-11-09, 17:28:37, 9.34e-13, 6.58e-11
2022-11-09, 17:28:41, 8.76e-13, 6.6e-11
2022-11-09, 17:28:45, 8.64e-13, 6.59e-11
2022-11-09, 17:28:49, 8.61e-13, 6.58e-11
2022-11-09, 17:28:53, 8.61e-13, 6.57e-11
2022-11-09, 17:28:58, 8.21e-13, 6.6e-11
2022-11-09, 17:29:02, 9.53e-13, 6.58e-11
2022-11-09, 17:29:06, 9.14e-13, 6.59e-11
2022-11-09, 17:29:10, 8.91e-13, 6.61e-11
2022-11-09, 17:29:14, 9.08e-13, 6.62e-11
2022-11-09, 17:29:19, 9.19e-13, 6.61e-11
2022-11-09, 17:29:23, 9.86e-13, 6.62e-11
2022-11-09, 17:29:27, 8.77e-13, 6.6e-11
2022-11-09, 17:29:31, 8.04e-13, 6.61e-11
2022-11-09, 17:29:36, 8.47e-13, 6.61e-11
2022-11-09, 17:29:40, 9.52e-13, 6.68e-11
2022-11-09, 17:29:44, 9.16e-13, 6.61e-11
2022-11-09, 17:29:48, 9.09e-13, 6.59e-11
2022-11-09, 17:29:52, 8.78e-13, 6.6e-11
2022-11-09, 17:29:57, 8.25e-13, 6.61e-11
2022-11-09, 17:30:01, 7.82e-13, 6.64e-11
2022-11-09, 17:30:05, 9.38e-13, 6.58e-11
2022-11-09, 17:30:09, 8.28e-13, 6.63e-11
2022-11-09, 17:30:14, 8.67e-13, 6.6e-11
2022-11-09, 17:30:18, 9.2e-13, 6.61e-11
2022-11-09, 17:30:22, 9.16e-13, 6.63e-11
2022-11-09, 17:30:26, 9.18e-13, 6.6e-11
2022-11-09, 17:30:30, 1.05e-12, 6.58e-11
2022-11-09, 17:30:37, 8.01e-13, 6.61e-11
2022-11-09, 17:30:41, 9.47e-13, 6.62e-11
2022-11-09, 17:30:45, 9e-13, 6.62e-11
2022-11-09, 17:30:49, 8.64e-13, 6.59e-11
2022-11-09, 17:30:53, 8.84e-13, 6.6e-11
2022-11-09, 17:30:58, 9.07e-13, 6.6e-11
2022-11-09, 17:31:02, 9.12e-13, 6.63e-11
2022-11-09, 17:31:06, 8.13e-13, 6.64e-11
2022-11-09, 17:31:10, 8.4e-13, 6.6e-11
2022-11-09, 17:31:14, 7.94e-13, 6.6e-11
2022-11-09, 17:31:19, 8.92e-13, 6.59e-11
2022-11-09, 17:31:23, 8.7e-13, 6.6e-11
2022-11-09, 17:31:27, 8.95e-13, 6.59e-11
2022-11-09, 17:31:31, 9.08e-13, 6.6e-11
2022-11-09, 17:31:36, 8.67e-13, 6.66e-11
2022-11-09, 17:31:40, 8.91e-13, 6.64e-11
2022-11-09, 17:31:44, 8.8e-13, 6.65e-11
2022-11-09, 17:31:48, 8.73e-13, 6.64e-11
2022-11-09, 17:31:52, 8.85e-13, 6.6e-11
2022-11-09, 17:31:57, 9.14e-13, 6.62e-11
2022-11-09, 17:32:01, 9.64e-13, 6.61e-11
2022-11-09, 17:32:05, 7.99e-13, 6.6e-11
2022-11-09, 17:32:09, 8.74e-13, 6.6e-11
2022-11-09, 17:32:14, 8.95e-13, 6.6e-11
2022-11-09, 17:32:18, 8.88e-13, 6.6e-11
2022-11-09, 17:32:22, 8.9e-13, 6.66e-11
2022-11-09, 17:32:26, 7.92e-13, 6.61e-11
2022-11-09, 17:32:30, 8.91e-13, 6.66e-11
2022-11-09, 17:32:35, 8.97e-13, 6.61e-11
2022-11-09, 17:32:39, 9.53e-13, 6.61e-11
2022-11-09, 17:32:43, 9e-13, 6.63e-11
2022-11-09, 17:32:47, 9.05e-13, 6.62e-11
2022-11-09, 17:32:52, 8.74e-13, 6.62e-11
2022-11-09, 17:32:56, 8.75e-13, 6.65e-11
2022-11-09, 17:33:00, 8.83e-13, 6.61e-11
2022-11-09, 17:33:04, 8.41e-13, 6.62e-11
2022-11-09, 17:33:08, 9.08e-13, 6.59e-11
2022-11-09, 17:33:13, 9.5e-13, 6.64e-11
2022-11-09, 17:33:17, 9.75e-13, 6.62e-11
2022-11-09, 17:33:21, 8.86e-13, 6.56e-11
2022-11-09, 17:33:25, 8.83e-13, 6.62e-11
2022-11-09, 17:33:30, 8.87e-13, 6.65e-11
2022-11-09, 17:33:34, 9.08e-13, 6.67e-11
2022-11-09, 17:33:38, 9.11e-13, 6.66e-11
2022-11-09, 17:33:42, 9.51e-13, 6.65e-11
2022-11-09, 17:33:46, 9e-13, 6.65e-11
2022-11-09, 17:33:51, 8.57e-13, 6.6e-11
2022-11-09, 17:33:55, 8.86e-13, 6.65e-11
2022-11-09, 17:33:59, 8.93e-13, 6.64e-11
2022-11-09, 17:34:03, 9.04e-13, 6.63e-11
2022-11-09, 17:34:08, 8.71e-13, 6.63e-11
2022-11-09, 17:34:12, 8.89e-13, 6.64e-11
2022-11-09, 17:34:16, 8.74e-13, 6.6e-11
2022-11-09, 17:34:20, 8.15e-13, 6.57e-11
2022-11-09, 17:34:24, 9.58e-13, 6.61e-11
2022-11-09, 17:34:29, 8.34e-13, 6.64e-11
2022-11-09, 17:34:33, 9.24e-13, 6.59e-11
2022-11-09, 17:34:37, 8.66e-13, 6.6e-11
2022-11-09, 17:34:41, 8.95e-13, 6.61e-11
2022-11-09, 17:34:46, 8.87e-13, 6.6e-11
2022-11-09, 17:34:50, 9.37e-13, 6.6e-11
2022-11-09, 17:34:54, 9.06e-13, 6.61e-11
2022-11-09, 17:34:58, 8.92e-13, 6.64e-11
2022-11-09, 17:35:02, 8.91e-13, 6.58e-11
2022-11-09, 17:35:07, 8.95e-13, 6.62e-11
2022-11-09, 17:35:11, 1e-12, 6.59e-11
2022-11-09, 17:35:15, 8.48e-13, 6.62e-11
2022-11-09, 17:35:19, 9.03e-13, 6.61e-11
2022-11-09, 17:35:24, 8.48e-13, 6.61e-11
2022-11-09, 17:35:28, 8.44e-13, 6.64e-11
2022-11-09, 17:35:32, 7.98e-13, 6.62e-11
2022-11-09, 17:35:36, 8.39e-13, 6.62e-11
2022-11-09, 17:35:40, 9.27e-13, 6.66e-11
2022-11-09, 17:35:45, 8.27e-13, 6.58e-11
2022-11-09, 17:35:49, 1.01e-12, 6.64e-11
2022-11-09, 17:35:53, 8.96e-13, 6.62e-11
2022-11-09, 17:35:57, 1.04e-12, 6.66e-11
2022-11-09, 17:36:02, 9.61e-13, 6.63e-11
2022-11-09, 17:36:06, 9.13e-13, 6.64e-11
2022-11-09, 17:36:10, 8.84e-13, 6.64e-11
2022-11-09, 17:36:14, 8.7e-13, 6.61e-11
2022-11-09, 17:36:18, 9.7e-13, 6.61e-11
2022-11-09, 17:36:23, 8.89e-13, 6.61e-11
2022-11-09, 17:36:27, 8.71e-13, 6.61e-11
2022-11-09, 17:36:31, 8.78e-13, 6.62e-11
2022-11-09, 17:36:35, 9.55e-13, 6.62e-11
2022-11-09, 17:36:40, 1.02e-12, 6.69e-11
2022-11-09, 17:36:44, 8.49e-13, 6.61e-11
2022-11-09, 17:36:48, 8.61e-13, 6.7e-11
2022-11-09, 17:36:52, 7.98e-13, 6.89e-11
2022-11-09, 17:36:56, 8.76e-13, 6.65e-11
2022-11-09, 17:37:01, 9.02e-13, 6.66e-11
2022-11-09, 17:37:05, 8.63e-13, 6.61e-11
2022-11-09, 17:37:09, 8.5e-13, 6.63e-11
2022-11-09, 17:37:13, 9.28e-13, 6.57e-11
2022-11-09, 17:37:18, 8.71e-13, 6.59e-11
2022-11-09, 17:37:22, 1.06e-12, 6.6e-11
2022-11-09, 17:37:26, 8.58e-13, 6.63e-11
2022-11-09, 17:37:30, 8.95e-13, 6.65e-11
2022-11-09, 17:37:34, 8.9e-13, 6.64e-11
2022-11-09, 17:37:39, 7.6e-13, 6.61e-11
2022-11-09, 17:37:43, 7.63e-13, 6.64e-11
2022-11-09, 17:37:47, 8.88e-13, 6.62e-11
2022-11-09, 17:37:51, 9.13e-13, 6.65e-11
2022-11-09, 17:37:56, 8.55e-13, 6.61e-11
2022-11-09, 17:38:00, 8.98e-13, 6.62e-11
2022-11-09, 17:38:04, 8.79e-13, 6.62e-11
2022-11-09, 17:38:08, 9.31e-13, 6.65e-11
2022-11-09, 17:38:12, 8.39e-13, 6.58e-11
2022-11-09, 17:38:17, 8.55e-13, 6.61e-11
2022-11-09, 17:38:21, 8.89e-13, 6.61e-11
2022-11-09, 17:38:25, 8.86e-13, 6.63e-11
2022-11-09, 17:38:29, 8.81e-13, 6.58e-11
2022-11-09, 17:38:34, 9.06e-13, 6.6e-11
2022-11-09, 17:38:38, 8.44e-13, 6.6e-11
2022-11-09, 17:38:42, 9.18e-13, 6.62e-11
2022-11-09, 17:38:46, 8.72e-13, 6.63e-11
2022-11-09, 17:38:50, 9.75e-13, 6.57e-11
2022-11-09, 17:38:55, 8.25e-13, 6.62e-11
2022-11-09, 17:38:59, 8.56e-13, 6.59e-11
2022-11-09, 17:39:03, 9.19e-13, 6.6e-11
2022-11-09, 17:39:07, 8.6e-13, 6.64e-11
2022-11-09, 17:39:11, 1.07e-12, 6.63e-11
2022-11-09, 17:39:16, 9.3e-13, 6.61e-11
2022-11-09, 17:39:20, 8.59e-13, 6.62e-11
2022-11-09, 17:39:24, 9.22e-13, 6.6e-11
2022-11-09, 17:39:28, 8.83e-13, 6.64e-11
2022-11-09, 17:39:33, 8.66e-13, 6.59e-11
2022-11-09, 17:39:37, 8.13e-13, 6.6e-11
2022-11-09, 17:39:41, 9.43e-13, 6.6e-11
2022-11-09, 17:39:45, 9.25e-13, 6.57e-11
2022-11-09, 17:39:49, 8.9e-13, 6.62e-11
2022-11-09, 17:39:54, 8.14e-13, 6.6e-11
2022-11-09, 17:39:58, 8.65e-13, 6.63e-11
2022-11-09, 17:40:02, 8.48e-13, 6.62e-11
2022-11-09, 17:40:06, 9.17e-13, 6.62e-11
2022-11-09, 17:40:11, 8.93e-13, 6.64e-11
2022-11-09, 17:40:15, 9.67e-13, 6.6e-11
2022-11-09, 17:40:19, 8.54e-13, 6.61e-11
2022-11-09, 17:40:23, 8.16e-13, 6.61e-11
2022-11-09, 17:40:27, 8.87e-13, 6.64e-11
2022-11-09, 17:40:32, 8.97e-13, 6.64e-11
2022-11-09, 17:40:36, 8.73e-13, 6.61e-11
2022-11-09, 17:40:40, 8.59e-13, 6.6e-11
2022-11-09, 17:40:44, 1.01e-12, 6.61e-11
2022-11-09, 17:40:49, 8.55e-13, 6.64e-11
2022-11-09, 17:40:53, 8.53e-13, 6.64e-11
2022-11-09, 17:40:57, 8.74e-13, 6.66e-11
2022-11-09, 17:41:01, 8.5e-13, 6.6e-11
2022-11-09, 17:41:05, 8.89e-13, 6.6e-11
2022-11-09, 17:41:10, 8.75e-13, 6.6e-11
2022-11-09, 17:41:14, 8.67e-13, 6.63e-11
2022-11-09, 17:41:18, 8.89e-13, 6.63e-11
2022-11-09, 17:41:22, 9.39e-13, 6.61e-11
2022-11-09, 17:41:27, 8.93e-13, 6.61e-11
2022-11-09, 17:41:31, 8.74e-13, 6.64e-11
2022-11-09, 17:41:35, 7.47e-13, 6.62e-11
2022-11-09, 17:41:39, 9.81e-13, 6.65e-11
2022-11-09, 17:41:43, 8.16e-13, 6.59e-11
2022-11-09, 17:41:48, 9.36e-13, 6.63e-11
2022-11-09, 17:41:52, 8.65e-13, 6.6e-11
2022-11-09, 17:41:56, 9.1e-13, 6.62e-11
2022-11-09, 17:42:00, 9e-13, 6.65e-11
2022-11-09, 17:42:05, 8.64e-13, 6.6e-11
2022-11-09, 17:42:09, 9.1e-13, 6.59e-11
2022-11-09, 17:42:13, 8.56e-13, 6.61e-11
2022-11-09, 17:42:17, 8.88e-13, 6.63e-11
2022-11-09, 17:42:21, 8.58e-13, 6.64e-11
2022-11-09, 17:42:26, 9.73e-13, 6.62e-11
2022-11-09, 17:42:30, 9.21e-13, 6.61e-11
2022-11-09, 17:42:34, 9.13e-13, 6.59e-11
2022-11-09, 17:42:38, 8.6e-13, 6.63e-11
2022-11-09, 17:42:43, 8.77e-13, 6.62e-11
2022-11-09, 17:42:47, 9.45e-13, 6.61e-11
2022-11-09, 17:42:51, 9.34e-13, 6.64e-11
2022-11-09, 17:42:55, 8.9e-13, 6.64e-11
2022-11-09, 17:42:59, 8.82e-13, 6.61e-11
2022-11-09, 17:43:04, 8.52e-13, 6.64e-11
2022-11-09, 17:43:08, 8.73e-13, 6.61e-11
2022-11-09, 17:43:12, 8.44e-13, 6.63e-11
2022-11-09, 17:43:16, 9.11e-13, 6.62e-11
2022-11-09, 17:43:21, 9.01e-13, 6.61e-11
2022-11-09, 17:43:25, 8.39e-13, 6.58e-11
2022-11-09, 17:43:29, 8.73e-13, 6.62e-11
2022-11-09, 17:43:33, 8.3e-13, 6.64e-11
2022-11-09, 17:43:37, 9.16e-13, 6.64e-11
2022-11-09, 17:43:42, 8.95e-13, 6.59e-11
2022-11-09, 17:43:46, 8.62e-13, 6.61e-11
2022-11-09, 17:43:50, 9.45e-13, 6.6e-11
2022-11-09, 17:43:54, 8.72e-13, 6.61e-11
2022-11-09, 17:43:58, 8.55e-13, 6.6e-11
2022-11-09, 17:44:03, 8.71e-13, 6.58e-11
2022-11-09, 17:44:07, 9.39e-13, 6.63e-11
2022-11-09, 17:44:11, 8.82e-13, 6.6e-11
2022-11-09, 17:44:15, 8.29e-13, 6.63e-11
2022-11-09, 17:44:20, 8.23e-13, 6.64e-11
2022-11-09, 17:44:24, 9.33e-13, 6.61e-11
2022-11-09, 17:44:28, 8.85e-13, 6.6e-11
2022-11-09, 17:44:32, 8.61e-13, 6.52e-11
2022-11-09, 17:44:36, 9.41e-13, 6.64e-11
2022-11-09, 17:44:41, 8.52e-13, 6.56e-11
2022-11-09, 17:44:45, 8.75e-13, 6.61e-11
2022-11-09, 17:44:49, 8.26e-13, 6.62e-11
2022-11-09, 17:44:53, 8.13e-13, 6.65e-11
2022-11-09, 17:44:58, 8.45e-13, 6.64e-11
2022-11-09, 17:45:02, 9.07e-13, 7e-11
2022-11-09, 17:45:06, 8.57e-13, 7.04e-11
2022-11-09, 17:45:10, 9.28e-13, 6.79e-11
2022-11-09, 17:45:14, 8.57e-13, 6.69e-11
2022-11-09, 17:45:19, 7.75e-13, 6.75e-11
2022-11-09, 17:45:23, 9.15e-13, 6.71e-11
2022-11-09, 17:45:27, 8.81e-13, 6.72e-11
2022-11-09, 17:45:31, 9.1e-13, 6.71e-11
2022-11-09, 17:45:36, 9.43e-13, 6.77e-11
2022-11-09, 17:45:40, 9.07e-13, 6.76e-11
2022-11-09, 17:45:44, 9.27e-13, 6.58e-11
2022-11-09, 17:45:48, 8.49e-13, 6.58e-11
2022-11-09, 17:45:52, 9.11e-13, 6.58e-11
2022-11-09, 17:45:57, 8.74e-13, 6.62e-11
2022-11-09, 17:46:01, 8.87e-13, 6.64e-11
2022-11-09, 17:46:05, 8.92e-13, 6.62e-11
2022-11-09, 17:46:09, 8.75e-13, 6.65e-11
2022-11-09, 17:46:14, 9.3e-13, 6.68e-11
2022-11-09, 17:46:18, 8.78e-13, 6.6e-11
2022-11-09, 17:46:22, 8.35e-13, 6.66e-11
2022-11-09, 17:46:26, 9.56e-13, 6.63e-11
2022-11-09, 17:46:30, 9.05e-13, 6.61e-11
2022-11-09, 17:46:35, 8.7e-13, 6.63e-11
2022-11-09, 17:46:39, 9.09e-13, 6.63e-11
2022-11-09, 17:46:43, 8.4e-13, 6.67e-11
2022-11-09, 17:46:47, 8.66e-13, 6.71e-11
2022-11-09, 17:46:52, 8.75e-13, 6.64e-11
2022-11-09, 17:46:56, 8.62e-13, 6.65e-11
2022-11-09, 17:47:00, 9.83e-13, 6.62e-11
2022-11-09, 17:47:04, 8.86e-13, 6.62e-11
2022-11-09, 17:47:08, 9.04e-13, 6.59e-11
2022-11-09, 17:47:13, 8.5e-13, 6.65e-11
2022-11-09, 17:47:17, 1.05e-12, 6.63e-11
2022-11-09, 17:47:21, 8.92e-13, 6.58e-11
2022-11-09, 17:47:25, 9.41e-13, 6.61e-11
2022-11-09, 17:47:30, 8.52e-13, 6.61e-11
2022-11-09, 17:47:34, 8.71e-13, 6.62e-11
2022-11-09, 17:47:38, 8.64e-13, 6.79e-11
2022-11-09, 17:47:42, 8.45e-13, 6.63e-11
2022-11-09, 17:47:46, 8.92e-13, 6.61e-11
2022-11-09, 17:47:51, 8.11e-13, 6.6e-11
2022-11-09, 17:47:55, 9.73e-13, 6.62e-11
2022-11-09, 17:47:59, 8.65e-13, 6.65e-11
2022-11-09, 17:48:03, 9.15e-13, 6.63e-11
2022-11-09, 17:48:08, 7.9e-13, 6.65e-11
2022-11-09, 17:48:12, 9.52e-13, 6.61e-11
2022-11-09, 17:48:16, 8.59e-13, 6.62e-11
2022-11-09, 17:48:20, 8.57e-13, 6.63e-11
2022-11-09, 17:48:24, 9.06e-13, 6.64e-11
2022-11-09, 17:48:29, 1.06e-12, 6.64e-11
2022-11-09, 17:48:33, 8.73e-13, 6.61e-11
2022-11-09, 17:48:37, 9.39e-13, 6.62e-11
2022-11-09, 17:48:41, 9.27e-13, 6.66e-11
2022-11-09, 17:48:46, 9.53e-13, 6.63e-11
2022-11-09, 17:48:50, 9.35e-13, 6.66e-11
2022-11-09, 17:48:54, 8.83e-13, 6.6e-11
2022-11-09, 17:48:58, 9.3e-13, 6.62e-11
2022-11-09, 17:49:02, 8.11e-13, 6.61e-11
2022-11-09, 17:49:07, 9.73e-13, 6.64e-11
2022-11-09, 17:49:11, 8.06e-13, 6.66e-11
2022-11-09, 17:49:15, 9.29e-13, 6.62e-11
2022-11-09, 17:49:19, 8.96e-13, 6.64e-11
2022-11-09, 17:49:24, 9.39e-13, 6.61e-11
2022-11-09, 17:49:28, 8.71e-13, 6.65e-11
2022-11-09, 17:49:32, 9.14e-13, 6.61e-11
2022-11-09, 17:49:36, 8.99e-13, 6.63e-11
2022-11-09, 17:49:40, 9e-13, 6.62e-11
2022-11-09, 17:49:45, 9.76e-13, 6.66e-11
2022-11-09, 17:49:49, 9.47e-13, 6.59e-11
2022-11-09, 17:49:53, 9.02e-13, 6.61e-11
2022-11-09, 17:49:57, 8.93e-13, 6.65e-11
2022-11-09, 17:50:02, 8.82e-13, 6.67e-11
2022-11-09, 17:50:06, 8.71e-13, 6.64e-11
2022-11-09, 17:50:10, 9.68e-13, 6.6e-11
2022-11-09, 17:50:14, 8.47e-13, 6.63e-11
2022-11-09, 17:50:18, 8.6e-13, 6.63e-11
2022-11-09, 17:50:23, 8.57e-13, 6.62e-11
2022-11-09, 17:50:27, 9.05e-13, 6.61e-11
2022-11-09, 17:50:31, 9.17e-13, 6.63e-11
2022-11-09, 17:50:35, 9.15e-13, 6.63e-11
2022-11-09, 17:50:39, 9.1e-13, 6.6e-11
2022-11-09, 17:50:44, 9.57e-13, 6.6e-11
2022-11-09, 17:50:48, 8.63e-13, 6.64e-11
2022-11-09, 17:50:52, 7.95e-13, 6.62e-11
2022-11-09, 17:50:56, 9.08e-13, 6.65e-11
2022-11-09, 17:51:01, 8.52e-13, 6.61e-11
2022-11-09, 17:51:05, 8.56e-13, 6.63e-11
2022-11-09, 17:51:09, 9.42e-13, 6.64e-11
2022-11-09, 17:51:13, 7.97e-13, 6.61e-11
2022-11-09, 17:51:18, 8.41e-13, 6.63e-11
2022-11-09, 17:51:22, 9.28e-13, 6.61e-11
2022-11-09, 17:51:26, 8.88e-13, 6.58e-11
2022-11-09, 17:51:30, 8.31e-13, 6.62e-11
2022-11-09, 17:51:34, 8.45e-13, 6.62e-11
2022-11-09, 17:51:39, 8.8e-13, 6.62e-11
2022-11-09, 17:51:43, 8.5e-13, 6.62e-11
2022-11-09, 17:51:47, 9.08e-13, 6.61e-11
2022-11-09, 17:51:51, 8.71e-13, 6.61e-11
2022-11-09, 17:51:56, 8.94e-13, 6.64e-11
2022-11-09, 17:52:00, 8.74e-13, 6.62e-11
2022-11-09, 17:52:04, 8.63e-13, 6.66e-11
2022-11-09, 17:52:08, 9.03e-13, 6.64e-11
2022-11-09, 17:52:12, 9.11e-13, 6.64e-11
2022-11-09, 17:52:17, 9.1e-13, 6.62e-11
2022-11-09, 17:52:21, 9.32e-13, 6.61e-11
2022-11-09, 17:52:25, 9.43e-13, 6.62e-11
2022-11-09, 17:52:29, 9.12e-13, 6.62e-11
2022-11-09, 17:52:34, 8.71e-13, 6.64e-11
2022-11-09, 17:52:38, 8.69e-13, 6.59e-11
2022-11-09, 17:52:42, 8.78e-13, 6.61e-11
2022-11-09, 17:52:46, 9.05e-13, 6.63e-11
2022-11-09, 17:52:50, 8.95e-13, 6.67e-11
2022-11-09, 17:52:55, 8.86e-13, 6.6e-11
2022-11-09, 17:52:59, 8.8e-13, 6.58e-11
2022-11-09, 17:53:03, 9.38e-13, 6.58e-11
2022-11-09, 17:53:07, 8.69e-13, 6.59e-11
2022-11-09, 17:53:11, 9.14e-13, 6.63e-11
2022-11-09, 17:53:16, 7.65e-13, 6.6e-11
2022-11-09, 17:53:20, 9.26e-13, 6.58e-11
2022-11-09, 17:53:24, 8.93e-13, 6.61e-11
2022-11-09, 17:53:28, 8.82e-13, 6.63e-11
2022-11-09, 17:53:33, 8.65e-13, 6.62e-11
2022-11-09, 17:53:37, 9.24e-13, 6.6e-11
2022-11-09, 17:53:41, 9.86e-13, 6.61e-11
2022-11-09, 17:53:45, 8.62e-13, 6.62e-11
2022-11-09, 17:53:49, 8.79e-13, 6.6e-11
2022-11-09, 17:53:54, 9.05e-13, 6.6e-11
2022-11-09, 17:53:58, 8.36e-13, 6.6e-11
2022-11-09, 17:54:02, 9.12e-13, 6.58e-11
2022-11-09, 17:54:06, 9.86e-13, 6.57e-11
2022-11-09, 17:54:11, 8.4e-13, 6.58e-11
2022-11-09, 17:54:15, 9.21e-13, 6.58e-11
2022-11-09, 17:54:19, 9.02e-13, 6.6e-11
2022-11-09, 17:54:23, 8.67e-13, 6.61e-11
2022-11-09, 17:54:27, 8.66e-13, 6.6e-11
2022-11-09, 17:54:32, 8.78e-13, 6.58e-11
2022-11-09, 17:54:36, 7.35e-13, 6.61e-11
2022-11-09, 17:54:40, 1.09e-12, 6.6e-11
2022-11-09, 17:54:44, 8.57e-13, 6.64e-11
2022-11-09, 17:54:49, 8.94e-13, 6.62e-11
2022-11-09, 17:54:53, 8.88e-13, 6.6e-11
2022-11-09, 17:54:57, 1.02e-12, 6.6e-11
2022-11-09, 17:55:01, 1.01e-12, 6.63e-11
2022-11-09, 17:55:05, 8.58e-13, 6.6e-11
2022-11-09, 17:55:10, 8.73e-13, 6.61e-11
2022-11-09, 17:55:14, 9.16e-13, 6.62e-11
2022-11-09, 17:55:18, 8.61e-13, 6.61e-11
2022-11-09, 17:55:22, 8.58e-13, 6.62e-11
2022-11-09, 17:55:27, 8.36e-13, 6.58e-11
2022-11-09, 17:55:31, 8.91e-13, 6.57e-11
2022-11-09, 17:55:35, 8.95e-13, 6.59e-11
2022-11-09, 17:55:39, 9.32e-13, 6.61e-11
2022-11-09, 17:55:43, 8.74e-13, 6.57e-11
2022-11-09, 17:55:48, 9.51e-13, 6.58e-11
2022-11-09, 17:55:52, 8.22e-13, 6.58e-11
2022-11-09, 17:55:56, 8.86e-13, 6.61e-11
2022-11-09, 17:56:00, 9.14e-13, 6.6e-11
2022-11-09, 17:56:05, 8.74e-13, 6.57e-11
2022-11-09, 17:56:09, 8.91e-13, 6.58e-11
2022-11-09, 17:56:13, 1.02e-12, 6.54e-11
2022-11-09, 17:56:17, 8.84e-13, 6.61e-11
2022-11-09, 17:56:21, 9.07e-13, 6.61e-11
2022-11-09, 17:56:26, 9e-13, 6.64e-11
2022-11-09, 17:56:30, 8.45e-13, 6.61e-11
2022-11-09, 17:56:34, 9.29e-13, 6.59e-11
2022-11-09, 17:56:38, 8.79e-13, 6.65e-11
2022-11-09, 17:56:43, 9.2e-13, 6.61e-11
2022-11-09, 17:56:47, 7.94e-13, 6.6e-11
2022-11-09, 17:56:51, 8.74e-13, 6.6e-11
2022-11-09, 17:56:55, 8.53e-13, 6.6e-11
2022-11-09, 17:56:59, 8.78e-13, 6.6e-11
2022-11-09, 17:57:04, 8.35e-13, 6.62e-11
2022-11-09, 17:57:08, 8.5e-13, 6.61e-11
2022-11-09, 17:57:12, 8.65e-13, 6.59e-11
2022-11-09, 17:57:16, 9.77e-13, 6.56e-11
2022-11-09, 17:57:21, 9.04e-13, 6.58e-11
2022-11-09, 17:57:25, 9.18e-13, 6.61e-11
2022-11-09, 17:57:29, 8.83e-13, 6.56e-11
2022-11-09, 17:57:33, 9.15e-13, 6.59e-11
2022-11-09, 17:57:37, 9.34e-13, 6.6e-11
2022-11-09, 17:57:42, 8.66e-13, 6.63e-11
2022-11-09, 17:57:46, 8.64e-13, 6.61e-11
2022-11-09, 17:57:50, 9.67e-13, 6.57e-11
2022-11-09, 17:57:54, 8.8e-13, 6.62e-11
2022-11-09, 17:57:58, 8.81e-13, 6.63e-11
2022-11-09, 17:58:03, 8.84e-13, 6.59e-11
2022-11-09, 17:58:07, 9.18e-13, 6.6e-11
2022-11-09, 17:58:11, 8.95e-13, 6.58e-11
2022-11-09, 17:58:15, 8.91e-13, 6.46e-11
2022-11-09, 17:58:20, 9.23e-13, 6.62e-11
2022-11-09, 17:58:24, 9.25e-13, 6.57e-11
2022-11-09, 17:58:28, 8.79e-13, 6.62e-11
2022-11-09, 17:58:32, 9.22e-13, 6.57e-11
2022-11-09, 17:58:36, 8.93e-13, 6.65e-11
2022-11-09, 17:58:41, 8.63e-13, 6.62e-11
2022-11-09, 17:58:45, 8.66e-13, 6.62e-11
2022-11-09, 17:58:49, 9.86e-13, 6.54e-11
2022-11-09, 17:58:53, 8.95e-13, 6.5e-11
2022-11-09, 17:58:58, 8.81e-13, 6.53e-11
2022-11-09, 17:59:02, 9.37e-13, 6.53e-11
2022-11-09, 17:59:06, 7.97e-13, 6.55e-11
2022-11-09, 17:59:10, 9.06e-13, 6.64e-11
2022-11-09, 17:59:14, 8.86e-13, 6.56e-11
2022-11-09, 17:59:19, 8.53e-13, 6.59e-11
2022-11-09, 17:59:23, 9.11e-13, 6.6e-11
2022-11-09, 17:59:27, 8.94e-13, 6.58e-11
2022-11-09, 17:59:31, 9.11e-13, 6.6e-11
2022-11-09, 17:59:36, 8.61e-13, 6.63e-11
2022-11-09, 17:59:40, 8.44e-13, 6.64e-11
2022-11-09, 17:59:44, 9.33e-13, 6.64e-11
2022-11-09, 17:59:48, 8.91e-13, 6.59e-11
2022-11-09, 17:59:52, 9.1e-13, 6.64e-11
2022-11-09, 17:59:57, 8.81e-13, 6.61e-11
2022-11-09, 18:00:01, 7.34e-13, 6.63e-11
2022-11-09, 18:00:05, 8.63e-13, 6.5e-11
2022-11-09, 18:00:09, 8.82e-13, 6.65e-11
2022-11-09, 18:00:14, 9.01e-13, 6.62e-11
2022-11-09, 18:00:18, 8.14e-13, 6.63e-11
2022-11-09, 18:00:22, 8.55e-13, 6.6e-11
2022-11-09, 18:00:26, 8.96e-13, 6.6e-11
2022-11-09, 18:00:32, 8.33e-13, 6.58e-11
2022-11-09, 18:00:36, 8.36e-13, 6.59e-11
2022-11-09, 18:00:40, 8.91e-13, 6.59e-11
2022-11-09, 18:00:44, 9.28e-13, 6.6e-11
2022-11-09, 18:00:49, 9.06e-13, 6.63e-11
2022-11-09, 18:00:53, 9.25e-13, 6.59e-11
2022-11-09, 18:00:57, 9.78e-13, 6.59e-11
2022-11-09, 18:01:01, 8.8e-13, 6.58e-11
2022-11-09, 18:01:06, 8.37e-13, 6.63e-11
2022-11-09, 18:01:10, 9.34e-13, 6.59e-11
2022-11-09, 18:01:14, 8.43e-13, 6.6e-11
2022-11-09, 18:01:18, 9.3e-13, 6.62e-11
2022-11-09, 18:01:23, 8.5e-13, 6.61e-11
2022-11-09, 18:01:27, 9.4e-13, 6.6e-11
2022-11-09, 18:01:31, 9.19e-13, 6.57e-11
2022-11-09, 18:01:35, 8.87e-13, 6.61e-11
2022-11-09, 18:01:40, 8.57e-13, 6.64e-11
2022-11-09, 18:01:44, 9.21e-13, 6.61e-11
2022-11-09, 18:01:48, 9.66e-13, 6.69e-11
2022-11-09, 18:01:52, 9.85e-13, 6.61e-11
2022-11-09, 18:01:56, 8.08e-13, 6.69e-11
2022-11-09, 18:02:01, 9.05e-13, 6.65e-11
2022-11-09, 18:02:05, 8.55e-13, 6.56e-11
2022-11-09, 18:02:09, 8.08e-13, 6.61e-11
2022-11-09, 18:02:13, 8.56e-13, 6.62e-11
2022-11-09, 18:02:18, 9.34e-13, 6.61e-11
2022-11-09, 18:02:22, 8.68e-13, 6.64e-11
2022-11-09, 18:02:26, 8.97e-13, 6.62e-11
2022-11-09, 18:02:30, 9.24e-13, 6.63e-11
2022-11-09, 18:02:34, 8.76e-13, 6.61e-11
2022-11-09, 18:02:39, 9.21e-13, 6.62e-11
2022-11-09, 18:02:43, 9.82e-13, 6.62e-11
2022-11-09, 18:02:47, 8.3e-13, 6.57e-11
2022-11-09, 18:02:51, 8.72e-13, 6.6e-11
2022-11-09, 18:02:56, 8.34e-13, 6.6e-11
2022-11-09, 18:03:00, 9.17e-13, 6.62e-11
2022-11-09, 18:03:04, 8.69e-13, 6.59e-11
2022-11-09, 18:03:08, 9.2e-13, 6.59e-11
2022-11-09, 18:03:12, 8.7e-13, 6.59e-11
2022-11-09, 18:03:17, 8.68e-13, 6.61e-11
2022-11-09, 18:03:21, 7.49e-13, 6.61e-11
2022-11-09, 18:03:25, 9.24e-13, 6.63e-11
2022-11-09, 18:03:29, 9.55e-13, 6.64e-11
2022-11-09, 18:03:33, 8e-13, 6.62e-11
2022-11-09, 18:03:38, 9.17e-13, 6.64e-11
2022-11-09, 18:03:42, 8.64e-13, 6.63e-11
2022-11-09, 18:03:46, 9.08e-13, 6.64e-11
2022-11-09, 18:03:50, 8.9e-13, 6.64e-11
2022-11-09, 18:03:55, 9.49e-13, 6.61e-11
2022-11-09, 18:03:59, 8.57e-13, 6.65e-11
2022-11-09, 18:04:03, 8.94e-13, 6.59e-11
2022-11-09, 18:04:07, 8.41e-13, 6.63e-11
2022-11-09, 18:04:11, 9.16e-13, 6.66e-11
2022-11-09, 18:04:16, 8.99e-13, 6.62e-11
2022-11-09, 18:04:20, 8.85e-13, 6.64e-11
2022-11-09, 18:04:24, 8.92e-13, 6.61e-11
2022-11-09, 18:04:28, 8.57e-13, 6.61e-11
2022-11-09, 18:04:33, 9.44e-13, 6.65e-11
2022-11-09, 18:04:37, 9.42e-13, 6.65e-11
2022-11-09, 18:04:41, 9.51e-13, 6.64e-11
2022-11-09, 18:04:45, 8.64e-13, 6.79e-11
2022-11-09, 18:04:49, 8.85e-13, 6.63e-11
2022-11-09, 18:04:54, 9.09e-13, 6.67e-11
2022-11-09, 18:04:58, 9.07e-13, 6.65e-11
2022-11-09, 18:05:02, 9.35e-13, 6.62e-11
2022-11-09, 18:05:06, 8.74e-13, 6.62e-11
2022-11-09, 18:05:11, 8.83e-13, 6.59e-11
2022-11-09, 18:05:15, 8.66e-13, 6.62e-11
2022-11-09, 18:05:19, 9.19e-13, 6.62e-11
2022-11-09, 18:05:23, 8.12e-13, 6.6e-11
2022-11-09, 18:05:27, 9.27e-13, 6.58e-11
2022-11-09, 18:05:32, 8.72e-13, 6.6e-11
2022-11-09, 18:05:36, 9.55e-13, 6.63e-11
2022-11-09, 18:05:40, 8.65e-13, 6.64e-11
2022-11-09, 18:05:44, 8.61e-13, 6.62e-11
2022-11-09, 18:05:49, 8.95e-13, 6.61e-11
2022-11-09, 18:05:53, 9.24e-13, 6.64e-11
2022-11-09, 18:05:57, 8.5e-13, 6.64e-11
2022-11-09, 18:06:01, 8.97e-13, 6.8e-11
2022-11-09, 18:06:05, 8.95e-13, 6.61e-11
2022-11-09, 18:06:10, 9.05e-13, 6.62e-11
2022-11-09, 18:06:14, 7.4e-13, 6.62e-11
2022-11-09, 18:06:18, 9.31e-13, 6.6e-11
2022-11-09, 18:06:22, 9.19e-13, 6.64e-11
2022-11-09, 18:06:27, 9.35e-13, 6.81e-11
2022-11-09, 18:06:31, 9.49e-13, 6.62e-11
2022-11-09, 18:06:35, 8.74e-13, 6.62e-11
2022-11-09, 18:06:39, 9.17e-13, 6.65e-11
2022-11-09, 18:06:43, 9.08e-13, 6.62e-11
2022-11-09, 18:06:48, 8.56e-13, 6.63e-11
2022-11-09, 18:06:52, 9.04e-13, 6.63e-11
2022-11-09, 18:06:56, 8.01e-13, 6.58e-11
2022-11-09, 18:07:00, 8.96e-13, 6.58e-11
2022-11-09, 18:07:05, 7.99e-13, 6.62e-11
2022-11-09, 18:07:09, 8.89e-13, 6.57e-11
2022-11-09, 18:07:13, 8.68e-13, 6.6e-11
2022-11-09, 18:07:17, 9.46e-13, 6.64e-11
2022-11-09, 18:07:21, 8.73e-13, 6.65e-11
2022-11-09, 18:07:26, 8.56e-13, 6.65e-11
2022-11-09, 18:07:30, 8.8e-13, 6.59e-11
2022-11-09, 18:07:34, 8.74e-13, 6.64e-11
2022-11-09, 18:07:38, 9.71e-13, 6.62e-11
2022-11-09, 18:07:42, 8.45e-13, 6.62e-11
2022-11-09, 18:07:47, 8.67e-13, 6.63e-11
2022-11-09, 18:07:51, 9.83e-13, 6.63e-11
2022-11-09, 18:07:55, 9.04e-13, 6.67e-11
2022-11-09, 18:07:59, 8.68e-13, 6.6e-11
2022-11-09, 18:08:04, 8.94e-13, 6.64e-11
2022-11-09, 18:08:08, 9.17e-13, 6.61e-11
2022-11-09, 18:08:12, 8.98e-13, 6.61e-11
2022-11-09, 18:08:16, 8.6e-13, 6.59e-11
2022-11-09, 18:08:20, 8.77e-13, 6.6e-11
2022-11-09, 18:08:25, 8.61e-13, 6.64e-11
2022-11-09, 18:08:29, 9.38e-13, 6.63e-11
2022-11-09, 18:08:33, 9.36e-13, 6.65e-11
2022-11-09, 18:08:37, 9.96e-13, 6.62e-11
2022-11-09, 18:08:42, 8.78e-13, 6.62e-11
2022-11-09, 18:08:46, 8.92e-13, 6.64e-11
2022-11-09, 18:08:50, 8.45e-13, 6.59e-11
2022-11-09, 18:08:54, 9.2e-13, 6.6e-11
2022-11-09, 18:08:58, 8.11e-13, 6.6e-11
2022-11-09, 18:09:03, 8.61e-13, 6.64e-11
2022-11-09, 18:09:07, 9.16e-13, 6.62e-11
2022-11-09, 18:09:11, 8.87e-13, 6.59e-11
2022-11-09, 18:09:15, 8.95e-13, 6.6e-11
2022-11-09, 18:09:20, 8.43e-13, 6.61e-11
2022-11-09, 18:09:24, 8.49e-13, 6.61e-11
2022-11-09, 18:09:28, 8.39e-13, 6.62e-11
2022-11-09, 18:09:32, 8.44e-13, 6.63e-11
2022-11-09, 18:09:36, 1.07e-12, 6.6e-11
2022-11-09, 18:09:41, 9.2e-13, 6.59e-11
2022-11-09, 18:09:45, 9.12e-13, 6.57e-11
2022-11-09, 18:09:49, 8.52e-13, 6.65e-11
2022-11-09, 18:09:53, 9.27e-13, 6.65e-11
2022-11-09, 18:09:58, 9.38e-13, 6.63e-11
2022-11-09, 18:10:02, 8.94e-13, 6.6e-11
2022-11-09, 18:10:06, 8.3e-13, 6.6e-11
2022-11-09, 18:10:10, 9.49e-13, 6.58e-11
2022-11-09, 18:10:14, 9.28e-13, 6.59e-11
2022-11-09, 18:10:19, 8.68e-13, 6.59e-11
2022-11-09, 18:10:23, 8.71e-13, 6.59e-11
2022-11-09, 18:10:27, 8.51e-13, 6.63e-11
2022-11-09, 18:10:31, 8.97e-13, 6.57e-11
2022-11-09, 18:10:36, 8.56e-13, 6.6e-11
2022-11-09, 18:10:40, 7.52e-13, 6.6e-11
2022-11-09, 18:10:44, 8.82e-13, 6.58e-11
2022-11-09, 18:10:48, 8.44e-13, 6.63e-11
2022-11-09, 18:10:52, 1.01e-12, 6.61e-11
2022-11-09, 18:10:57, 9.03e-13, 6.61e-11
2022-11-09, 18:11:01, 8.33e-13, 6.62e-11
2022-11-09, 18:11:05, 9.23e-13, 6.6e-11
2022-11-09, 18:11:09, 8.95e-13, 6.61e-11
2022-11-09, 18:11:14, 8.38e-13, 6.77e-11
2022-11-09, 18:11:18, 8.88e-13, 6.61e-11
2022-11-09, 18:11:22, 8.66e-13, 6.58e-11
2022-11-09, 18:11:26, 9.22e-13, 6.79e-11
2022-11-09, 18:11:30, 9.11e-13, 6.57e-11
2022-11-09, 18:11:35, 9.35e-13, 6.61e-11
2022-11-09, 18:11:39, 8.79e-13, 6.62e-11
2022-11-09, 18:11:43, 9.33e-13, 6.59e-11
2022-11-09, 18:11:47, 9.04e-13, 6.62e-11
2022-11-09, 18:11:51, 8.49e-13, 6.62e-11
2022-11-09, 18:11:56, 8.44e-13, 6.6e-11
2022-11-09, 18:12:00, 9.02e-13, 6.57e-11
2022-11-09, 18:12:04, 8.28e-13, 6.73e-11
2022-11-09, 18:12:08, 9e-13, 6.59e-11
2022-11-09, 18:12:13, 8.24e-13, 6.61e-11
2022-11-09, 18:12:17, 8.77e-13, 6.56e-11
2022-11-09, 18:12:21, 9.26e-13, 6.6e-11
2022-11-09, 18:12:25, 9.08e-13, 6.6e-11
2022-11-09, 18:12:29, 9.04e-13, 6.62e-11
2022-11-09, 18:12:34, 8.93e-13, 6.62e-11
2022-11-09, 18:12:38, 8.54e-13, 6.61e-11
2022-11-09, 18:12:42, 8.87e-13, 6.58e-11
2022-11-09, 18:12:46, 9.12e-13, 6.6e-11
2022-11-09, 18:12:51, 8.91e-13, 6.6e-11
2022-11-09, 18:12:55, 8.75e-13, 6.62e-11
2022-11-09, 18:12:59, 9e-13, 6.64e-11
2022-11-09, 18:13:03, 9.22e-13, 6.61e-11
2022-11-09, 18:13:07, 8.73e-13, 6.59e-11
2022-11-09, 18:13:12, 8.84e-13, 6.67e-11
2022-11-09, 18:13:16, 9.47e-13, 6.64e-11
2022-11-09, 18:13:20, 8.64e-13, 6.63e-11
2022-11-09, 18:13:24, 9.06e-13, 6.65e-11
2022-11-09, 18:13:29, 8.27e-13, 6.63e-11
2022-11-09, 18:13:33, 8.04e-13, 6.67e-11
2022-11-09, 18:13:37, 9e-13, 6.61e-11
2022-11-09, 18:13:41, 9.51e-13, 6.65e-11
2022-11-09, 18:13:45, 8.79e-13, 6.63e-11
2022-11-09, 18:13:50, 8.59e-13, 6.64e-11
2022-11-09, 18:13:54, 8.86e-13, 6.63e-11
2022-11-09, 18:13:58, 9.51e-13, 6.66e-11
2022-11-09, 18:14:02, 9.03e-13, 6.65e-11
2022-11-09, 18:14:07, 8.74e-13, 6.62e-11
2022-11-09, 18:14:11, 9.03e-13, 6.64e-11
2022-11-09, 18:14:15, 8.39e-13, 6.66e-11
2022-11-09, 18:14:19, 9.23e-13, 6.59e-11
2022-11-09, 18:14:23, 9.11e-13, 6.63e-11
2022-11-09, 18:14:28, 9.34e-13, 6.63e-11
2022-11-09, 18:14:32, 8.3e-13, 6.65e-11
2022-11-09, 18:14:36, 9.28e-13, 6.66e-11
2022-11-09, 18:14:40, 8.43e-13, 6.59e-11
2022-11-09, 18:14:45, 9.14e-13, 6.6e-11
2022-11-09, 18:14:49, 8.71e-13, 6.61e-11
2022-11-09, 18:14:53, 9.32e-13, 6.58e-11
2022-11-09, 18:14:57, 8.75e-13, 6.62e-11
2022-11-09, 18:15:01, 9.12e-13, 6.63e-11
2022-11-09, 18:15:06, 8.17e-13, 6.63e-11
2022-11-09, 18:15:10, 9.23e-13, 6.65e-11
2022-11-09, 18:15:14, 9.23e-13, 6.63e-11
2022-11-09, 18:15:18, 9.44e-13, 6.62e-11
2022-11-09, 18:15:23, 8.78e-13, 6.63e-11
2022-11-09, 18:15:27, 8.36e-13, 6.62e-11
2022-11-09, 18:15:31, 9.27e-13, 6.63e-11
2022-11-09, 18:15:35, 9.27e-13, 6.64e-11
2022-11-09, 18:15:39, 8.68e-13, 6.63e-11
2022-11-09, 18:15:44, 8.87e-13, 6.63e-11
2022-11-09, 18:15:48, 9.26e-13, 6.59e-11
2022-11-09, 18:15:52, 8.48e-13, 6.63e-11
2022-11-09, 18:15:56, 9.19e-13, 6.63e-11
2022-11-09, 18:16:00, 9.47e-13, 6.64e-11
2022-11-09, 18:16:05, 9.13e-13, 6.6e-11
2022-11-09, 18:16:09, 8.83e-13, 6.64e-11
2022-11-09, 18:16:13, 8.93e-13, 6.64e-11
2022-11-09, 18:16:17, 8.69e-13, 6.61e-11
2022-11-09, 18:16:22, 8.88e-13, 6.48e-11
2022-11-09, 18:16:26, 9.17e-13, 6.64e-11
2022-11-09, 18:16:30, 9.67e-13, 6.6e-11
2022-11-09, 18:16:34, 9.27e-13, 6.65e-11
2022-11-09, 18:16:38, 8.71e-13, 6.64e-11
2022-11-09, 18:16:43, 9.06e-13, 6.63e-11
2022-11-09, 18:16:47, 8.74e-13, 6.63e-11
2022-11-09, 18:16:51, 8.98e-13, 6.63e-11
2022-11-09, 18:16:55, 8.37e-13, 6.63e-11
2022-11-09, 18:17:00, 8.96e-13, 6.66e-11
2022-11-09, 18:17:04, 8.23e-13, 6.64e-11
2022-11-09, 18:17:08, 9e-13, 6.62e-11
2022-11-09, 18:17:12, 8.81e-13, 6.66e-11
2022-11-09, 18:17:16, 9.5e-13, 6.64e-11
2022-11-09, 18:17:21, 9.08e-13, 6.64e-11
2022-11-09, 18:17:25, 8.96e-13, 6.58e-11
2022-11-09, 18:17:29, 8.98e-13, 6.63e-11
2022-11-09, 18:17:33, 9.52e-13, 6.64e-11
2022-11-09, 18:17:38, 9.39e-13, 6.62e-11
2022-11-09, 18:17:42, 8.84e-13, 6.62e-11
2022-11-09, 18:17:46, 8.69e-13, 6.62e-11
2022-11-09, 18:17:50, 8.12e-13, 6.58e-11
2022-11-09, 18:17:54, 8.59e-13, 6.63e-11
2022-11-09, 18:17:59, 8.74e-13, 6.65e-11
2022-11-09, 18:18:03, 8.89e-13, 6.58e-11
2022-11-09, 18:18:07, 9.43e-13, 6.61e-11
2022-11-09, 18:18:11, 9.28e-13, 6.61e-11
2022-11-09, 18:18:16, 9.32e-13, 6.63e-11
2022-11-09, 18:18:20, 1.07e-12, 6.62e-11
2022-11-09, 18:18:24, 9.64e-13, 6.64e-11
2022-11-09, 18:18:28, 9.11e-13, 6.59e-11
2022-11-09, 18:18:32, 9.64e-13, 6.62e-11
2022-11-09, 18:18:37, 8.98e-13, 6.62e-11
2022-11-09, 18:18:41, 9.28e-13, 6.59e-11
2022-11-09, 18:18:45, 8.31e-13, 6.6e-11
2022-11-09, 18:18:49, 9.34e-13, 6.61e-11
2022-11-09, 18:18:54, 9.64e-13, 6.6e-11
2022-11-09, 18:18:58, 7.81e-13, 6.69e-11
2022-11-09, 18:19:02, 9.06e-13, 6.63e-11
2022-11-09, 18:19:06, 9.22e-13, 6.62e-11
2022-11-09, 18:19:10, 9.46e-13, 6.61e-11
2022-11-09, 18:19:15, 8.99e-13, 6.61e-11
2022-11-09, 18:19:19, 8.61e-13, 6.64e-11
2022-11-09, 18:19:23, 8.8e-13, 6.71e-11
2022-11-09, 18:19:27, 8.88e-13, 6.62e-11
2022-11-09, 18:19:31, 9.04e-13, 6.63e-11
2022-11-09, 18:19:36, 8.89e-13, 6.62e-11
2022-11-09, 18:19:40, 9.62e-13, 6.66e-11
2022-11-09, 18:19:44, 8.88e-13, 6.6e-11
2022-11-09, 18:19:48, 8.64e-13, 6.59e-11
2022-11-09, 18:19:53, 8.92e-13, 6.61e-11
2022-11-09, 18:19:57, 9.26e-13, 6.64e-11
2022-11-09, 18:20:01, 9.39e-13, 6.58e-11
2022-11-09, 18:20:05, 8.66e-13, 6.6e-11
2022-11-09, 18:20:09, 9.06e-13, 6.63e-11
2022-11-09, 18:20:14, 8.14e-13, 6.6e-11
2022-11-09, 18:20:18, 7.95e-13, 6.61e-11
2022-11-09, 18:20:22, 8.63e-13, 6.59e-11
2022-11-09, 18:20:26, 8.39e-13, 6.65e-11
2022-11-09, 18:20:31, 8.9e-13, 6.62e-11
2022-11-09, 18:20:35, 8.61e-13, 6.67e-11
2022-11-09, 18:20:39, 8.75e-13, 6.65e-11
2022-11-09, 18:20:43, 9.34e-13, 6.58e-11
2022-11-09, 18:20:47, 8.86e-13, 6.61e-11
2022-11-09, 18:20:52, 8.85e-13, 6.6e-11
2022-11-09, 18:20:56, 8.76e-13, 6.55e-11
2022-11-09, 18:21:00, 9.27e-13, 6.59e-11
2022-11-09, 18:21:04, 9.38e-13, 6.6e-11
2022-11-09, 18:21:09, 8.69e-13, 6.57e-11
2022-11-09, 18:21:13, 9.74e-13, 6.6e-11
2022-11-09, 18:21:17, 9.24e-13, 6.63e-11
2022-11-09, 18:21:21, 8.56e-13, 6.61e-11
2022-11-09, 18:21:25, 7.61e-13, 6.71e-11
2022-11-09, 18:21:30, 8.24e-13, 6.6e-11
2022-11-09, 18:21:34, 8.51e-13, 6.6e-11
2022-11-09, 18:21:38, 9.39e-13, 6.61e-11
2022-11-09, 18:21:42, 8.95e-13, 6.6e-11
2022-11-09, 18:21:47, 8.76e-13, 6.64e-11
2022-11-09, 18:21:51, 8.98e-13, 6.63e-11
2022-11-09, 18:21:55, 9.8e-13, 6.62e-11
2022-11-09, 18:21:59, 1.01e-12, 6.6e-11
2022-11-09, 18:22:03, 8.78e-13, 6.62e-11
2022-11-09, 18:22:08, 9.97e-13, 6.6e-11
2022-11-09, 18:22:12, 9.02e-13, 6.62e-11
2022-11-09, 18:22:16, 9.37e-13, 6.59e-11
2022-11-09, 18:22:20, 9.37e-13, 6.59e-11
2022-11-09, 18:22:25, 8.85e-13, 6.65e-11
2022-11-09, 18:22:29, 8.71e-13, 6.63e-11
2022-11-09, 18:22:33, 9.42e-13, 6.55e-11
2022-11-09, 18:22:37, 9e-13, 6.61e-11
2022-11-09, 18:22:41, 8.78e-13, 6.57e-11
2022-11-09, 18:22:46, 8.55e-13, 6.63e-11
2022-11-09, 18:22:50, 7.93e-13, 6.58e-11
2022-11-09, 18:22:54, 8.68e-13, 6.58e-11
2022-11-09, 18:22:58, 8.64e-13, 6.55e-11
2022-11-09, 18:23:02, 8.87e-13, 6.64e-11
2022-11-09, 18:23:07, 9e-13, 6.57e-11
2022-11-09, 18:23:11, 8.61e-13, 6.62e-11
2022-11-09, 18:23:15, 9.16e-13, 6.58e-11
2022-11-09, 18:23:19, 8.1e-13, 6.62e-11
2022-11-09, 18:23:24, 9.43e-13, 6.59e-11
2022-11-09, 18:23:28, 8.72e-13, 6.62e-11
2022-11-09, 18:23:32, 8.69e-13, 6.63e-11
2022-11-09, 18:23:36, 8.51e-13, 6.61e-11
2022-11-09, 18:23:40, 9.25e-13, 6.64e-11
2022-11-09, 18:23:45, 9.32e-13, 6.61e-11
2022-11-09, 18:23:49, 8.37e-13, 6.57e-11
2022-11-09, 18:23:53, 8.62e-13, 6.6e-11
2022-11-09, 18:23:57, 8.54e-13, 6.62e-11
2022-11-09, 18:24:02, 9e-13, 6.62e-11
2022-11-09, 18:24:06, 8.79e-13, 6.66e-11
2022-11-09, 18:24:10, 8.45e-13, 6.56e-11
2022-11-09, 18:24:14, 9.26e-13, 6.66e-11
2022-11-09, 18:24:18, 9.51e-13, 6.61e-11
2022-11-09, 18:24:23, 9.59e-13, 6.62e-11
2022-11-09, 18:24:27, 8.83e-13, 6.61e-11
2022-11-09, 18:24:31, 9.26e-13, 6.64e-11
2022-11-09, 18:24:35, 9.36e-13, 6.58e-11
2022-11-09, 18:24:40, 8.64e-13, 6.63e-11
2022-11-09, 18:24:44, 9.19e-13, 6.63e-11
2022-11-09, 18:24:48, 9.16e-13, 6.61e-11
2022-11-09, 18:24:52, 7.97e-13, 6.66e-11
2022-11-09, 18:24:56, 7.13e-13, 6.65e-11
2022-11-09, 18:25:01, 9e-13, 6.63e-11
2022-11-09, 18:25:05, 9.02e-13, 6.62e-11
2022-11-09, 18:25:09, 9.03e-13, 6.64e-11
2022-11-09, 18:25:13, 9.14e-13, 6.6e-11
2022-11-09, 18:25:18, 8.72e-13, 6.6e-11
2022-11-09, 18:25:22, 8.86e-13, 6.59e-11
2022-11-09, 18:25:26, 9.36e-13, 6.58e-11
2022-11-09, 18:25:30, 8.9e-13, 6.61e-11
2022-11-09, 18:25:34, 8.88e-13, 6.6e-11
2022-11-09, 18:25:39, 8.54e-13, 6.61e-11
2022-11-09, 18:25:43, 8.74e-13, 6.61e-11
2022-11-09, 18:25:47, 9.32e-13, 6.58e-11
2022-11-09, 18:25:51, 8.54e-13, 6.56e-11
2022-11-09, 18:25:56, 9.26e-13, 6.59e-11
2022-11-09, 18:26:00, 8.77e-13, 6.63e-11
2022-11-09, 18:26:04, 8.67e-13, 6.63e-11
2022-11-09, 18:26:08, 1.06e-12, 6.59e-11
2022-11-09, 18:26:12, 8.52e-13, 6.6e-11
2022-11-09, 18:26:17, 8.86e-13, 6.62e-11
2022-11-09, 18:26:21, 8.72e-13, 6.61e-11
2022-11-09, 18:26:25, 8.52e-13, 6.63e-11
2022-11-09, 18:26:29, 8.59e-13, 6.59e-11
2022-11-09, 18:26:33, 9.08e-13, 6.62e-11
2022-11-09, 18:26:38, 8.59e-13, 6.62e-11
2022-11-09, 18:26:42, 9.05e-13, 6.63e-11
2022-11-09, 18:26:46, 8.89e-13, 6.66e-11
2022-11-09, 18:26:50, 8.36e-13, 6.6e-11
2022-11-09, 18:26:55, 9.29e-13, 6.59e-11
2022-11-09, 18:26:59, 8.68e-13, 6.63e-11
2022-11-09, 18:27:03, 8.94e-13, 6.62e-11
2022-11-09, 18:27:07, 9.2e-13, 6.6e-11
2022-11-09, 18:27:11, 8.46e-13, 6.61e-11
2022-11-09, 18:27:16, 8.71e-13, 6.62e-11
2022-11-09, 18:27:20, 8.84e-13, 6.61e-11
2022-11-09, 18:27:24, 9.02e-13, 6.64e-11
2022-11-09, 18:27:28, 8.91e-13, 6.61e-11
2022-11-09, 18:27:33, 9.23e-13, 6.56e-11
2022-11-09, 18:27:37, 8.25e-13, 6.63e-11
2022-11-09, 18:27:41, 8.94e-13, 6.6e-11
2022-11-09, 18:27:45, 8.84e-13, 6.62e-11
2022-11-09, 18:27:49, 9.68e-13, 6.6e-11
2022-11-09, 18:27:54, 8.04e-13, 6.63e-11
2022-11-09, 18:27:58, 8.77e-13, 6.58e-11
2022-11-09, 18:28:02, 9.08e-13, 6.59e-11
2022-11-09, 18:28:06, 8.74e-13, 6.62e-11
2022-11-09, 18:28:11, 9.01e-13, 6.58e-11
2022-11-09, 18:28:15, 9.85e-13, 6.58e-11
2022-11-09, 18:28:19, 8.78e-13, 6.59e-11
2022-11-09, 18:28:23, 8.65e-13, 6.62e-11
2022-11-09, 18:28:27, 8.99e-13, 6.6e-11
2022-11-09, 18:28:32, 9.03e-13, 6.6e-11
2022-11-09, 18:28:36, 8.09e-13, 6.62e-11
2022-11-09, 18:28:40, 9.14e-13, 6.57e-11
2022-11-09, 18:28:44, 8.8e-13, 6.54e-11
2022-11-09, 18:28:49, 8.98e-13, 6.58e-11
2022-11-09, 18:28:53, 9.35e-13, 6.63e-11
2022-11-09, 18:28:57, 9.28e-13, 6.59e-11
2022-11-09, 18:29:01, 9.54e-13, 6.63e-11
2022-11-09, 18:29:05, 9.27e-13, 6.63e-11
2022-11-09, 18:29:10, 8.41e-13, 6.59e-11
2022-11-09, 18:29:14, 8.49e-13, 6.65e-11
2022-11-09, 18:29:18, 8.51e-13, 6.6e-11
2022-11-09, 18:29:22, 7.57e-13, 6.61e-11
2022-11-09, 18:29:27, 8.73e-13, 6.62e-11
2022-11-09, 18:29:31, 8.44e-13, 6.6e-11
2022-11-09, 18:29:35, 8.45e-13, 6.64e-11
2022-11-09, 18:29:39, 8.83e-13, 6.58e-11
2022-11-09, 18:29:43, 9.04e-13, 6.58e-11
2022-11-09, 18:29:48, 8.35e-13, 6.6e-11
2022-11-09, 18:29:52, 8.76e-13, 6.64e-11
2022-11-09, 18:29:56, 8.85e-13, 6.6e-11
2022-11-09, 18:30:00, 8.5e-13, 6.59e-11
2022-11-09, 18:30:05, 9.41e-13, 6.65e-11
2022-11-09, 18:30:09, 8.14e-13, 6.73e-11
2022-11-09, 18:30:13, 8.6e-13, 6.64e-11
2022-11-09, 18:30:17, 8.45e-13, 6.56e-11
2022-11-09, 18:30:21, 8.85e-13, 6.6e-11
2022-11-09, 18:30:26, 8.5e-13, 6.74e-11
2022-11-09, 18:30:30, 8.45e-13, 6.59e-11
2022-11-09, 18:30:34, 8.95e-13, 6.63e-11
2022-11-09, 18:30:38, 9.34e-13, 6.61e-11
2022-11-09, 18:30:43, 8.58e-13, 6.6e-11
2022-11-09, 18:30:47, 9.44e-13, 6.68e-11
2022-11-09, 18:30:51, 9.16e-13, 6.59e-11
2022-11-09, 18:30:55, 8.88e-13, 6.66e-11
2022-11-09, 18:30:59, 9.08e-13, 6.52e-11
2022-11-09, 18:31:04, 8.53e-13, 6.62e-11
2022-11-09, 18:31:08, 8.77e-13, 6.64e-11
2022-11-09, 18:31:12, 9.52e-13, 6.61e-11
2022-11-09, 18:31:16, 1e-12, 6.6e-11
2022-11-09, 18:31:20, 8.92e-13, 6.59e-11
2022-11-09, 18:31:25, 8.37e-13, 6.58e-11
2022-11-09, 18:31:29, 8.37e-13, 6.62e-11
2022-11-09, 18:31:33, 8.52e-13, 6.59e-11
2022-11-09, 18:31:37, 8.23e-13, 6.61e-11
2022-11-09, 18:31:42, 8.7e-13, 6.56e-11
2022-11-09, 18:31:46, 8.76e-13, 6.62e-11
2022-11-09, 18:31:50, 8.83e-13, 6.61e-11
2022-11-09, 18:31:54, 9.1e-13, 6.58e-11
2022-11-09, 18:31:58, 9.45e-13, 6.6e-11
2022-11-09, 18:32:03, 9.45e-13, 6.62e-11
2022-11-09, 18:32:07, 8.85e-13, 6.63e-11
2022-11-09, 18:32:11, 8.13e-13, 6.6e-11
2022-11-09, 18:32:15, 8.88e-13, 6.59e-11
2022-11-09, 18:32:20, 9.11e-13, 6.59e-11
2022-11-09, 18:32:24, 8.36e-13, 6.64e-11
2022-11-09, 18:32:28, 7.26e-13, 6.63e-11
2022-11-09, 18:32:32, 9.22e-13, 6.64e-11
2022-11-09, 18:32:36, 9.21e-13, 6.6e-11
2022-11-09, 18:32:41, 8.2e-13, 6.6e-11
2022-11-09, 18:32:45, 8.81e-13, 6.63e-11
2022-11-09, 18:32:49, 7.73e-13, 6.61e-11
2022-11-09, 18:32:53, 8.67e-13, 6.68e-11
2022-11-09, 18:32:58, 8.75e-13, 6.6e-11
2022-11-09, 18:33:02, 9.41e-13, 6.62e-11
2022-11-09, 18:33:06, 8.47e-13, 6.62e-11
2022-11-09, 18:33:10, 9.41e-13, 6.62e-11
2022-11-09, 18:33:14, 9.43e-13, 6.59e-11
2022-11-09, 18:33:19, 8.79e-13, 6.64e-11
2022-11-09, 18:33:23, 8.67e-13, 6.61e-11
2022-11-09, 18:33:27, 9.35e-13, 6.63e-11
2022-11-09, 18:33:31, 8.88e-13, 6.59e-11
2022-11-09, 18:33:36, 8.75e-13, 6.6e-11
2022-11-09, 18:33:40, 9.13e-13, 6.58e-11
2022-11-09, 18:33:44, 9.03e-13, 6.6e-11
2022-11-09, 18:33:48, 8.77e-13, 6.6e-11
2022-11-09, 18:33:52, 8.88e-13, 6.57e-11
2022-11-09, 18:33:57, 8.08e-13, 6.64e-11
2022-11-09, 18:34:01, 9.09e-13, 6.6e-11
2022-11-09, 18:34:05, 8.43e-13, 6.59e-11
2022-11-09, 18:34:09, 9.21e-13, 6.61e-11
2022-11-09, 18:34:14, 8.69e-13, 6.58e-11
2022-11-09, 18:34:18, 8.59e-13, 6.61e-11
2022-11-09, 18:34:22, 9.47e-13, 6.62e-11
2022-11-09, 18:34:26, 8.58e-13, 6.64e-11
2022-11-09, 18:34:30, 9.02e-13, 6.59e-11
2022-11-09, 18:34:35, 8.84e-13, 6.63e-11
2022-11-09, 18:34:39, 8.74e-13, 6.62e-11
2022-11-09, 18:34:43, 8.36e-13, 6.62e-11
2022-11-09, 18:34:47, 8.58e-13, 6.57e-11
2022-11-09, 18:34:51, 8.71e-13, 6.59e-11
2022-11-09, 18:34:56, 8.92e-13, 6.6e-11
2022-11-09, 18:35:00, 8.93e-13, 6.64e-11
2022-11-09, 18:35:04, 9.2e-13, 6.64e-11
2022-11-09, 18:35:08, 8.34e-13, 6.6e-11
2022-11-09, 18:35:13, 9.13e-13, 6.58e-11
2022-11-09, 18:35:17, 9.04e-13, 6.58e-11
2022-11-09, 18:35:21, 9.31e-13, 6.63e-11
2022-11-09, 18:35:25, 8.94e-13, 6.61e-11
2022-11-09, 18:35:30, 8.35e-13, 6.63e-11
2022-11-09, 18:35:34, 8.89e-13, 6.59e-11
2022-11-09, 18:35:38, 8.62e-13, 6.6e-11
2022-11-09, 18:35:42, 8.04e-13, 6.59e-11
2022-11-09, 18:35:46, 8.03e-13, 6.62e-11
2022-11-09, 18:35:51, 8.73e-13, 6.63e-11
2022-11-09, 18:35:55, 9.03e-13, 6.6e-11
2022-11-09, 18:35:59, 9.22e-13, 6.6e-11
2022-11-09, 18:36:03, 9.07e-13, 6.58e-11
2022-11-09, 18:36:07, 8.83e-13, 6.58e-11
2022-11-09, 18:36:12, 8.64e-13, 6.6e-11
2022-11-09, 18:36:16, 8.55e-13, 6.64e-11
2022-11-09, 18:36:20, 9.42e-13, 6.62e-11
2022-11-09, 18:36:24, 9e-13, 6.62e-11
2022-11-09, 18:36:29, 9.38e-13, 6.61e-11
2022-11-09, 18:36:33, 9.02e-13, 6.62e-11
2022-11-09, 18:36:37, 8.78e-13, 6.66e-11
2022-11-09, 18:36:41, 8.9e-13, 6.63e-11
2022-11-09, 18:36:45, 8.77e-13, 6.61e-11
2022-11-09, 18:36:50, 9.14e-13, 6.59e-11
2022-11-09, 18:36:54, 8.97e-13, 6.59e-11
2022-11-09, 18:36:58, 9.31e-13, 6.66e-11
2022-11-09, 18:37:02, 8.88e-13, 6.61e-11
2022-11-09, 18:37:07, 8.5e-13, 6.64e-11
2022-11-09, 18:37:11, 8.89e-13, 6.65e-11
2022-11-09, 18:37:15, 8.95e-13, 6.62e-11
2022-11-09, 18:37:19, 8.81e-13, 6.62e-11
2022-11-09, 18:37:23, 8.91e-13, 6.62e-11
2022-11-09, 18:37:28, 9.41e-13, 6.6e-11
2022-11-09, 18:37:32, 9.42e-13, 6.6e-11
2022-11-09, 18:37:36, 1.05e-12, 6.63e-11
2022-11-09, 18:37:40, 7.91e-13, 6.63e-11
2022-11-09, 18:37:45, 8.46e-13, 6.59e-11
2022-11-09, 18:37:49, 9.21e-13, 6.58e-11
2022-11-09, 18:37:53, 8.32e-13, 6.72e-11
2022-11-09, 18:37:57, 8.92e-13, 6.6e-11
2022-11-09, 18:38:01, 9.11e-13, 6.59e-11
2022-11-09, 18:38:06, 9.34e-13, 6.6e-11
2022-11-09, 18:38:10, 9.11e-13, 6.63e-11
2022-11-09, 18:38:14, 8.81e-13, 6.61e-11
2022-11-09, 18:38:18, 9.57e-13, 6.6e-11
2022-11-09, 18:38:23, 8.92e-13, 6.61e-11
2022-11-09, 18:38:27, 9.65e-13, 6.61e-11
2022-11-09, 18:38:31, 9.07e-13, 6.63e-11
2022-11-09, 18:38:35, 9.85e-13, 6.6e-11
2022-11-09, 18:38:39, 8.59e-13, 6.56e-11
2022-11-09, 18:38:44, 8.41e-13, 6.65e-11
2022-11-09, 18:38:48, 9.09e-13, 6.62e-11
2022-11-09, 18:38:52, 8.72e-13, 6.65e-11
2022-11-09, 18:38:56, 8.74e-13, 6.62e-11
2022-11-09, 18:39:01, 9.43e-13, 6.64e-11
2022-11-09, 18:39:05, 8.7e-13, 6.63e-11
2022-11-09, 18:39:09, 9.02e-13, 6.65e-11
2022-11-09, 18:39:13, 8.62e-13, 6.67e-11
2022-11-09, 18:39:17, 9.74e-13, 6.64e-11
2022-11-09, 18:39:22, 8.96e-13, 6.62e-11
2022-11-09, 18:39:26, 8.97e-13, 6.63e-11
2022-11-09, 18:39:30, 9.48e-13, 6.64e-11
2022-11-09, 18:39:34, 9.4e-13, 6.63e-11
2022-11-09, 18:39:39, 8.89e-13, 6.62e-11
2022-11-09, 18:39:43, 9.82e-13, 6.63e-11
2022-11-09, 18:39:47, 9.64e-13, 6.63e-11
2022-11-09, 18:39:51, 8.75e-13, 6.61e-11
2022-11-09, 18:39:55, 9.09e-13, 6.58e-11
2022-11-09, 18:40:00, 8.18e-13, 6.64e-11
2022-11-09, 18:40:04, 9e-13, 6.62e-11
2022-11-09, 18:40:08, 9.17e-13, 6.65e-11
2022-11-09, 18:40:12, 9.29e-13, 6.65e-11
2022-11-09, 18:40:17, 9.08e-13, 6.65e-11
2022-11-09, 18:40:21, 9.1e-13, 6.49e-11
2022-11-09, 18:40:25, 8.75e-13, 6.61e-11
2022-11-09, 18:40:29, 9.51e-13, 6.62e-11
2022-11-09, 18:40:33, 9.56e-13, 6.63e-11
2022-11-09, 18:40:38, 9.12e-13, 6.57e-11
2022-11-09, 18:40:42, 8.28e-13, 6.59e-11
2022-11-09, 18:40:46, 8.77e-13, 6.61e-11
2022-11-09, 18:40:50, 8.55e-13, 6.63e-11
2022-11-09, 18:40:54, 8.48e-13, 6.62e-11
2022-11-09, 18:40:59, 9.16e-13, 6.6e-11
2022-11-09, 18:41:03, 8.27e-13, 6.6e-11
2022-11-09, 18:41:07, 9.03e-13, 6.63e-11
2022-11-09, 18:41:11, 1.04e-12, 6.65e-11
2022-11-09, 18:41:16, 9.01e-13, 6.62e-11
2022-11-09, 18:41:20, 9.15e-13, 6.62e-11
2022-11-09, 18:41:24, 8.51e-13, 6.6e-11
2022-11-09, 18:41:28, 9.29e-13, 6.65e-11
2022-11-09, 18:41:33, 9.14e-13, 6.67e-11
2022-11-09, 18:41:37, 7.81e-13, 6.65e-11
2022-11-09, 18:41:41, 1.08e-12, 6.6e-11
2022-11-09, 18:41:45, 9.18e-13, 6.63e-11
2022-11-09, 18:41:49, 8.93e-13, 6.62e-11
2022-11-09, 18:41:54, 8.89e-13, 6.63e-11
2022-11-09, 18:41:58, 8.16e-13, 6.63e-11
2022-11-09, 18:42:02, 8.93e-13, 6.61e-11
2022-11-09, 18:42:06, 9.1e-13, 6.66e-11
2022-11-09, 18:42:11, 8.54e-13, 6.62e-11
2022-11-09, 18:42:15, 7.5e-13, 6.6e-11
2022-11-09, 18:42:19, 8.88e-13, 6.63e-11
2022-11-09, 18:42:23, 9.25e-13, 6.62e-11
2022-11-09, 18:42:27, 8.84e-13, 6.66e-11
2022-11-09, 18:42:32, 9.2e-13, 6.62e-11
2022-11-09, 18:42:36, 9.23e-13, 6.6e-11
2022-11-09, 18:42:40, 9.02e-13, 6.57e-11
2022-11-09, 18:42:44, 8.36e-13, 6.64e-11
2022-11-09, 18:42:48, 7.46e-13, 6.64e-11
2022-11-09, 18:42:53, 9.35e-13, 6.68e-11
2022-11-09, 18:42:57, 9.4e-13, 6.65e-11
2022-11-09, 18:43:01, 8.81e-13, 6.65e-11
2022-11-09, 18:43:05, 8.49e-13, 6.66e-11
2022-11-09, 18:43:10, 9.14e-13, 6.61e-11
2022-11-09, 18:43:14, 8.37e-13, 6.61e-11
2022-11-09, 18:43:18, 9.12e-13, 6.62e-11
2022-11-09, 18:43:22, 8.54e-13, 6.59e-11
2022-11-09, 18:43:26, 8.78e-13, 6.64e-11
2022-11-09, 18:43:31, 9.56e-13, 6.62e-11
2022-11-09, 18:43:35, 7.43e-13, 6.59e-11
2022-11-09, 18:43:39, 8.32e-13, 6.63e-11
2022-11-09, 18:43:43, 9.19e-13, 6.58e-11
2022-11-09, 18:43:48, 9.47e-13, 6.61e-11
2022-11-09, 18:43:52, 9.31e-13, 6.66e-11
2022-11-09, 18:43:56, 9.67e-13, 6.65e-11
2022-11-09, 18:44:00, 8.78e-13, 6.58e-11
2022-11-09, 18:44:04, 8.73e-13, 6.59e-11
2022-11-09, 18:44:09, 8.57e-13, 6.61e-11
2022-11-09, 18:44:13, 8.68e-13, 6.61e-11
2022-11-09, 18:44:17, 9.29e-13, 6.64e-11
2022-11-09, 18:44:21, 8.45e-13, 6.62e-11
2022-11-09, 18:44:26, 8.84e-13, 6.59e-11
2022-11-09, 18:44:30, 1.03e-12, 6.62e-11
2022-11-09, 18:44:34, 8.59e-13, 6.59e-11
2022-11-09, 18:44:38, 9e-13, 6.6e-11
2022-11-09, 18:44:42, 8.81e-13, 6.63e-11
2022-11-09, 18:44:47, 8.96e-13, 6.62e-11
2022-11-09, 18:44:51, 8.85e-13, 6.62e-11
2022-11-09, 18:44:55, 9.12e-13, 6.65e-11
2022-11-09, 18:44:59, 8.87e-13, 6.59e-11
2022-11-09, 18:45:04, 9.33e-13, 6.62e-11
2022-11-09, 18:45:08, 8.94e-13, 6.62e-11
2022-11-09, 18:45:12, 1e-12, 6.62e-11
2022-11-09, 18:45:16, 8.6e-13, 6.59e-11
2022-11-09, 18:45:20, 8.84e-13, 6.65e-11
2022-11-09, 18:45:25, 9.08e-13, 6.64e-11
2022-11-09, 18:45:29, 8.81e-13, 6.6e-11
2022-11-09, 18:45:33, 9.32e-13, 6.64e-11
2022-11-09, 18:45:37, 9.17e-13, 6.63e-11
2022-11-09, 18:45:42, 8.21e-13, 6.6e-11
2022-11-09, 18:45:46, 8.77e-13, 6.59e-11
2022-11-09, 18:45:50, 9.12e-13, 6.62e-11
2022-11-09, 18:45:54, 8.78e-13, 6.64e-11
2022-11-09, 18:45:58, 9.17e-13, 6.63e-11
2022-11-09, 18:46:03, 8.94e-13, 6.64e-11
2022-11-09, 18:46:07, 9.11e-13, 6.66e-11
2022-11-09, 18:46:11, 8.87e-13, 6.6e-11
2022-11-09, 18:46:15, 8.26e-13, 6.57e-11
2022-11-09, 18:46:20, 8.56e-13, 6.64e-11
2022-11-09, 18:46:24, 8.57e-13, 6.63e-11
2022-11-09, 18:46:28, 8.25e-13, 6.62e-11
2022-11-09, 18:46:32, 9.24e-13, 6.58e-11
2022-11-09, 18:46:36, 8.69e-13, 6.59e-11
2022-11-09, 18:46:41, 9.33e-13, 6.61e-11
2022-11-09, 18:46:45, 7.5e-13, 6.6e-11
2022-11-09, 18:46:49, 8.51e-13, 6.46e-11
2022-11-09, 18:46:53, 8.15e-13, 6.62e-11
2022-11-09, 18:46:57, 9e-13, 6.62e-11
2022-11-09, 18:47:02, 9.14e-13, 6.63e-11
2022-11-09, 18:47:06, 8.9e-13, 6.62e-11
2022-11-09, 18:47:10, 8.83e-13, 6.62e-11
2022-11-09, 18:47:14, 1.03e-12, 6.65e-11
2022-11-09, 18:47:19, 8.52e-13, 6.62e-11
2022-11-09, 18:47:23, 9.17e-13, 6.58e-11
2022-11-09, 18:47:27, 8.41e-13, 6.57e-11
2022-11-09, 18:47:31, 7.95e-13, 6.61e-11
2022-11-09, 18:47:35, 8.68e-13, 6.62e-11
2022-11-09, 18:47:40, 8.37e-13, 6.58e-11
2022-11-09, 18:47:44, 9.08e-13, 6.59e-11
2022-11-09, 18:47:48, 8.87e-13, 6.63e-11
2022-11-09, 18:47:52, 8.94e-13, 6.59e-11
2022-11-09, 18:47:57, 8.8e-13, 6.55e-11
2022-11-09, 18:48:01, 9.1e-13, 6.6e-11
2022-11-09, 18:48:05, 9.19e-13, 6.62e-11
2022-11-09, 18:48:09, 9.5e-13, 6.62e-11
2022-11-09, 18:48:13, 8.76e-13, 6.6e-11
2022-11-09, 18:48:18, 8.74e-13, 6.61e-11
2022-11-09, 18:48:22, 8.25e-13, 6.72e-11
2022-11-09, 18:48:26, 9.14e-13, 6.61e-11
2022-11-09, 18:48:30, 8.83e-13, 6.59e-11
2022-11-09, 18:48:35, 9.44e-13, 6.63e-11
2022-11-09, 18:48:39, 8.74e-13, 6.64e-11
2022-11-09, 18:48:43, 8.42e-13, 6.64e-11
2022-11-09, 18:48:47, 8.8e-13, 6.61e-11
2022-11-09, 18:48:51, 8.72e-13, 6.64e-11
2022-11-09, 18:48:56, 9.38e-13, 6.63e-11
2022-11-09, 18:49:00, 8.35e-13, 6.63e-11
2022-11-09, 18:49:04, 9.8e-13, 6.59e-11
2022-11-09, 18:49:08, 8.88e-13, 6.61e-11
2022-11-09, 18:49:13, 8.9e-13, 6.64e-11
2022-11-09, 18:49:17, 9.23e-13, 6.62e-11
2022-11-09, 18:49:21, 8.81e-13, 6.63e-11
2022-11-09, 18:49:25, 8.59e-13, 6.59e-11
2022-11-09, 18:49:29, 9.81e-13, 6.58e-11
2022-11-09, 18:49:34, 8.8e-13, 6.64e-11
2022-11-09, 18:49:38, 8.81e-13, 6.63e-11
2022-11-09, 18:49:42, 8.67e-13, 6.6e-11
2022-11-09, 18:49:46, 8.74e-13, 6.66e-11
2022-11-09, 18:49:51, 8.92e-13, 6.64e-11
2022-11-09, 18:49:55, 9.34e-13, 6.64e-11
2022-11-09, 18:49:59, 8.66e-13, 6.63e-11
2022-11-09, 18:50:03, 8.04e-13, 6.62e-11
2022-11-09, 18:50:07, 8.55e-13, 6.64e-11
2022-11-09, 18:50:12, 8.86e-13, 6.62e-11
2022-11-09, 18:50:16, 8.51e-13, 6.62e-11
2022-11-09, 18:50:20, 8.51e-13, 6.6e-11
2022-11-09, 18:50:24, 8.92e-13, 6.63e-11
2022-11-09, 18:50:28, 9.42e-13, 6.62e-11
2022-11-09, 18:50:33, 8.77e-13, 6.6e-11
2022-11-09, 18:50:37, 8.17e-13, 6.6e-11
2022-11-09, 18:50:41, 8.32e-13, 6.59e-11
2022-11-09, 18:50:45, 8.6e-13, 6.54e-11
2022-11-09, 18:50:50, 9.22e-13, 6.59e-11
2022-11-09, 18:50:54, 8.83e-13, 6.66e-11
2022-11-09, 18:50:58, 8.58e-13, 6.6e-11
2022-11-09, 18:51:02, 8.9e-13, 6.61e-11
2022-11-09, 18:51:06, 8.81e-13, 6.61e-11
2022-11-09, 18:51:11, 8.59e-13, 6.62e-11
2022-11-09, 18:51:15, 9.18e-13, 6.58e-11
2022-11-09, 18:51:19, 8.81e-13, 6.63e-11
2022-11-09, 18:51:23, 8.9e-13, 6.59e-11
2022-11-09, 18:51:28, 9.34e-13, 6.6e-11
2022-11-09, 18:51:32, 8.78e-13, 6.63e-11
2022-11-09, 18:51:36, 8.52e-13, 6.64e-11
2022-11-09, 18:51:40, 9.63e-13, 6.58e-11
2022-11-09, 18:51:44, 8.91e-13, 6.7e-11
2022-11-09, 18:51:49, 9.13e-13, 6.6e-11
2022-11-09, 18:51:53, 8.83e-13, 6.53e-11
2022-11-09, 18:51:57, 8.81e-13, 6.78e-11
2022-11-09, 18:52:01, 9.67e-13, 6.61e-11
2022-11-09, 18:52:06, 8.23e-13, 6.64e-11
2022-11-09, 18:52:10, 9.05e-13, 6.6e-11
2022-11-09, 18:52:14, 8.81e-13, 6.59e-11
2022-11-09, 18:52:18, 8.79e-13, 6.62e-11
2022-11-09, 18:52:22, 7.41e-13, 6.63e-11
2022-11-09, 18:52:27, 8.55e-13, 6.58e-11
2022-11-09, 18:52:31, 9.09e-13, 6.64e-11
2022-11-09, 18:52:35, 8.78e-13, 6.54e-11
2022-11-09, 18:52:39, 8.98e-13, 6.58e-11
2022-11-09, 18:52:44, 1.06e-12, 6.6e-11
2022-11-09, 18:52:48, 1e-12, 6.62e-11
2022-11-09, 18:52:52, 8.57e-13, 6.62e-11
2022-11-09, 18:52:56, 8.23e-13, 6.59e-11
2022-11-09, 18:53:00, 8.59e-13, 6.62e-11
2022-11-09, 18:53:05, 1.04e-12, 6.59e-11
2022-11-09, 18:53:09, 9.08e-13, 6.64e-11
2022-11-09, 18:53:13, 9.17e-13, 6.57e-11
2022-11-09, 18:53:17, 8.84e-13, 6.61e-11
2022-11-09, 18:53:22, 8.13e-13, 6.57e-11
2022-11-09, 18:53:26, 9.37e-13, 6.59e-11
2022-11-09, 18:53:30, 9.03e-13, 6.73e-11
2022-11-09, 18:53:34, 8.98e-13, 6.6e-11
2022-11-09, 18:53:38, 8.63e-13, 6.6e-11
2022-11-09, 18:53:43, 9.25e-13, 6.59e-11
2022-11-09, 18:53:47, 8.92e-13, 6.58e-11
2022-11-09, 18:53:51, 8.7e-13, 6.57e-11
2022-11-09, 18:53:55, 9.23e-13, 6.55e-11
2022-11-09, 18:54:00, 8.73e-13, 6.61e-11
2022-11-09, 18:54:04, 8.77e-13, 6.57e-11
2022-11-09, 18:54:08, 9.01e-13, 6.59e-11
2022-11-09, 18:54:12, 8.95e-13, 6.62e-11
2022-11-09, 18:54:16, 8.89e-13, 6.62e-11
2022-11-09, 18:54:21, 8.47e-13, 6.63e-11
2022-11-09, 18:54:25, 8.5e-13, 6.72e-11
2022-11-09, 18:54:29, 8.64e-13, 6.59e-11
2022-11-09, 18:54:33, 8.01e-13, 6.54e-11
2022-11-09, 18:54:37, 8.63e-13, 6.58e-11
2022-11-09, 18:54:42, 8.64e-13, 6.59e-11
2022-11-09, 18:54:46, 9.11e-13, 6.59e-11
2022-11-09, 18:54:50, 7.97e-13, 6.57e-11
2022-11-09, 18:54:54, 9.18e-13, 6.59e-11
2022-11-09, 18:54:59, 8.86e-13, 6.6e-11
2022-11-09, 18:55:03, 9.39e-13, 6.62e-11
2022-11-09, 18:55:07, 9.11e-13, 6.61e-11
2022-11-09, 18:55:11, 8.83e-13, 6.58e-11
2022-11-09, 18:55:15, 8.64e-13, 6.55e-11
2022-11-09, 18:55:20, 8.72e-13, 6.6e-11
2022-11-09, 18:55:24, 8.86e-13, 6.62e-11
2022-11-09, 18:55:28, 8.96e-13, 6.61e-11
2022-11-09, 18:55:32, 8.73e-13, 6.58e-11
2022-11-09, 18:55:37, 8.62e-13, 6.64e-11
2022-11-09, 18:55:41, 8.47e-13, 6.58e-11
2022-11-09, 18:55:45, 8.55e-13, 6.58e-11
2022-11-09, 18:55:49, 9.11e-13, 6.59e-11
2022-11-09, 18:55:53, 9.16e-13, 6.56e-11
2022-11-09, 18:55:58, 8.57e-13, 6.58e-11
2022-11-09, 18:56:02, 8.48e-13, 6.57e-11
2022-11-09, 18:56:06, 9.22e-13, 6.59e-11
2022-11-09, 18:56:10, 8.41e-13, 6.59e-11
2022-11-09, 18:56:15, 8.05e-13, 6.62e-11
2022-11-09, 18:56:19, 9.23e-13, 6.56e-11
2022-11-09, 18:56:23, 8.92e-13, 6.59e-11
2022-11-09, 18:56:27, 9.19e-13, 6.62e-11
2022-11-09, 18:56:31, 8.79e-13, 6.58e-11
2022-11-09, 18:56:36, 8.45e-13, 6.59e-11
2022-11-09, 18:56:40, 9.2e-13, 6.59e-11
2022-11-09, 18:56:44, 8.47e-13, 6.58e-11
2022-11-09, 18:56:48, 9.43e-13, 6.58e-11
2022-11-09, 18:56:53, 8.98e-13, 6.58e-11
2022-11-09, 18:56:57, 1.01e-12, 6.56e-11
2022-11-09, 18:57:01, 8.78e-13, 6.58e-11
2022-11-09, 18:57:05, 9.01e-13, 6.58e-11
2022-11-09, 18:57:09, 8.72e-13, 6.61e-11
2022-11-09, 18:57:14, 8.43e-13, 6.6e-11
2022-11-09, 18:57:18, 9.11e-13, 6.6e-11
2022-11-09, 18:57:22, 8.61e-13, 6.59e-11
2022-11-09, 18:57:26, 8.68e-13, 6.6e-11
2022-11-09, 18:57:31, 8.39e-13, 6.58e-11
2022-11-09, 18:57:35, 8.74e-13, 6.6e-11
2022-11-09, 18:57:39, 8.48e-13, 6.77e-11
2022-11-09, 18:57:43, 8.71e-13, 6.6e-11
2022-11-09, 18:57:47, 9.88e-13, 6.61e-11
2022-11-09, 18:57:52, 8.88e-13, 6.61e-11
2022-11-09, 18:57:56, 8.77e-13, 6.61e-11
2022-11-09, 18:58:00, 8.89e-13, 6.59e-11
2022-11-09, 18:58:04, 8.81e-13, 6.58e-11
2022-11-09, 18:58:09, 9.54e-13, 6.62e-11
2022-11-09, 18:58:13, 9.29e-13, 6.67e-11
2022-11-09, 18:58:17, 8.57e-13, 6.63e-11
2022-11-09, 18:58:21, 8.69e-13, 6.64e-11
2022-11-09, 18:58:25, 9.61e-13, 6.63e-11
2022-11-09, 18:58:30, 9.28e-13, 6.63e-11
2022-11-09, 18:58:34, 8.89e-13, 6.63e-11
2022-11-09, 18:58:38, 8.29e-13, 6.65e-11
2022-11-09, 18:58:42, 8.83e-13, 6.62e-11
2022-11-09, 18:58:46, 8.92e-13, 6.67e-11
2022-11-09, 18:58:51, 8.55e-13, 6.61e-11
2022-11-09, 18:58:55, 8.97e-13, 6.6e-11
2022-11-09, 18:58:59, 8.35e-13, 6.67e-11
2022-11-09, 18:59:03, 9.06e-13, 6.61e-11
2022-11-09, 18:59:08, 9.18e-13, 6.74e-11
2022-11-09, 18:59:12, 8.53e-13, 6.63e-11
2022-11-09, 18:59:16, 8.52e-13, 6.62e-11
2022-11-09, 18:59:20, 8.53e-13, 6.57e-11
2022-11-09, 18:59:24, 8.67e-13, 6.66e-11
2022-11-09, 18:59:29, 9.31e-13, 6.63e-11
2022-11-09, 18:59:33, 8.99e-13, 6.67e-11
2022-11-09, 18:59:37, 8.71e-13, 6.61e-11
2022-11-09, 18:59:41, 9.14e-13, 6.61e-11
2022-11-09, 18:59:46, 8.74e-13, 6.63e-11
2022-11-09, 18:59:50, 8.37e-13, 6.58e-11
2022-11-09, 18:59:54, 9.32e-13, 6.61e-11
2022-11-09, 18:59:58, 8.6e-13, 6.62e-11
2022-11-09, 19:00:02, 9.73e-13, 6.61e-11
2022-11-09, 19:00:07, 9.61e-13, 6.65e-11
2022-11-09, 19:00:11, 8.8e-13, 6.6e-11
2022-11-09, 19:00:15, 8.88e-13, 6.62e-11
2022-11-09, 19:00:27, 7.53e-13, 6.59e-11
2022-11-09, 19:00:35, 8.94e-13, 6.63e-11
2022-11-09, 19:00:39, 9.19e-13, 6.64e-11
2022-11-09, 19:00:44, 7.5e-13, 6.64e-11
2022-11-09, 19:00:48, 8.48e-13, 6.64e-11
2022-11-09, 19:00:52, 8.95e-13, 6.65e-11
2022-11-09, 19:00:56, 9.09e-13, 6.77e-11
2022-11-09, 19:01:00, 8.31e-13, 6.66e-11
2022-11-09, 19:01:05, 9.19e-13, 6.63e-11
2022-11-09, 19:01:09, 8.97e-13, 6.65e-11
2022-11-09, 19:01:13, 8.79e-13, 6.61e-11
2022-11-09, 19:01:17, 8.93e-13, 6.65e-11
2022-11-09, 19:01:22, 9.75e-13, 6.64e-11
2022-11-09, 19:01:26, 9.32e-13, 6.63e-11
2022-11-09, 19:01:30, 9.12e-13, 6.6e-11
2022-11-09, 19:01:34, 8.9e-13, 6.65e-11
2022-11-09, 19:01:38, 8.86e-13, 6.62e-11
2022-11-09, 19:01:43, 8.46e-13, 6.66e-11
2022-11-09, 19:01:47, 1.08e-12, 6.62e-11
2022-11-09, 19:01:51, 8.88e-13, 6.64e-11
2022-11-09, 19:01:55, 9.01e-13, 6.61e-11
2022-11-09, 19:02:00, 8.54e-13, 6.61e-11
2022-11-09, 19:02:04, 8.97e-13, 6.63e-11
2022-11-09, 19:02:08, 8.33e-13, 6.6e-11
2022-11-09, 19:02:12, 9.18e-13, 6.6e-11
2022-11-09, 19:02:16, 8.84e-13, 6.6e-11
2022-11-09, 19:02:21, 9.72e-13, 6.61e-11
2022-11-09, 19:02:25, 8.86e-13, 6.64e-11
2022-11-09, 19:02:29, 9.3e-13, 6.59e-11
2022-11-09, 19:02:33, 8.5e-13, 6.59e-11
2022-11-09, 19:02:38, 8.69e-13, 6.62e-11
2022-11-09, 19:02:42, 8.64e-13, 6.59e-11
2022-11-09, 19:02:46, 9.34e-13, 6.6e-11
2022-11-09, 19:02:50, 8.78e-13, 6.58e-11
2022-11-09, 19:02:54, 9.07e-13, 6.64e-11
2022-11-09, 19:02:59, 8.8e-13, 6.64e-11
2022-11-09, 19:03:03, 8.45e-13, 6.61e-11
2022-11-09, 19:03:07, 9.5e-13, 6.61e-11
2022-11-09, 19:03:11, 8.89e-13, 6.59e-11
2022-11-09, 19:03:16, 8.72e-13, 6.63e-11
2022-11-09, 19:03:20, 8.42e-13, 6.61e-11
2022-11-09, 19:03:24, 9.09e-13, 6.58e-11
2022-11-09, 19:03:28, 8.31e-13, 6.62e-11
2022-11-09, 19:03:32, 9.43e-13, 6.61e-11
2022-11-09, 19:03:37, 8.95e-13, 6.65e-11
2022-11-09, 19:03:41, 8.59e-13, 6.64e-11
2022-11-09, 19:03:45, 9e-13, 6.57e-11
2022-11-09, 19:03:49, 8.9e-13, 6.62e-11
2022-11-09, 19:03:54, 8.61e-13, 6.59e-11
2022-11-09, 19:03:58, 8.95e-13, 6.59e-11
2022-11-09, 19:04:02, 9.2e-13, 6.64e-11
2022-11-09, 19:04:06, 8.64e-13, 6.63e-11
2022-11-09, 19:04:10, 8.01e-13, 6.61e-11
2022-11-09, 19:04:15, 9.09e-13, 6.58e-11
2022-11-09, 19:04:19, 8.94e-13, 6.67e-11
2022-11-09, 19:04:23, 8.57e-13, 6.62e-11
2022-11-09, 19:04:27, 8.88e-13, 6.65e-11
2022-11-09, 19:04:31, 8.8e-13, 6.58e-11
2022-11-09, 19:04:36, 8.69e-13, 6.66e-11
2022-11-09, 19:04:40, 8.67e-13, 6.6e-11
2022-11-09, 19:04:44, 7.94e-13, 6.6e-11
2022-11-09, 19:04:48, 8.53e-13, 6.62e-11
2022-11-09, 19:04:53, 9e-13, 6.62e-11
2022-11-09, 19:04:57, 1e-12, 6.63e-11
2022-11-09, 19:05:01, 9.08e-13, 6.62e-11
2022-11-09, 19:05:05, 9.98e-13, 6.62e-11
2022-11-09, 19:05:09, 9.65e-13, 6.58e-11
2022-11-09, 19:05:14, 9.1e-13, 6.59e-11
2022-11-09, 19:05:18, 9.46e-13, 6.56e-11
2022-11-09, 19:05:22, 9.27e-13, 6.59e-11
2022-11-09, 19:05:26, 8.93e-13, 6.61e-11
2022-11-09, 19:05:31, 8.95e-13, 6.64e-11
2022-11-09, 19:05:35, 8.43e-13, 6.58e-11
2022-11-09, 19:05:39, 9.79e-13, 6.6e-11
2022-11-09, 19:05:43, 9.09e-13, 6.6e-11
2022-11-09, 19:05:47, 9.33e-13, 6.65e-11
2022-11-09, 19:05:52, 8.04e-13, 6.57e-11
2022-11-09, 19:05:56, 8.66e-13, 6.58e-11
2022-11-09, 19:06:00, 8.52e-13, 6.62e-11
2022-11-09, 19:06:04, 8.71e-13, 6.56e-11
2022-11-09, 19:06:09, 7.96e-13, 6.6e-11
2022-11-09, 19:06:13, 8.78e-13, 6.63e-11
2022-11-09, 19:06:17, 9.38e-13, 6.56e-11
2022-11-09, 19:06:21, 8.44e-13, 6.6e-11
2022-11-09, 19:06:25, 9.12e-13, 6.59e-11
2022-11-09, 19:06:30, 9.46e-13, 6.6e-11
2022-11-09, 19:06:34, 8.1e-13, 6.59e-11
2022-11-09, 19:06:38, 8.52e-13, 6.59e-11
2022-11-09, 19:06:42, 7.28e-13, 6.59e-11
2022-11-09, 19:06:47, 9.46e-13, 6.62e-11
2022-11-09, 19:06:51, 8.74e-13, 6.61e-11
2022-11-09, 19:06:55, 8.77e-13, 6.6e-11
2022-11-09, 19:06:59, 9.19e-13, 6.56e-11
2022-11-09, 19:07:03, 8.13e-13, 6.59e-11
2022-11-09, 19:07:08, 8.81e-13, 6.63e-11
2022-11-09, 19:07:12, 9.21e-13, 6.58e-11
2022-11-09, 19:07:16, 9.62e-13, 6.65e-11
2022-11-09, 19:07:20, 9.54e-13, 6.61e-11
2022-11-09, 19:07:25, 8.64e-13, 6.6e-11
2022-11-09, 19:07:29, 1.03e-12, 6.59e-11
2022-11-09, 19:07:33, 9.17e-13, 6.63e-11
2022-11-09, 19:07:37, 7.79e-13, 6.61e-11
2022-11-09, 19:07:41, 8.8e-13, 6.63e-11
2022-11-09, 19:07:46, 9.15e-13, 6.64e-11
2022-11-09, 19:07:50, 8.94e-13, 6.69e-11
2022-11-09, 19:07:54, 9.56e-13, 6.62e-11
2022-11-09, 19:07:58, 9.11e-13, 6.6e-11
2022-11-09, 19:08:03, 8.9e-13, 6.57e-11
2022-11-09, 19:08:07, 8.89e-13, 6.59e-11
2022-11-09, 19:08:11, 8.22e-13, 6.61e-11
2022-11-09, 19:08:15, 1.02e-12, 6.61e-11
2022-11-09, 19:08:19, 8.96e-13, 6.57e-11
2022-11-09, 19:08:24, 9.44e-13, 6.59e-11
2022-11-09, 19:08:28, 8.84e-13, 6.64e-11
2022-11-09, 19:08:32, 9.06e-13, 6.64e-11
2022-11-09, 19:08:36, 8.68e-13, 6.59e-11
2022-11-09, 19:08:41, 8.89e-13, 6.61e-11
2022-11-09, 19:08:45, 8.63e-13, 6.61e-11
2022-11-09, 19:08:49, 8.7e-13, 6.58e-11
2022-11-09, 19:08:53, 8.72e-13, 6.6e-11
2022-11-09, 19:08:57, 8.6e-13, 6.59e-11
2022-11-09, 19:09:02, 9.33e-13, 6.63e-11
2022-11-09, 19:09:06, 8.64e-13, 6.58e-11
2022-11-09, 19:09:10, 1.06e-12, 6.6e-11
2022-11-09, 19:09:14, 8.46e-13, 6.59e-11
2022-11-09, 19:09:19, 8.75e-13, 6.61e-11
2022-11-09, 19:09:23, 8.73e-13, 6.72e-11
2022-11-09, 19:09:27, 9.29e-13, 6.58e-11
2022-11-09, 19:09:31, 9.14e-13, 6.58e-11
2022-11-09, 19:09:35, 8.93e-13, 6.58e-11
2022-11-09, 19:09:40, 8.33e-13, 6.6e-11
2022-11-09, 19:09:44, 8.48e-13, 6.62e-11
2022-11-09, 19:09:48, 9.24e-13, 6.57e-11
2022-11-09, 19:09:52, 9.39e-13, 6.62e-11
2022-11-09, 19:09:56, 8.3e-13, 6.63e-11
2022-11-09, 19:10:01, 8.66e-13, 6.61e-11
2022-11-09, 19:10:05, 8e-13, 6.62e-11
2022-11-09, 19:10:09, 8.58e-13, 6.61e-11
2022-11-09, 19:10:13, 8.52e-13, 6.6e-11
2022-11-09, 19:10:18, 8.59e-13, 6.6e-11
2022-11-09, 19:10:22, 8.92e-13, 6.6e-11
2022-11-09, 19:10:26, 8.99e-13, 6.57e-11
2022-11-09, 19:10:30, 8.68e-13, 6.86e-11
2022-11-09, 19:10:34, 9.35e-13, 6.85e-11
2022-11-09, 19:10:39, 9.05e-13, 6.72e-11
2022-11-09, 19:10:43, 8.38e-13, 6.71e-11
2022-11-09, 19:10:47, 8.51e-13, 6.7e-11
2022-11-09, 19:10:51, 9.19e-13, 6.66e-11
2022-11-09, 19:10:56, 8.76e-13, 6.65e-11
2022-11-09, 19:11:00, 8.49e-13, 6.61e-11
2022-11-09, 19:11:04, 9.23e-13, 6.62e-11
2022-11-09, 19:11:08, 9.17e-13, 6.63e-11
2022-11-09, 19:11:12, 8.43e-13, 6.62e-11
2022-11-09, 19:11:17, 9.29e-13, 6.6e-11
2022-11-09, 19:11:21, 8.57e-13, 6.58e-11
2022-11-09, 19:11:25, 8.66e-13, 6.59e-11
2022-11-09, 19:11:29, 9e-13, 6.6e-11
2022-11-09, 19:11:34, 9.12e-13, 6.58e-11
2022-11-09, 19:11:38, 8.92e-13, 6.59e-11
2022-11-09, 19:11:42, 8.69e-13, 6.58e-11
2022-11-09, 19:11:46, 8.45e-13, 6.58e-11
2022-11-09, 19:11:50, 9.25e-13, 6.58e-11
2022-11-09, 19:11:55, 8.31e-13, 6.58e-11
2022-11-09, 19:11:59, 8.81e-13, 6.57e-11
2022-11-09, 19:12:03, 8.31e-13, 6.58e-11
2022-11-09, 19:12:07, 9.23e-13, 6.59e-11
2022-11-09, 19:12:12, 8.52e-13, 6.59e-11
2022-11-09, 19:12:16, 8.84e-13, 6.59e-11
2022-11-09, 19:12:20, 9.08e-13, 6.61e-11
2022-11-09, 19:12:24, 9.78e-13, 6.59e-11
2022-11-09, 19:12:28, 9.09e-13, 6.62e-11
2022-11-09, 19:12:33, 8.86e-13, 6.58e-11
2022-11-09, 19:12:37, 8.62e-13, 6.58e-11
2022-11-09, 19:12:41, 8.95e-13, 6.56e-11
2022-11-09, 19:12:45, 9e-13, 6.58e-11
2022-11-09, 19:12:50, 8.76e-13, 6.59e-11
2022-11-09, 19:12:54, 8.98e-13, 6.6e-11
2022-11-09, 19:12:58, 8.65e-13, 6.58e-11
2022-11-09, 19:13:02, 9.07e-13, 6.58e-11
2022-11-09, 19:13:06, 9.25e-13, 6.58e-11
2022-11-09, 19:13:11, 8.47e-13, 6.61e-11
2022-11-09, 19:13:15, 9.26e-13, 6.59e-11
2022-11-09, 19:13:19, 9.07e-13, 6.59e-11
2022-11-09, 19:13:23, 8.76e-13, 6.6e-11
2022-11-09, 19:13:28, 9.27e-13, 6.6e-11
2022-11-09, 19:13:32, 8.78e-13, 6.57e-11
2022-11-09, 19:13:36, 8.97e-13, 6.58e-11
2022-11-09, 19:13:40, 9.21e-13, 6.58e-11
2022-11-09, 19:13:44, 9.23e-13, 6.59e-11
2022-11-09, 19:13:49, 9.1e-13, 6.57e-11
2022-11-09, 19:13:53, 9.56e-13, 6.59e-11
2022-11-09, 19:13:57, 8.5e-13, 6.56e-11
2022-11-09, 19:14:01, 9.1e-13, 6.62e-11
2022-11-09, 19:14:06, 9.13e-13, 6.59e-11
2022-11-09, 19:14:10, 8.66e-13, 6.61e-11
2022-11-09, 19:14:14, 8.56e-13, 6.59e-11
2022-11-09, 19:14:18, 9.01e-13, 6.6e-11
2022-11-09, 19:14:22, 8.91e-13, 6.58e-11
2022-11-09, 19:14:27, 8.91e-13, 6.58e-11
2022-11-09, 19:14:31, 8.5e-13, 6.58e-11
2022-11-09, 19:14:35, 8.83e-13, 6.56e-11
2022-11-09, 19:14:39, 8.97e-13, 6.6e-11
2022-11-09, 19:14:43, 8.41e-13, 6.62e-11
2022-11-09, 19:14:48, 8.93e-13, 6.6e-11
2022-11-09, 19:14:52, 9.36e-13, 6.73e-11
2022-11-09, 19:14:56, 8.84e-13, 6.72e-11
2022-11-09, 19:15:00, 9.1e-13, 6.65e-11
2022-11-09, 19:15:05, 9.1e-13, 6.7e-11
2022-11-09, 19:15:09, 9.13e-13, 6.59e-11
2022-11-09, 19:15:13, 9.41e-13, 6.61e-11
2022-11-09, 19:15:17, 9.22e-13, 6.64e-11
2022-11-09, 19:15:21, 8.87e-13, 6.6e-11
2022-11-09, 19:15:26, 1.01e-12, 6.6e-11
2022-11-09, 19:15:30, 8.82e-13, 6.63e-11
2022-11-09, 19:15:34, 7.57e-13, 6.63e-11
2022-11-09, 19:15:38, 8.45e-13, 6.61e-11
2022-11-09, 19:15:43, 8.64e-13, 6.7e-11
2022-11-09, 19:15:47, 8.85e-13, 6.69e-11
2022-11-09, 19:15:51, 9.03e-13, 6.74e-11
2022-11-09, 19:15:55, 8.42e-13, 6.61e-11
2022-11-09, 19:15:59, 8.73e-13, 6.65e-11
2022-11-09, 19:16:04, 8.75e-13, 6.6e-11
2022-11-09, 19:16:08, 9.08e-13, 6.61e-11
2022-11-09, 19:16:12, 8.55e-13, 6.61e-11
2022-11-09, 19:16:17, 8.26e-13, 6.6e-11
2022-11-09, 19:16:21, 9.69e-13, 6.62e-11
2022-11-09, 19:16:25, 8.62e-13, 6.58e-11
2022-11-09, 19:16:29, 9.66e-13, 6.62e-11
2022-11-09, 19:16:33, 8.98e-13, 6.6e-11
2022-11-09, 19:16:38, 8.91e-13, 6.61e-11
2022-11-09, 19:16:42, 8.3e-13, 6.6e-11
2022-11-09, 19:16:46, 9.18e-13, 6.62e-11
2022-11-09, 19:16:50, 9.43e-13, 6.61e-11
2022-11-09, 19:16:55, 8.25e-13, 6.62e-11
2022-11-09, 19:16:59, 8.82e-13, 6.63e-11
2022-11-09, 19:17:03, 8.83e-13, 6.61e-11
2022-11-09, 19:17:07, 8.87e-13, 6.48e-11
2022-11-09, 19:17:11, 8.53e-13, 6.53e-11
2022-11-09, 19:17:16, 1.05e-12, 6.47e-11
2022-11-09, 19:17:20, 8.64e-13, 6.59e-11
2022-11-09, 19:17:24, 8.57e-13, 6.59e-11
2022-11-09, 19:17:28, 8.93e-13, 6.59e-11
2022-11-09, 19:17:33, 9.34e-13, 6.62e-11
2022-11-09, 19:17:37, 9.7e-13, 6.59e-11
2022-11-09, 19:17:41, 9.08e-13, 6.61e-11
2022-11-09, 19:17:45, 9e-13, 6.57e-11
2022-11-09, 19:17:49, 9.56e-13, 6.59e-11
2022-11-09, 19:17:54, 9.13e-13, 6.6e-11
2022-11-09, 19:17:58, 9.09e-13, 6.59e-11
2022-11-09, 19:18:02, 8.47e-13, 6.62e-11
2022-11-09, 19:18:06, 9.63e-13, 6.59e-11
2022-11-09, 19:18:11, 9.03e-13, 6.61e-11
2022-11-09, 19:18:15, 8.77e-13, 6.6e-11
2022-11-09, 19:18:19, 8.33e-13, 6.61e-11
2022-11-09, 19:18:23, 8.6e-13, 6.57e-11
2022-11-09, 19:18:27, 8.62e-13, 6.6e-11
2022-11-09, 19:18:32, 8.9e-13, 6.59e-11
2022-11-09, 19:18:36, 8.86e-13, 6.59e-11
2022-11-09, 19:18:40, 9.32e-13, 6.57e-11
2022-11-09, 19:18:44, 8.91e-13, 6.48e-11
2022-11-09, 19:18:49, 1.03e-12, 6.55e-11
2022-11-09, 19:18:53, 9.37e-13, 6.47e-11
2022-11-09, 19:18:57, 8.91e-13, 6.47e-11
2022-11-09, 19:19:01, 9.21e-13, 6.49e-11
2022-11-09, 19:19:05, 8.05e-13, 6.49e-11
2022-11-09, 19:19:10, 9.05e-13, 6.67e-11
2022-11-09, 19:19:14, 8.83e-13, 6.59e-11
2022-11-09, 19:19:18, 9.25e-13, 6.78e-11
2022-11-09, 19:19:22, 9.04e-13, 6.48e-11
2022-11-09, 19:19:26, 8.58e-13, 6.58e-11
2022-11-09, 19:19:31, 8.56e-13, 6.61e-11
2022-11-09, 19:19:35, 8.9e-13, 6.58e-11
2022-11-09, 19:19:39, 8.63e-13, 6.59e-11
2022-11-09, 19:19:43, 8.83e-13, 6.58e-11
2022-11-09, 19:19:48, 8.73e-13, 6.58e-11
2022-11-09, 19:19:52, 8.54e-13, 6.6e-11
2022-11-09, 19:19:56, 1.01e-12, 6.59e-11
2022-11-09, 19:20:00, 8.09e-13, 6.57e-11
2022-11-09, 19:20:04, 9.34e-13, 6.59e-11
2022-11-09, 19:20:09, 8.03e-13, 6.6e-11
2022-11-09, 19:20:13, 9.22e-13, 6.57e-11
2022-11-09, 19:20:17, 1.02e-12, 6.58e-11
2022-11-09, 19:20:21, 9.05e-13, 6.59e-11
2022-11-09, 19:20:26, 1.02e-12, 6.6e-11
2022-11-09, 19:20:30, 7.52e-13, 6.57e-11
2022-11-09, 19:20:34, 8.68e-13, 6.6e-11
2022-11-09, 19:20:38, 8.98e-13, 6.58e-11
2022-11-09, 19:20:42, 9.13e-13, 6.64e-11
2022-11-09, 19:20:47, 7.99e-13, 6.64e-11
2022-11-09, 19:20:51, 8.95e-13, 6.59e-11
2022-11-09, 19:20:55, 8.74e-13, 6.59e-11
2022-11-09, 19:20:59, 9.07e-13, 6.62e-11
2022-11-09, 19:21:04, 9.29e-13, 6.58e-11
2022-11-09, 19:21:08, 9.29e-13, 6.58e-11
2022-11-09, 19:21:12, 9.12e-13, 6.59e-11
2022-11-09, 19:21:16, 8.61e-13, 6.58e-11
2022-11-09, 19:21:20, 8.52e-13, 6.59e-11
2022-11-09, 19:21:25, 8.87e-13, 6.6e-11
2022-11-09, 19:21:29, 8.72e-13, 6.59e-11
2022-11-09, 19:21:33, 1.03e-12, 6.57e-11
2022-11-09, 19:21:37, 8.98e-13, 6.58e-11
2022-11-09, 19:21:42, 9.11e-13, 6.6e-11
2022-11-09, 19:21:46, 9.63e-13, 6.59e-11
2022-11-09, 19:21:50, 8.89e-13, 6.59e-11
2022-11-09, 19:21:54, 8.76e-13, 6.62e-11
2022-11-09, 19:21:58, 8.69e-13, 6.6e-11
2022-11-09, 19:22:03, 9.27e-13, 6.59e-11
2022-11-09, 19:22:07, 8.82e-13, 6.59e-11
2022-11-09, 19:22:11, 9.11e-13, 6.59e-11
2022-11-09, 19:22:15, 7.77e-13, 6.63e-11
2022-11-09, 19:22:20, 8.98e-13, 6.6e-11
2022-11-09, 19:22:24, 9.1e-13, 6.58e-11
2022-11-09, 19:22:28, 8.77e-13, 6.61e-11
2022-11-09, 19:22:32, 8.6e-13, 6.63e-11
2022-11-09, 19:22:36, 9.07e-13, 6.59e-11
2022-11-09, 19:22:41, 9.21e-13, 6.6e-11
2022-11-09, 19:22:45, 1.07e-12, 6.59e-11
2022-11-09, 19:22:49, 8.68e-13, 6.6e-11
2022-11-09, 19:22:53, 9.22e-13, 6.6e-11
2022-11-09, 19:22:57, 8.75e-13, 6.6e-11
2022-11-09, 19:23:02, 8.93e-13, 6.61e-11
2022-11-09, 19:23:06, 8.69e-13, 6.6e-11
2022-11-09, 19:23:10, 1.1e-12, 6.63e-11
2022-11-09, 19:23:14, 9.03e-13, 6.61e-11
2022-11-09, 19:23:19, 8.74e-13, 6.6e-11
2022-11-09, 19:23:23, 8.47e-13, 6.6e-11
2022-11-09, 19:23:27, 8.72e-13, 6.62e-11
2022-11-09, 19:23:31, 8.79e-13, 6.58e-11
2022-11-09, 19:23:36, 9.74e-13, 6.58e-11
2022-11-09, 19:23:40, 8.07e-13, 6.58e-11
2022-11-09, 19:23:44, 8.8e-13, 6.6e-11
2022-11-09, 19:23:48, 9.06e-13, 6.6e-11
2022-11-09, 19:23:52, 8.84e-13, 6.62e-11
2022-11-09, 19:23:57, 1.08e-12, 6.58e-11
2022-11-09, 19:24:01, 9.19e-13, 6.6e-11
2022-11-09, 19:24:05, 8.37e-13, 6.57e-11
2022-11-09, 19:24:09, 8.53e-13, 6.58e-11
2022-11-09, 19:24:13, 9.27e-13, 6.6e-11
2022-11-09, 19:24:18, 9.37e-13, 6.59e-11
2022-11-09, 19:24:22, 8.86e-13, 6.63e-11
2022-11-09, 19:24:26, 9.78e-13, 6.6e-11
2022-11-09, 19:24:30, 9.47e-13, 6.59e-11
2022-11-09, 19:24:35, 9.14e-13, 6.59e-11
2022-11-09, 19:24:39, 8.5e-13, 6.6e-11
2022-11-09, 19:24:43, 8.44e-13, 6.62e-11
2022-11-09, 19:24:47, 1.1e-12, 6.62e-11
2022-11-09, 19:24:52, 8.93e-13, 6.6e-11
2022-11-09, 19:24:56, 8.34e-13, 6.58e-11
2022-11-09, 19:25:00, 8.32e-13, 6.59e-11
2022-11-09, 19:25:04, 8.8e-13, 6.61e-11
2022-11-09, 19:25:08, 8.58e-13, 6.59e-11
2022-11-09, 19:25:13, 8.62e-13, 6.59e-11
2022-11-09, 19:25:17, 8.67e-13, 6.61e-11
2022-11-09, 19:25:21, 9.16e-13, 6.6e-11
2022-11-09, 19:25:25, 8.17e-13, 6.56e-11
2022-11-09, 19:25:29, 9.72e-13, 6.57e-11
2022-11-09, 19:25:34, 8.98e-13, 6.57e-11
2022-11-09, 19:25:38, 8.53e-13, 6.6e-11
2022-11-09, 19:25:42, 8.64e-13, 6.58e-11
2022-11-09, 19:25:46, 9.22e-13, 6.59e-11
2022-11-09, 19:25:51, 9.06e-13, 6.61e-11
2022-11-09, 19:25:55, 8.08e-13, 6.59e-11
2022-11-09, 19:25:59, 8.68e-13, 6.61e-11
2022-11-09, 19:26:03, 9.3e-13, 6.6e-11
2022-11-09, 19:26:07, 9.06e-13, 6.61e-11
2022-11-09, 19:26:12, 8.59e-13, 6.58e-11
2022-11-09, 19:26:16, 1.05e-12, 6.59e-11
2022-11-09, 19:26:20, 8.84e-13, 6.6e-11
2022-11-09, 19:26:24, 8.75e-13, 6.58e-11
2022-11-09, 19:26:29, 8.21e-13, 6.58e-11
2022-11-09, 19:26:33, 8.63e-13, 6.59e-11
2022-11-09, 19:26:37, 8.97e-13, 6.59e-11
2022-11-09, 19:26:41, 9e-13, 6.56e-11
2022-11-09, 19:26:45, 8.14e-13, 6.57e-11
2022-11-09, 19:26:50, 8.44e-13, 6.57e-11
2022-11-09, 19:26:54, 9.1e-13, 6.6e-11
2022-11-09, 19:26:58, 9.3e-13, 6.61e-11
2022-11-09, 19:27:02, 9.34e-13, 6.59e-11
2022-11-09, 19:27:07, 9.07e-13, 6.59e-11
2022-11-09, 19:27:11, 8.24e-13, 6.6e-11
2022-11-09, 19:27:15, 8.89e-13, 6.56e-11
2022-11-09, 19:27:19, 8.96e-13, 6.56e-11
2022-11-09, 19:27:23, 8.25e-13, 6.59e-11
2022-11-09, 19:27:28, 8.32e-13, 6.58e-11
2022-11-09, 19:27:32, 8.87e-13, 6.58e-11
2022-11-09, 19:27:36, 8.39e-13, 6.59e-11
2022-11-09, 19:27:40, 8.82e-13, 6.56e-11
2022-11-09, 19:27:45, 8.99e-13, 6.57e-11
2022-11-09, 19:27:49, 7.56e-13, 6.6e-11
2022-11-09, 19:27:53, 8.39e-13, 6.56e-11
2022-11-09, 19:27:57, 8.39e-13, 6.59e-11
2022-11-09, 19:28:01, 8.41e-13, 6.59e-11
2022-11-09, 19:28:06, 8.47e-13, 6.6e-11
2022-11-09, 19:28:10, 8.85e-13, 6.6e-11
2022-11-09, 19:28:14, 9.19e-13, 6.61e-11
2022-11-09, 19:28:18, 8.78e-13, 6.58e-11
2022-11-09, 19:28:23, 8.92e-13, 6.58e-11
2022-11-09, 19:28:27, 8.69e-13, 6.57e-11
2022-11-09, 19:28:31, 8.55e-13, 6.6e-11
2022-11-09, 19:28:35, 9.56e-13, 6.62e-11
2022-11-09, 19:28:39, 9.34e-13, 6.6e-11
2022-11-09, 19:28:44, 8.55e-13, 6.59e-11
2022-11-09, 19:28:48, 9.04e-13, 6.6e-11
2022-11-09, 19:28:52, 9.13e-13, 6.59e-11
2022-11-09, 19:28:56, 8.58e-13, 6.61e-11
2022-11-09, 19:29:00, 8.91e-13, 6.6e-11
2022-11-09, 19:29:05, 8.72e-13, 6.6e-11
2022-11-09, 19:29:09, 8.77e-13, 6.58e-11
2022-11-09, 19:29:13, 8.52e-13, 6.6e-11
2022-11-09, 19:29:17, 9.26e-13, 6.56e-11
2022-11-09, 19:29:22, 8.8e-13, 6.61e-11
2022-11-09, 19:29:26, 8.95e-13, 6.59e-11
2022-11-09, 19:29:30, 8.42e-13, 6.59e-11
2022-11-09, 19:29:34, 8.99e-13, 6.59e-11
2022-11-09, 19:29:38, 8.7e-13, 6.6e-11
2022-11-09, 19:29:43, 8.05e-13, 6.61e-11
2022-11-09, 19:29:47, 8.99e-13, 6.62e-11
2022-11-09, 19:29:51, 8.58e-13, 6.59e-11
2022-11-09, 19:29:55, 8.19e-13, 6.6e-11
2022-11-09, 19:30:00, 8.61e-13, 6.57e-11
2022-11-09, 19:30:04, 8.38e-13, 6.58e-11
2022-11-09, 19:30:08, 8.64e-13, 6.58e-11
2022-11-09, 19:30:12, 9.09e-13, 6.58e-11
2022-11-09, 19:30:16, 8.51e-13, 6.61e-11
2022-11-09, 19:30:21, 9.17e-13, 6.63e-11
2022-11-09, 19:30:25, 8.4e-13, 6.63e-11
2022-11-09, 19:30:29, 1.01e-12, 6.63e-11
2022-11-09, 19:30:33, 9.3e-13, 6.6e-11
2022-11-09, 19:30:38, 1.02e-12, 6.59e-11
2022-11-09, 19:30:42, 8.58e-13, 6.6e-11
2022-11-09, 19:30:46, 9.29e-13, 6.59e-11
2022-11-09, 19:30:50, 8.84e-13, 6.6e-11
2022-11-09, 19:30:54, 9.36e-13, 6.63e-11
2022-11-09, 19:30:59, 9.49e-13, 6.58e-11
2022-11-09, 19:31:03, 8.75e-13, 6.58e-11
2022-11-09, 19:31:07, 8.8e-13, 6.56e-11
2022-11-09, 19:31:11, 8.92e-13, 6.6e-11
2022-11-09, 19:31:16, 8.4e-13, 6.58e-11
2022-11-09, 19:31:20, 8.7e-13, 6.59e-11
2022-11-09, 19:31:24, 8.14e-13, 6.58e-11
2022-11-09, 19:31:28, 9.01e-13, 6.57e-11
2022-11-09, 19:31:32, 9.58e-13, 6.58e-11
2022-11-09, 19:31:37, 8.84e-13, 6.59e-11
2022-11-09, 19:31:41, 9.63e-13, 6.57e-11
2022-11-09, 19:31:45, 7.43e-13, 6.6e-11
2022-11-09, 19:31:49, 8.6e-13, 6.58e-11
2022-11-09, 19:31:54, 8.76e-13, 6.58e-11
2022-11-09, 19:31:58, 9.09e-13, 6.57e-11
2022-11-09, 19:32:02, 9.21e-13, 6.59e-11
2022-11-09, 19:32:06, 8.74e-13, 6.59e-11
2022-11-09, 19:32:10, 8.49e-13, 6.57e-11
2022-11-09, 19:32:15, 8.99e-13, 6.57e-11
2022-11-09, 19:32:19, 8.79e-13, 6.58e-11
2022-11-09, 19:32:23, 9.19e-13, 6.58e-11
2022-11-09, 19:32:27, 8.44e-13, 6.58e-11
2022-11-09, 19:32:31, 9.1e-13, 6.58e-11
2022-11-09, 19:32:36, 9.16e-13, 6.57e-11
2022-11-09, 19:32:40, 9.57e-13, 6.59e-11
2022-11-09, 19:32:44, 9.08e-13, 6.59e-11
2022-11-09, 19:32:48, 8.75e-13, 6.57e-11
2022-11-09, 19:32:53, 8.92e-13, 6.6e-11
2022-11-09, 19:32:57, 8.66e-13, 6.57e-11
2022-11-09, 19:33:01, 9.24e-13, 6.56e-11
2022-11-09, 19:33:05, 9.15e-13, 6.56e-11
2022-11-09, 19:33:09, 9.28e-13, 6.58e-11
2022-11-09, 19:33:14, 7.47e-13, 6.59e-11
2022-11-09, 19:33:18, 8.88e-13, 6.57e-11
2022-11-09, 19:33:22, 8.83e-13, 6.55e-11
2022-11-09, 19:33:26, 8.91e-13, 6.57e-11
2022-11-09, 19:33:31, 8.35e-13, 6.55e-11
2022-11-09, 19:33:35, 7.88e-13, 6.56e-11
2022-11-09, 19:33:39, 8.99e-13, 6.58e-11
2022-11-09, 19:33:43, 8.95e-13, 6.57e-11
2022-11-09, 19:33:47, 8.69e-13, 6.57e-11
2022-11-09, 19:33:52, 8.79e-13, 6.58e-11
2022-11-09, 19:33:56, 8.85e-13, 6.55e-11
2022-11-09, 19:34:00, 9.08e-13, 6.56e-11
2022-11-09, 19:34:04, 9.32e-13, 6.57e-11
2022-11-09, 19:34:09, 8.21e-13, 6.58e-11
2022-11-09, 19:34:13, 8.73e-13, 6.57e-11
2022-11-09, 19:34:17, 8.96e-13, 6.59e-11
2022-11-09, 19:34:21, 8.77e-13, 6.58e-11
2022-11-09, 19:34:25, 8.66e-13, 6.57e-11
2022-11-09, 19:34:30, 8.89e-13, 6.55e-11
2022-11-09, 19:34:34, 9.23e-13, 6.58e-11
2022-11-09, 19:34:38, 8.86e-13, 6.58e-11
2022-11-09, 19:34:42, 8.95e-13, 6.59e-11
2022-11-09, 19:34:47, 9.26e-13, 6.61e-11
2022-11-09, 19:34:51, 7.93e-13, 6.58e-11
2022-11-09, 19:34:55, 8.69e-13, 6.58e-11
2022-11-09, 19:34:59, 8.94e-13, 6.56e-11
2022-11-09, 19:35:03, 9.36e-13, 6.55e-11
2022-11-09, 19:35:08, 8.97e-13, 6.55e-11
2022-11-09, 19:35:12, 8.54e-13, 6.56e-11
2022-11-09, 19:35:16, 9.11e-13, 6.57e-11
2022-11-09, 19:35:20, 9.12e-13, 6.57e-11
2022-11-09, 19:35:25, 9.04e-13, 6.59e-11
2022-11-09, 19:35:29, 9.41e-13, 6.57e-11
2022-11-09, 19:35:33, 8.66e-13, 6.56e-11
2022-11-09, 19:35:37, 8.97e-13, 6.62e-11
2022-11-09, 19:35:41, 8.82e-13, 6.53e-11
2022-11-09, 19:35:46, 8.93e-13, 6.59e-11
2022-11-09, 19:35:50, 8.69e-13, 6.54e-11
2022-11-09, 19:35:54, 9.07e-13, 6.59e-11
2022-11-09, 19:35:58, 8.92e-13, 6.6e-11
2022-11-09, 19:36:03, 8.63e-13, 6.59e-11
2022-11-09, 19:36:07, 9.1e-13, 6.57e-11
2022-11-09, 19:36:11, 8.71e-13, 6.61e-11
2022-11-09, 19:36:15, 9.42e-13, 6.55e-11
2022-11-09, 19:36:19, 8.98e-13, 6.55e-11
2022-11-09, 19:36:24, 9.57e-13, 6.57e-11
2022-11-09, 19:36:28, 9.46e-13, 6.57e-11
2022-11-09, 19:36:32, 9.01e-13, 6.54e-11
2022-11-09, 19:36:36, 7.89e-13, 6.57e-11
2022-11-09, 19:36:41, 8.27e-13, 6.59e-11
2022-11-09, 19:36:45, 7.93e-13, 6.57e-11
2022-11-09, 19:36:49, 1.02e-12, 6.52e-11
2022-11-09, 19:36:53, 8.7e-13, 6.57e-11
2022-11-09, 19:36:57, 9.31e-13, 6.57e-11
2022-11-09, 19:37:02, 9.01e-13, 6.56e-11
2022-11-09, 19:37:06, 8.74e-13, 6.59e-11
2022-11-09, 19:37:10, 8.11e-13, 6.58e-11
2022-11-09, 19:37:14, 8.97e-13, 6.55e-11
2022-11-09, 19:37:18, 8.36e-13, 6.55e-11
2022-11-09, 19:37:23, 8.95e-13, 6.56e-11
2022-11-09, 19:37:27, 8.85e-13, 6.54e-11
2022-11-09, 19:37:31, 7.66e-13, 6.58e-11
2022-11-09, 19:37:35, 8.68e-13, 6.55e-11
2022-11-09, 19:37:40, 9.33e-13, 6.58e-11
2022-11-09, 19:37:44, 8.89e-13, 6.57e-11
2022-11-09, 19:37:48, 9.88e-13, 6.59e-11
2022-11-09, 19:37:53, 8.65e-13, 6.58e-11
2022-11-09, 19:37:58, 8.57e-13, 6.58e-11
2022-11-09, 19:38:02, 8.65e-13, 6.56e-11
2022-11-09, 19:38:06, 9.05e-13, 6.58e-11
2022-11-09, 19:38:10, 8.82e-13, 6.62e-11
2022-11-09, 19:38:14, 8.39e-13, 6.63e-11
2022-11-09, 19:38:19, 8.98e-13, 6.66e-11
2022-11-09, 19:38:23, 8.43e-13, 6.53e-11
2022-11-09, 19:38:27, 9.41e-13, 6.57e-11
2022-11-09, 19:38:31, 8.48e-13, 6.58e-11
2022-11-09, 19:38:36, 8.97e-13, 6.59e-11
2022-11-09, 19:38:40, 8.96e-13, 6.56e-11
2022-11-09, 19:38:44, 9.06e-13, 6.58e-11
2022-11-09, 19:38:48, 9.01e-13, 6.57e-11
2022-11-09, 19:38:52, 8.51e-13, 6.55e-11
2022-11-09, 19:38:57, 9.36e-13, 6.56e-11
2022-11-09, 19:39:01, 9.59e-13, 6.59e-11
2022-11-09, 19:39:05, 8.05e-13, 6.56e-11
2022-11-09, 19:39:09, 1.05e-12, 6.57e-11
2022-11-09, 19:39:13, 9.14e-13, 6.56e-11
2022-11-09, 19:39:18, 9.42e-13, 6.57e-11
2022-11-09, 19:39:22, 8.89e-13, 6.57e-11
2022-11-09, 19:39:26, 8.92e-13, 6.57e-11
2022-11-09, 19:39:30, 9.15e-13, 6.62e-11
2022-11-09, 19:39:35, 9.02e-13, 6.55e-11
2022-11-09, 19:39:39, 8.34e-13, 6.53e-11
2022-11-09, 19:39:43, 8.99e-13, 6.58e-11
2022-11-09, 19:39:47, 9.19e-13, 6.57e-11
2022-11-09, 19:39:51, 8.74e-13, 6.57e-11
2022-11-09, 19:39:56, 8.89e-13, 6.56e-11
2022-11-09, 19:40:00, 8.81e-13, 6.53e-11
2022-11-09, 19:40:04, 8.93e-13, 6.56e-11
2022-11-09, 19:40:08, 8.82e-13, 6.57e-11
2022-11-09, 19:40:13, 8.69e-13, 6.55e-11
2022-11-09, 19:40:17, 9.26e-13, 6.56e-11
2022-11-09, 19:40:21, 9.7e-13, 6.53e-11
2022-11-09, 19:40:25, 8.61e-13, 6.56e-11
2022-11-09, 19:40:29, 8.63e-13, 6.56e-11
2022-11-09, 19:40:34, 8.93e-13, 6.57e-11
2022-11-09, 19:40:38, 9.18e-13, 6.57e-11
2022-11-09, 19:40:42, 8.8e-13, 6.57e-11
2022-11-09, 19:40:46, 8.91e-13, 6.56e-11
2022-11-09, 19:40:51, 8.85e-13, 6.58e-11
2022-11-09, 19:40:55, 8.9e-13, 6.55e-11
2022-11-09, 19:40:59, 8.41e-13, 6.58e-11
2022-11-09, 19:41:03, 9.03e-13, 6.61e-11
2022-11-09, 19:41:07, 8.41e-13, 6.56e-11
2022-11-09, 19:41:12, 8.91e-13, 6.56e-11
2022-11-09, 19:41:16, 1.08e-12, 6.59e-11
2022-11-09, 19:41:20, 8.52e-13, 6.58e-11
2022-11-09, 19:41:24, 9.14e-13, 6.59e-11
2022-11-09, 19:41:29, 8.78e-13, 6.58e-11
2022-11-09, 19:41:33, 8.4e-13, 6.56e-11
2022-11-09, 19:41:37, 9.2e-13, 6.57e-11
2022-11-09, 19:41:41, 9.01e-13, 6.58e-11
2022-11-09, 19:41:45, 8.85e-13, 6.54e-11
2022-11-09, 19:41:50, 9.01e-13, 6.55e-11
2022-11-09, 19:41:54, 9.09e-13, 6.56e-11
2022-11-09, 19:41:58, 8.62e-13, 6.55e-11
2022-11-09, 19:42:02, 8.27e-13, 6.55e-11
2022-11-09, 19:42:07, 8.82e-13, 6.56e-11
2022-11-09, 19:42:11, 8.98e-13, 6.57e-11
2022-11-09, 19:42:15, 8.91e-13, 6.58e-11
2022-11-09, 19:42:19, 1.01e-12, 6.54e-11
2022-11-09, 19:42:23, 8.87e-13, 6.59e-11
2022-11-09, 19:42:28, 9.28e-13, 6.58e-11
2022-11-09, 19:42:32, 9.2e-13, 6.57e-11
2022-11-09, 19:42:36, 8.94e-13, 6.57e-11
2022-11-09, 19:42:40, 8.53e-13, 6.58e-11
2022-11-09, 19:42:44, 9.65e-13, 6.56e-11
2022-11-09, 19:42:49, 8.8e-13, 6.55e-11
2022-11-09, 19:42:53, 8.98e-13, 6.55e-11
2022-11-09, 19:42:57, 8.46e-13, 6.56e-11
2022-11-09, 19:43:01, 9.92e-13, 6.54e-11
2022-11-09, 19:43:06, 8.68e-13, 6.55e-11
2022-11-09, 19:43:10, 8.97e-13, 6.59e-11
2022-11-09, 19:43:14, 8.04e-13, 6.58e-11
2022-11-09, 19:43:18, 8.79e-13, 6.57e-11
2022-11-09, 19:43:22, 8.91e-13, 6.58e-11
2022-11-09, 19:43:27, 9.81e-13, 6.56e-11
2022-11-09, 19:43:31, 8.51e-13, 6.56e-11
2022-11-09, 19:43:35, 8.83e-13, 6.61e-11
2022-11-09, 19:43:39, 9.44e-13, 6.56e-11
2022-11-09, 19:43:44, 9.38e-13, 6.59e-11
2022-11-09, 19:43:48, 9.62e-13, 6.61e-11
2022-11-09, 19:43:52, 8.31e-13, 6.56e-11
2022-11-09, 19:43:56, 8.87e-13, 6.59e-11
2022-11-09, 19:44:00, 9.44e-13, 6.59e-11
2022-11-09, 19:44:05, 8.76e-13, 6.58e-11
2022-11-09, 19:44:09, 9.26e-13, 6.57e-11
2022-11-09, 19:44:13, 1.01e-12, 6.61e-11
2022-11-09, 19:44:17, 9.05e-13, 6.57e-11
2022-11-09, 19:44:22, 8.69e-13, 6.62e-11
2022-11-09, 19:44:26, 8.93e-13, 6.59e-11
2022-11-09, 19:44:30, 8.31e-13, 6.59e-11
2022-11-09, 19:44:34, 8.76e-13, 6.58e-11
2022-11-09, 19:44:38, 8.61e-13, 6.6e-11
2022-11-09, 19:44:43, 8.64e-13, 6.58e-11
2022-11-09, 19:44:47, 8.78e-13, 6.59e-11
2022-11-09, 19:44:51, 8.57e-13, 6.63e-11
2022-11-09, 19:44:55, 9.06e-13, 6.61e-11
2022-11-09, 19:45:00, 8.64e-13, 6.61e-11
2022-11-09, 19:45:04, 8.8e-13, 6.63e-11
2022-11-09, 19:45:08, 9.77e-13, 6.63e-11
2022-11-09, 19:45:12, 9.04e-13, 6.57e-11
2022-11-09, 19:45:16, 9.04e-13, 6.59e-11
2022-11-09, 19:45:21, 8.67e-13, 6.59e-11
2022-11-09, 19:45:25, 8.54e-13, 6.6e-11
2022-11-09, 19:45:29, 9.34e-13, 6.57e-11
2022-11-09, 19:45:33, 7.74e-13, 6.61e-11
2022-11-09, 19:45:38, 8.88e-13, 6.61e-11
2022-11-09, 19:45:42, 8.68e-13, 6.61e-11
2022-11-09, 19:45:46, 9.51e-13, 6.58e-11
2022-11-09, 19:45:50, 8.96e-13, 6.56e-11
2022-11-09, 19:45:54, 8.83e-13, 6.59e-11
2022-11-09, 19:45:59, 8.55e-13, 6.59e-11
2022-11-09, 19:46:03, 9.14e-13, 6.63e-11
2022-11-09, 19:46:07, 8.69e-13, 6.56e-11
2022-11-09, 19:46:11, 8.41e-13, 6.62e-11
2022-11-09, 19:46:15, 8.5e-13, 6.57e-11
2022-11-09, 19:46:20, 8.74e-13, 6.59e-11
2022-11-09, 19:46:24, 8.74e-13, 6.59e-11
2022-11-09, 19:46:28, 9.28e-13, 6.57e-11
2022-11-09, 19:46:32, 9.44e-13, 6.6e-11
2022-11-09, 19:46:37, 8.79e-13, 6.58e-11
2022-11-09, 19:46:41, 9.17e-13, 6.57e-11
2022-11-09, 19:46:45, 9.35e-13, 6.57e-11
2022-11-09, 19:46:49, 9.85e-13, 6.58e-11
2022-11-09, 19:46:53, 9.06e-13, 6.56e-11
2022-11-09, 19:46:58, 9.2e-13, 6.58e-11
2022-11-09, 19:47:02, 8.11e-13, 6.56e-11
2022-11-09, 19:47:06, 9.36e-13, 6.59e-11
2022-11-09, 19:47:10, 9.01e-13, 6.58e-11
2022-11-09, 19:47:15, 9.1e-13, 6.6e-11
2022-11-09, 19:47:19, 9.19e-13, 6.58e-11
2022-11-09, 19:47:23, 8.42e-13, 6.58e-11
2022-11-09, 19:47:27, 9.16e-13, 6.64e-11
2022-11-09, 19:47:31, 8.61e-13, 6.59e-11
2022-11-09, 19:47:36, 9.17e-13, 6.56e-11
2022-11-09, 19:47:40, 9.12e-13, 6.55e-11
2022-11-09, 19:47:44, 9.25e-13, 6.57e-11
2022-11-09, 19:47:48, 8.85e-13, 6.59e-11
2022-11-09, 19:47:53, 9.24e-13, 6.6e-11
2022-11-09, 19:47:57, 8.95e-13, 6.57e-11
2022-11-09, 19:48:01, 8.53e-13, 6.58e-11
2022-11-09, 19:48:05, 8.91e-13, 6.6e-11
2022-11-09, 19:48:09, 8.5e-13, 6.57e-11
2022-11-09, 19:48:14, 8.85e-13, 6.59e-11
2022-11-09, 19:48:18, 7.89e-13, 6.8e-11
2022-11-09, 19:48:22, 9.76e-13, 6.69e-11
2022-11-09, 19:48:26, 8.57e-13, 6.58e-11
2022-11-09, 19:48:31, 8.77e-13, 6.58e-11
2022-11-09, 19:48:35, 8.69e-13, 6.61e-11
2022-11-09, 19:48:39, 8.76e-13, 6.6e-11
2022-11-09, 19:48:43, 8.64e-13, 6.57e-11
2022-11-09, 19:48:47, 8.74e-13, 6.56e-11
2022-11-09, 19:48:52, 9.18e-13, 6.57e-11
2022-11-09, 19:48:56, 9.48e-13, 6.55e-11
2022-11-09, 19:49:00, 9.35e-13, 6.6e-11
2022-11-09, 19:49:04, 9.14e-13, 6.59e-11
2022-11-09, 19:49:09, 9.27e-13, 6.61e-11
2022-11-09, 19:49:13, 8.93e-13, 6.59e-11
2022-11-09, 19:49:17, 9.12e-13, 6.6e-11
2022-11-09, 19:49:21, 8.4e-13, 6.6e-11
2022-11-09, 19:49:25, 9.27e-13, 6.59e-11
2022-11-09, 19:49:30, 9.07e-13, 6.6e-11
2022-11-09, 19:49:34, 7.5e-13, 6.59e-11
2022-11-09, 19:49:38, 8.67e-13, 6.59e-11
2022-11-09, 19:49:42, 9.47e-13, 6.64e-11
2022-11-09, 19:49:47, 8.52e-13, 6.58e-11
2022-11-09, 19:49:51, 8.87e-13, 6.61e-11
2022-11-09, 19:49:55, 9.39e-13, 6.63e-11
2022-11-09, 19:49:59, 7.69e-13, 6.54e-11
2022-11-09, 19:50:03, 8.99e-13, 6.58e-11
2022-11-09, 19:50:08, 8.48e-13, 6.66e-11
2022-11-09, 19:50:12, 7.72e-13, 6.76e-11
2022-11-09, 19:50:16, 8.55e-13, 6.67e-11
2022-11-09, 19:50:20, 9.1e-13, 6.59e-11
2022-11-09, 19:50:25, 9.01e-13, 6.58e-11
2022-11-09, 19:50:29, 8.66e-13, 6.61e-11
2022-11-09, 19:50:33, 8.55e-13, 6.58e-11
2022-11-09, 19:50:37, 8.24e-13, 6.58e-11
2022-11-09, 19:50:41, 8.07e-13, 6.57e-11
2022-11-09, 19:50:46, 8.15e-13, 6.58e-11
2022-11-09, 19:50:50, 9.54e-13, 6.6e-11
2022-11-09, 19:50:54, 9.56e-13, 6.55e-11
2022-11-09, 19:50:58, 9.09e-13, 6.57e-11
2022-11-09, 19:51:03, 8.89e-13, 6.6e-11
2022-11-09, 19:51:07, 8.53e-13, 6.58e-11
2022-11-09, 19:51:11, 8.53e-13, 6.58e-11
2022-11-09, 19:51:15, 8.83e-13, 6.56e-11
2022-11-09, 19:51:19, 1.03e-12, 6.6e-11
2022-11-09, 19:51:24, 7.43e-13, 6.59e-11
2022-11-09, 19:51:28, 8.76e-13, 6.59e-11
2022-11-09, 19:51:32, 8.43e-13, 6.59e-11
2022-11-09, 19:51:36, 9.02e-13, 6.54e-11
2022-11-09, 19:51:40, 8.8e-13, 6.58e-11
2022-11-09, 19:51:45, 8.42e-13, 6.6e-11
2022-11-09, 19:51:49, 7.82e-13, 6.56e-11
2022-11-09, 19:51:53, 9.14e-13, 6.56e-11
2022-11-09, 19:51:57, 8.66e-13, 6.54e-11
2022-11-09, 19:52:02, 9.1e-13, 6.58e-11
2022-11-09, 19:52:06, 9.12e-13, 6.54e-11
2022-11-09, 19:52:10, 8.4e-13, 6.54e-11
2022-11-09, 19:52:14, 8.92e-13, 6.54e-11
2022-11-09, 19:52:18, 8.64e-13, 6.54e-11
2022-11-09, 19:52:23, 9.57e-13, 6.53e-11
2022-11-09, 19:52:27, 1.08e-12, 6.56e-11
2022-11-09, 19:52:31, 7.88e-13, 6.54e-11
2022-11-09, 19:52:35, 8.76e-13, 6.58e-11
2022-11-09, 19:52:40, 8.83e-13, 6.56e-11
2022-11-09, 19:52:44, 9.37e-13, 6.55e-11
2022-11-09, 19:52:48, 8.76e-13, 6.58e-11
2022-11-09, 19:52:52, 9.11e-13, 6.55e-11
2022-11-09, 19:52:56, 9.33e-13, 6.56e-11
2022-11-09, 19:53:01, 9.05e-13, 6.58e-11
2022-11-09, 19:53:05, 9.18e-13, 6.56e-11
2022-11-09, 19:53:09, 1.03e-12, 6.53e-11
2022-11-09, 19:53:13, 8.55e-13, 6.6e-11
2022-11-09, 19:53:18, 9.15e-13, 6.57e-11
2022-11-09, 19:53:22, 8.66e-13, 6.54e-11
2022-11-09, 19:53:26, 8.6e-13, 6.55e-11
2022-11-09, 19:53:30, 8.29e-13, 6.55e-11
2022-11-09, 19:53:34, 8.9e-13, 6.55e-11
2022-11-09, 19:53:39, 8.43e-13, 6.53e-11
2022-11-09, 19:53:43, 8.65e-13, 6.56e-11
2022-11-09, 19:53:47, 8.71e-13, 6.6e-11
2022-11-09, 19:53:51, 9.05e-13, 6.58e-11
2022-11-09, 19:53:56, 8.66e-13, 6.58e-11
2022-11-09, 19:54:00, 8.93e-13, 6.56e-11
2022-11-09, 19:54:04, 9.19e-13, 6.57e-11
2022-11-09, 19:54:08, 8.61e-13, 6.57e-11
2022-11-09, 19:54:12, 8.5e-13, 6.65e-11
2022-11-09, 19:54:17, 1.05e-12, 6.57e-11
2022-11-09, 19:54:21, 9.35e-13, 6.55e-11
2022-11-09, 19:54:26, 9.57e-13, 6.55e-11
2022-11-09, 19:54:30, 9.17e-13, 6.56e-11
2022-11-09, 19:54:35, 9.26e-13, 6.59e-11
2022-11-09, 19:54:39, 9.37e-13, 6.58e-11
2022-11-09, 19:54:43, 8.27e-13, 6.56e-11
2022-11-09, 19:54:47, 9.74e-13, 6.55e-11
2022-11-09, 19:54:52, 9.17e-13, 6.59e-11
2022-11-09, 19:54:56, 9.21e-13, 6.57e-11
2022-11-09, 19:55:00, 8.81e-13, 6.58e-11
2022-11-09, 19:55:04, 8.8e-13, 6.58e-11
2022-11-09, 19:55:10, 8.02e-13, 6.56e-11
2022-11-09, 19:55:14, 9.11e-13, 6.55e-11
2022-11-09, 19:55:20, 8.21e-13, 6.6e-11
2022-11-09, 19:55:24, 8.89e-13, 6.55e-11
2022-11-09, 19:55:28, 8.84e-13, 6.56e-11
2022-11-09, 19:55:32, 8.96e-13, 6.56e-11
2022-11-09, 19:55:37, 7.6e-13, 6.61e-11
2022-11-09, 19:55:41, 8.77e-13, 6.58e-11
2022-11-09, 19:55:45, 8.65e-13, 6.62e-11
2022-11-09, 19:55:49, 9.58e-13, 6.58e-11
2022-11-09, 19:55:54, 9.12e-13, 6.57e-11
2022-11-09, 19:55:58, 8.84e-13, 6.57e-11
2022-11-09, 19:56:02, 9.98e-13, 6.59e-11
2022-11-09, 19:56:06, 8.43e-13, 6.61e-11
2022-11-09, 19:56:10, 8.3e-13, 6.59e-11
2022-11-09, 19:56:15, 8.79e-13, 6.58e-11
2022-11-09, 19:56:19, 8.46e-13, 6.6e-11
2022-11-09, 19:56:23, 8.82e-13, 6.59e-11
2022-11-09, 19:56:27, 8.58e-13, 6.59e-11
2022-11-09, 19:56:31, 9.02e-13, 6.57e-11
2022-11-09, 19:56:36, 8.88e-13, 6.54e-11
2022-11-09, 19:56:40, 8.3e-13, 6.6e-11
2022-11-09, 19:56:44, 9.22e-13, 6.61e-11
2022-11-09, 19:56:48, 8.44e-13, 6.57e-11
2022-11-09, 19:56:53, 8.71e-13, 6.63e-11
2022-11-09, 19:56:57, 8.64e-13, 6.59e-11
2022-11-09, 19:57:01, 8.89e-13, 6.61e-11
2022-11-09, 19:57:05, 9.09e-13, 6.63e-11
2022-11-09, 19:57:09, 8.69e-13, 6.64e-11
2022-11-09, 19:57:14, 9.14e-13, 6.62e-11
2022-11-09, 19:57:18, 8.71e-13, 6.61e-11
2022-11-09, 19:57:22, 8.69e-13, 6.63e-11
2022-11-09, 19:57:26, 8.48e-13, 6.63e-11
2022-11-09, 19:57:31, 8.71e-13, 6.64e-11
2022-11-09, 19:57:35, 8.14e-13, 6.64e-11
2022-11-09, 19:57:39, 9.49e-13, 6.59e-11
2022-11-09, 19:57:43, 9.9e-13, 6.57e-11
2022-11-09, 19:57:47, 9.56e-13, 6.62e-11
2022-11-09, 19:57:52, 9.1e-13, 6.6e-11
2022-11-09, 19:57:56, 8.41e-13, 6.65e-11
2022-11-09, 19:58:00, 9.42e-13, 6.57e-11
2022-11-09, 19:58:04, 8.24e-13, 6.6e-11
2022-11-09, 19:58:09, 8.89e-13, 6.58e-11
2022-11-09, 19:58:13, 8.6e-13, 6.55e-11
2022-11-09, 19:58:17, 8.94e-13, 6.57e-11
2022-11-09, 19:58:21, 8.96e-13, 6.53e-11
2022-11-09, 19:58:25, 8.87e-13, 6.55e-11
2022-11-09, 19:58:30, 8.93e-13, 6.53e-11
2022-11-09, 19:58:34, 8.55e-13, 6.56e-11
2022-11-09, 19:58:38, 8.8e-13, 6.59e-11
2022-11-09, 19:58:42, 8.82e-13, 6.59e-11
2022-11-09, 19:58:47, 9.42e-13, 6.55e-11
2022-11-09, 19:58:51, 9.55e-13, 6.58e-11
2022-11-09, 19:58:55, 8.79e-13, 6.57e-11
2022-11-09, 19:58:59, 9e-13, 6.55e-11
2022-11-09, 19:59:03, 8.96e-13, 6.56e-11
2022-11-09, 19:59:08, 8.69e-13, 6.58e-11
2022-11-09, 19:59:12, 9.52e-13, 6.57e-11
2022-11-09, 19:59:16, 8.82e-13, 6.58e-11
2022-11-09, 19:59:20, 9.04e-13, 6.55e-11
2022-11-09, 19:59:25, 8.68e-13, 6.54e-11
2022-11-09, 19:59:29, 8.48e-13, 6.54e-11
2022-11-09, 19:59:33, 8.4e-13, 6.57e-11
2022-11-09, 19:59:37, 8.35e-13, 6.56e-11
2022-11-09, 19:59:41, 8.98e-13, 6.54e-11
2022-11-09, 19:59:46, 8.98e-13, 6.57e-11
2022-11-09, 19:59:50, 9.02e-13, 6.59e-11
2022-11-09, 19:59:54, 1.08e-12, 6.57e-11
2022-11-09, 19:59:58, 8.88e-13, 6.58e-11
2022-11-09, 20:00:03, 8.57e-13, 6.54e-11
2022-11-09, 20:00:07, 9.06e-13, 6.52e-11
2022-11-09, 20:00:11, 8.53e-13, 6.51e-11
2022-11-09, 20:00:15, 7.99e-13, 6.53e-11
2022-11-09, 20:00:19, 1.03e-12, 6.54e-11
2022-11-09, 20:00:24, 9.64e-13, 6.58e-11
2022-11-09, 20:00:28, 8.26e-13, 6.55e-11
2022-11-09, 20:00:32, 9.98e-13, 6.52e-11
2022-11-09, 20:00:36, 7.91e-13, 6.51e-11
2022-11-09, 20:00:40, 8.53e-13, 6.52e-11
2022-11-09, 20:00:45, 8.65e-13, 6.56e-11
2022-11-09, 20:00:49, 9.21e-13, 6.53e-11
2022-11-09, 20:00:53, 9.09e-13, 6.53e-11
2022-11-09, 20:00:57, 9.6e-13, 6.56e-11
2022-11-09, 20:01:02, 9.04e-13, 6.55e-11
2022-11-09, 20:01:06, 8.95e-13, 6.54e-11
2022-11-09, 20:01:10, 8.63e-13, 6.52e-11
2022-11-09, 20:01:14, 9.13e-13, 6.53e-11
2022-11-09, 20:01:18, 8.83e-13, 6.56e-11
2022-11-09, 20:01:23, 8.43e-13, 6.57e-11
2022-11-09, 20:01:27, 8.75e-13, 6.54e-11
2022-11-09, 20:01:31, 9.46e-13, 6.53e-11
2022-11-09, 20:01:35, 8.7e-13, 6.55e-11
2022-11-09, 20:01:40, 9.2e-13, 6.55e-11
2022-11-09, 20:01:44, 8.06e-13, 6.57e-11
2022-11-09, 20:01:48, 8.8e-13, 6.59e-11
2022-11-09, 20:01:52, 9.01e-13, 6.58e-11
2022-11-09, 20:01:56, 9.43e-13, 6.55e-11
2022-11-09, 20:02:01, 9.36e-13, 6.55e-11
2022-11-09, 20:02:05, 8.95e-13, 6.57e-11
2022-11-09, 20:02:09, 9.42e-13, 6.59e-11
2022-11-09, 20:02:13, 9.25e-13, 6.56e-11
2022-11-09, 20:02:18, 9.5e-13, 6.55e-11
2022-11-09, 20:02:22, 9.14e-13, 6.55e-11
2022-11-09, 20:02:26, 8.46e-13, 6.57e-11
2022-11-09, 20:02:30, 9.27e-13, 6.59e-11
2022-11-09, 20:02:34, 9.11e-13, 6.58e-11
2022-11-09, 20:02:39, 8.31e-13, 6.58e-11
2022-11-09, 20:02:43, 8.56e-13, 6.56e-11
2022-11-09, 20:02:47, 9.16e-13, 6.57e-11
2022-11-09, 20:02:51, 9.27e-13, 6.57e-11
2022-11-09, 20:02:56, 8.86e-13, 6.56e-11
2022-11-09, 20:03:00, 8.77e-13, 6.55e-11
2022-11-09, 20:03:04, 8.3e-13, 6.6e-11
2022-11-09, 20:03:08, 9.27e-13, 6.55e-11
2022-11-09, 20:03:12, 8.77e-13, 6.55e-11
2022-11-09, 20:03:17, 9.04e-13, 6.55e-11
2022-11-09, 20:03:21, 8.81e-13, 6.54e-11
2022-11-09, 20:03:25, 8.69e-13, 6.54e-11
2022-11-09, 20:03:29, 8.56e-13, 6.55e-11
2022-11-09, 20:03:34, 9.21e-13, 6.57e-11
2022-11-09, 20:03:38, 9.44e-13, 6.56e-11
2022-11-09, 20:03:42, 8.68e-13, 6.57e-11
2022-11-09, 20:03:46, 9.31e-13, 6.53e-11
2022-11-09, 20:03:50, 8.63e-13, 6.56e-11
2022-11-09, 20:03:55, 9.12e-13, 6.57e-11
2022-11-09, 20:03:59, 8.59e-13, 6.59e-11
2022-11-09, 20:04:03, 9.03e-13, 6.59e-11
2022-11-09, 20:04:07, 9.2e-13, 6.55e-11
2022-11-09, 20:04:11, 9.38e-13, 6.57e-11
2022-11-09, 20:04:16, 8.81e-13, 6.54e-11
2022-11-09, 20:04:20, 8.93e-13, 6.57e-11
2022-11-09, 20:04:24, 9.27e-13, 6.6e-11
2022-11-09, 20:04:28, 9.01e-13, 6.58e-11
2022-11-09, 20:04:33, 8.64e-13, 6.55e-11
2022-11-09, 20:04:37, 8.55e-13, 6.52e-11
2022-11-09, 20:04:41, 8.58e-13, 6.55e-11
2022-11-09, 20:04:45, 1.01e-12, 6.55e-11
2022-11-09, 20:04:49, 9.13e-13, 6.57e-11
2022-11-09, 20:04:54, 8.29e-13, 6.57e-11
2022-11-09, 20:04:58, 8.89e-13, 6.55e-11
2022-11-09, 20:05:02, 8.54e-13, 6.59e-11
2022-11-09, 20:05:06, 8.83e-13, 6.56e-11
2022-11-09, 20:05:11, 8.65e-13, 6.57e-11
2022-11-09, 20:05:15, 8.75e-13, 6.57e-11
2022-11-09, 20:05:19, 8.72e-13, 6.59e-11
2022-11-09, 20:05:23, 8.65e-13, 6.56e-11
2022-11-09, 20:05:27, 8.71e-13, 6.56e-11
2022-11-09, 20:05:32, 8.6e-13, 6.55e-11
2022-11-09, 20:05:36, 8.58e-13, 6.56e-11
2022-11-09, 20:05:40, 8.87e-13, 6.56e-11
2022-11-09, 20:05:44, 9.05e-13, 6.57e-11
2022-11-09, 20:05:49, 9.07e-13, 6.58e-11
2022-11-09, 20:05:53, 8.93e-13, 6.55e-11
2022-11-09, 20:05:57, 8.98e-13, 6.55e-11
2022-11-09, 20:06:01, 8.2e-13, 6.57e-11
2022-11-09, 20:06:05, 8.47e-13, 6.58e-11
2022-11-09, 20:06:10, 8.17e-13, 6.58e-11
2022-11-09, 20:06:14, 8.78e-13, 6.59e-11
2022-11-09, 20:06:18, 9.05e-13, 6.58e-11
2022-11-09, 20:06:22, 8.93e-13, 6.58e-11
2022-11-09, 20:06:27, 9.21e-13, 6.55e-11
2022-11-09, 20:06:31, 8.43e-13, 6.54e-11
2022-11-09, 20:06:35, 9.16e-13, 6.58e-11
2022-11-09, 20:06:39, 8.44e-13, 6.48e-11
2022-11-09, 20:06:43, 9.77e-13, 6.56e-11
2022-11-09, 20:06:48, 9.73e-13, 6.53e-11
2022-11-09, 20:06:52, 9.54e-13, 6.55e-11
2022-11-09, 20:06:56, 8.51e-13, 6.55e-11
2022-11-09, 20:07:00, 9.39e-13, 6.55e-11
2022-11-09, 20:07:05, 8.67e-13, 6.54e-11
2022-11-09, 20:07:09, 8.88e-13, 6.53e-11
2022-11-09, 20:07:13, 8.73e-13, 6.53e-11
2022-11-09, 20:07:17, 9.19e-13, 6.53e-11
2022-11-09, 20:07:21, 8.73e-13, 6.58e-11
2022-11-09, 20:07:26, 9.26e-13, 6.54e-11
2022-11-09, 20:07:30, 9.84e-13, 6.58e-11
2022-11-09, 20:07:34, 8.61e-13, 6.53e-11
2022-11-09, 20:07:38, 8.88e-13, 6.55e-11
2022-11-09, 20:07:43, 8.24e-13, 6.55e-11
2022-11-09, 20:07:47, 8.54e-13, 6.55e-11
2022-11-09, 20:07:51, 8.77e-13, 6.55e-11
2022-11-09, 20:07:55, 9.09e-13, 6.56e-11
2022-11-09, 20:07:59, 8.68e-13, 6.56e-11
2022-11-09, 20:08:04, 9.06e-13, 6.55e-11
2022-11-09, 20:08:08, 9.1e-13, 6.55e-11
2022-11-09, 20:08:12, 8.82e-13, 6.54e-11
2022-11-09, 20:08:16, 9e-13, 6.57e-11
2022-11-09, 20:08:21, 9.3e-13, 6.56e-11
2022-11-09, 20:08:25, 9.58e-13, 6.56e-11
2022-11-09, 20:08:29, 9.17e-13, 6.58e-11
2022-11-09, 20:08:33, 8.73e-13, 6.58e-11
2022-11-09, 20:08:37, 8.68e-13, 6.58e-11
2022-11-09, 20:08:42, 9.45e-13, 6.57e-11
2022-11-09, 20:08:46, 9.17e-13, 6.55e-11
2022-11-09, 20:08:50, 9.12e-13, 6.56e-11
2022-11-09, 20:08:54, 8.71e-13, 6.56e-11
2022-11-09, 20:08:58, 9.17e-13, 6.54e-11
2022-11-09, 20:09:03, 8.84e-13, 6.55e-11
2022-11-09, 20:09:07, 7.98e-13, 6.56e-11
2022-11-09, 20:09:11, 8.48e-13, 6.53e-11
2022-11-09, 20:09:15, 8.44e-13, 6.55e-11
2022-11-09, 20:09:20, 8.96e-13, 6.56e-11
2022-11-09, 20:09:24, 8.62e-13, 6.56e-11
2022-11-09, 20:09:28, 8.91e-13, 6.56e-11
2022-11-09, 20:09:32, 8.58e-13, 6.52e-11
2022-11-09, 20:09:36, 9.26e-13, 6.53e-11
2022-11-09, 20:09:41, 8.56e-13, 6.56e-11
2022-11-09, 20:09:45, 8.85e-13, 6.54e-11
2022-11-09, 20:09:49, 8.84e-13, 6.58e-11
2022-11-09, 20:09:53, 8.49e-13, 6.55e-11
2022-11-09, 20:09:58, 8.87e-13, 6.52e-11
2022-11-09, 20:10:02, 8.26e-13, 6.53e-11
2022-11-09, 20:10:06, 9.02e-13, 6.54e-11
2022-11-09, 20:10:10, 8.79e-13, 6.55e-11
2022-11-09, 20:10:14, 9.21e-13, 6.58e-11
2022-11-09, 20:10:19, 9.29e-13, 6.56e-11
2022-11-09, 20:10:23, 9.56e-13, 6.57e-11
2022-11-09, 20:10:27, 9.08e-13, 6.55e-11
2022-11-09, 20:10:31, 9.4e-13, 6.57e-11
2022-11-09, 20:10:36, 7.42e-13, 6.55e-11
2022-11-09, 20:10:40, 9.32e-13, 6.56e-11
2022-11-09, 20:10:44, 8.67e-13, 6.57e-11
2022-11-09, 20:10:48, 9.14e-13, 6.56e-11
2022-11-09, 20:10:52, 9.36e-13, 6.53e-11
2022-11-09, 20:10:57, 8.86e-13, 6.57e-11
2022-11-09, 20:11:01, 9.03e-13, 6.54e-11
2022-11-09, 20:11:05, 8.85e-13, 6.56e-11
2022-11-09, 20:11:09, 9.17e-13, 6.6e-11
2022-11-09, 20:11:14, 8.7e-13, 6.56e-11
2022-11-09, 20:11:18, 8.8e-13, 6.55e-11
2022-11-09, 20:11:22, 8.53e-13, 6.55e-11
2022-11-09, 20:11:26, 8.71e-13, 6.58e-11
2022-11-09, 20:11:30, 8.65e-13, 6.56e-11
2022-11-09, 20:11:35, 9.2e-13, 6.57e-11
2022-11-09, 20:11:39, 8.14e-13, 6.59e-11
2022-11-09, 20:11:43, 9.37e-13, 6.55e-11
2022-11-09, 20:11:47, 9.2e-13, 6.57e-11
2022-11-09, 20:11:52, 9.67e-13, 6.54e-11
2022-11-09, 20:11:56, 8.9e-13, 6.53e-11
2022-11-09, 20:12:00, 9.23e-13, 6.53e-11
2022-11-09, 20:12:04, 8.48e-13, 6.57e-11
2022-11-09, 20:12:08, 9.37e-13, 6.57e-11
2022-11-09, 20:12:13, 8.21e-13, 6.55e-11
2022-11-09, 20:12:17, 7.97e-13, 6.57e-11
2022-11-09, 20:12:21, 9.58e-13, 6.57e-11
2022-11-09, 20:12:25, 9.23e-13, 6.57e-11
2022-11-09, 20:12:30, 9.23e-13, 6.59e-11
2022-11-09, 20:12:34, 9.24e-13, 6.58e-11
2022-11-09, 20:12:38, 9.12e-13, 6.6e-11
2022-11-09, 20:12:42, 8.33e-13, 6.58e-11
2022-11-09, 20:12:46, 9.27e-13, 6.57e-11
2022-11-09, 20:12:51, 7.58e-13, 6.55e-11
2022-11-09, 20:12:55, 7.96e-13, 6.59e-11
2022-11-09, 20:12:59, 9.13e-13, 6.57e-11
2022-11-09, 20:13:03, 9.28e-13, 6.57e-11
2022-11-09, 20:13:07, 8.99e-13, 6.58e-11
2022-11-09, 20:13:12, 9.37e-13, 6.57e-11
2022-11-09, 20:13:16, 9.09e-13, 6.56e-11
2022-11-09, 20:13:20, 8.44e-13, 6.56e-11
2022-11-09, 20:13:24, 8.4e-13, 6.59e-11
2022-11-09, 20:13:29, 8.46e-13, 6.58e-11
2022-11-09, 20:13:33, 8.63e-13, 6.61e-11
2022-11-09, 20:13:37, 9.04e-13, 6.56e-11
2022-11-09, 20:13:41, 9.03e-13, 6.55e-11
2022-11-09, 20:13:45, 8.67e-13, 6.56e-11
2022-11-09, 20:13:50, 8.51e-13, 6.58e-11
2022-11-09, 20:13:54, 8.69e-13, 6.58e-11
2022-11-09, 20:13:58, 9.17e-13, 6.58e-11
2022-11-09, 20:14:02, 8.94e-13, 6.6e-11
2022-11-09, 20:14:07, 9.33e-13, 6.6e-11
2022-11-09, 20:14:11, 8.75e-13, 6.57e-11
2022-11-09, 20:14:15, 8.27e-13, 6.58e-11
2022-11-09, 20:14:19, 8.47e-13, 6.57e-11
2022-11-09, 20:14:23, 9.33e-13, 6.55e-11
2022-11-09, 20:14:28, 9.11e-13, 6.56e-11
2022-11-09, 20:14:32, 8.77e-13, 6.56e-11
2022-11-09, 20:14:36, 9.01e-13, 6.59e-11
2022-11-09, 20:14:40, 9.73e-13, 6.56e-11
2022-11-09, 20:14:45, 8.82e-13, 6.57e-11
2022-11-09, 20:14:49, 7.77e-13, 6.55e-11
2022-11-09, 20:14:53, 8.78e-13, 6.58e-11
2022-11-09, 20:14:57, 8.44e-13, 6.59e-11
2022-11-09, 20:15:01, 8.95e-13, 6.56e-11
2022-11-09, 20:15:06, 9.19e-13, 6.57e-11
2022-11-09, 20:15:10, 8.85e-13, 6.56e-11
2022-11-09, 20:15:14, 8.23e-13, 6.56e-11
2022-11-09, 20:15:18, 8.86e-13, 6.57e-11
2022-11-09, 20:15:23, 9.18e-13, 6.58e-11
2022-11-09, 20:15:27, 8.53e-13, 6.56e-11
2022-11-09, 20:15:31, 7.81e-13, 6.56e-11
2022-11-09, 20:15:35, 9.12e-13, 6.58e-11
2022-11-09, 20:15:39, 8.78e-13, 6.59e-11
2022-11-09, 20:15:44, 8.9e-13, 6.55e-11
2022-11-09, 20:15:48, 8.42e-13, 6.61e-11
2022-11-09, 20:15:52, 8.22e-13, 6.58e-11
2022-11-09, 20:15:56, 8.96e-13, 6.57e-11
2022-11-09, 20:16:01, 9.95e-13, 6.51e-11
2022-11-09, 20:16:05, 8.75e-13, 6.55e-11
2022-11-09, 20:16:09, 1e-12, 6.56e-11
2022-11-09, 20:16:13, 1.03e-12, 6.57e-11
2022-11-09, 20:16:17, 9.05e-13, 6.59e-11
2022-11-09, 20:16:22, 8.75e-13, 6.57e-11
2022-11-09, 20:16:26, 9.15e-13, 6.58e-11
2022-11-09, 20:16:30, 8.83e-13, 6.52e-11
2022-11-09, 20:16:34, 8.8e-13, 6.55e-11
2022-11-09, 20:16:39, 8.88e-13, 6.53e-11
2022-11-09, 20:16:43, 7.8e-13, 6.54e-11
2022-11-09, 20:16:47, 9.01e-13, 6.54e-11
2022-11-09, 20:16:51, 8.91e-13, 6.57e-11
2022-11-09, 20:16:55, 9.4e-13, 6.55e-11
2022-11-09, 20:17:00, 8.48e-13, 6.56e-11
2022-11-09, 20:17:04, 9.42e-13, 6.56e-11
2022-11-09, 20:17:08, 9.15e-13, 6.56e-11
2022-11-09, 20:17:12, 8.84e-13, 6.56e-11
2022-11-09, 20:17:16, 8.61e-13, 6.55e-11
2022-11-09, 20:17:21, 8.84e-13, 6.63e-11
2022-11-09, 20:17:25, 8.79e-13, 6.56e-11
2022-11-09, 20:17:29, 8.79e-13, 6.56e-11
2022-11-09, 20:17:33, 9.66e-13, 6.56e-11
2022-11-09, 20:17:38, 8.83e-13, 6.6e-11
2022-11-09, 20:17:42, 8.74e-13, 6.56e-11
2022-11-09, 20:17:46, 8.96e-13, 6.54e-11
2022-11-09, 20:17:50, 8.64e-13, 6.57e-11
2022-11-09, 20:17:54, 8.67e-13, 6.58e-11
2022-11-09, 20:17:59, 9.3e-13, 6.53e-11
2022-11-09, 20:18:03, 8.37e-13, 6.58e-11
2022-11-09, 20:18:07, 9.89e-13, 6.55e-11
2022-11-09, 20:18:11, 9.14e-13, 6.59e-11
2022-11-09, 20:18:16, 8.45e-13, 6.54e-11
2022-11-09, 20:18:20, 9.35e-13, 6.57e-11
2022-11-09, 20:18:24, 8.72e-13, 6.57e-11
2022-11-09, 20:18:28, 8.93e-13, 6.57e-11
2022-11-09, 20:18:32, 8.91e-13, 6.58e-11
2022-11-09, 20:18:37, 8.55e-13, 6.58e-11
2022-11-09, 20:18:41, 8.82e-13, 6.56e-11
2022-11-09, 20:18:45, 8.35e-13, 6.56e-11
2022-11-09, 20:18:49, 8.84e-13, 6.57e-11
2022-11-09, 20:18:54, 8.54e-13, 6.55e-11
2022-11-09, 20:18:58, 8.8e-13, 6.53e-11
2022-11-09, 20:19:02, 9.58e-13, 6.56e-11
2022-11-09, 20:19:06, 9.14e-13, 6.56e-11
2022-11-09, 20:19:10, 8.7e-13, 6.57e-11
2022-11-09, 20:19:15, 9.08e-13, 6.5e-11
2022-11-09, 20:19:19, 9.21e-13, 6.54e-11
2022-11-09, 20:19:23, 8.98e-13, 6.55e-11
2022-11-09, 20:19:27, 8.8e-13, 6.56e-11
2022-11-09, 20:19:32, 9.19e-13, 6.55e-11
2022-11-09, 20:19:36, 9.67e-13, 6.53e-11
2022-11-09, 20:19:40, 9.21e-13, 6.54e-11
2022-11-09, 20:19:44, 9.57e-13, 6.58e-11
2022-11-09, 20:19:48, 9.05e-13, 6.54e-11
2022-11-09, 20:19:53, 9.17e-13, 6.54e-11
2022-11-09, 20:19:57, 9.29e-13, 6.55e-11
2022-11-09, 20:20:01, 8.94e-13, 6.58e-11
2022-11-09, 20:20:05, 9.15e-13, 6.54e-11
2022-11-09, 20:20:10, 1.06e-12, 6.55e-11
2022-11-09, 20:20:14, 8.86e-13, 6.56e-11
2022-11-09, 20:20:18, 9.58e-13, 6.58e-11
2022-11-09, 20:20:22, 8.73e-13, 6.56e-11
2022-11-09, 20:20:26, 8.83e-13, 6.6e-11
2022-11-09, 20:20:31, 8.31e-13, 6.56e-11
2022-11-09, 20:20:35, 9.14e-13, 6.56e-11
2022-11-09, 20:20:39, 9.14e-13, 6.55e-11
2022-11-09, 20:20:43, 8.6e-13, 6.55e-11
2022-11-09, 20:20:47, 8.84e-13, 6.55e-11
2022-11-09, 20:20:52, 8.66e-13, 6.55e-11
2022-11-09, 20:20:56, 1.07e-12, 6.56e-11
2022-11-09, 20:21:00, 9.22e-13, 6.58e-11
2022-11-09, 20:21:04, 9.82e-13, 6.55e-11
2022-11-09, 20:21:09, 9.01e-13, 6.55e-11
2022-11-09, 20:21:13, 8.76e-13, 6.54e-11
2022-11-09, 20:21:17, 9.02e-13, 6.53e-11
2022-11-09, 20:21:21, 9e-13, 6.57e-11
2022-11-09, 20:21:25, 1.07e-12, 6.57e-11
2022-11-09, 20:21:30, 8.69e-13, 6.54e-11
2022-11-09, 20:21:34, 8.68e-13, 6.52e-11
2022-11-09, 20:21:38, 8.37e-13, 6.53e-11
2022-11-09, 20:21:42, 1.03e-12, 6.52e-11
2022-11-09, 20:21:47, 8.99e-13, 6.55e-11
2022-11-09, 20:21:51, 9.05e-13, 6.54e-11
2022-11-09, 20:21:55, 7.65e-13, 6.54e-11
2022-11-09, 20:21:59, 9.2e-13, 6.55e-11
2022-11-09, 20:22:03, 8.45e-13, 6.53e-11
2022-11-09, 20:22:08, 9.58e-13, 6.55e-11
2022-11-09, 20:22:12, 8.89e-13, 6.52e-11
2022-11-09, 20:22:16, 7.87e-13, 6.55e-11
2022-11-09, 20:22:20, 9.18e-13, 6.54e-11
2022-11-09, 20:22:25, 8.57e-13, 6.53e-11
2022-11-09, 20:22:29, 9.08e-13, 6.52e-11
2022-11-09, 20:22:33, 8.83e-13, 6.52e-11
2022-11-09, 20:22:37, 9e-13, 6.54e-11
2022-11-09, 20:22:41, 8.26e-13, 6.56e-11
2022-11-09, 20:22:46, 9.21e-13, 6.54e-11
2022-11-09, 20:22:50, 9.53e-13, 6.55e-11
2022-11-09, 20:22:54, 8.89e-13, 6.57e-11
2022-11-09, 20:22:58, 9.02e-13, 6.59e-11
2022-11-09, 20:23:03, 8.93e-13, 6.59e-11
2022-11-09, 20:23:07, 9.29e-13, 6.55e-11
2022-11-09, 20:23:11, 9.05e-13, 6.56e-11
2022-11-09, 20:23:15, 8.47e-13, 6.55e-11
2022-11-09, 20:23:19, 9.46e-13, 6.56e-11
2022-11-09, 20:23:24, 9.13e-13, 6.56e-11
2022-11-09, 20:23:28, 8.72e-13, 6.56e-11
2022-11-09, 20:23:32, 8.73e-13, 6.53e-11
2022-11-09, 20:23:36, 8.29e-13, 6.54e-11
2022-11-09, 20:23:41, 9.08e-13, 6.54e-11
2022-11-09, 20:23:45, 8.74e-13, 6.59e-11
2022-11-09, 20:23:49, 8.54e-13, 6.55e-11
2022-11-09, 20:23:53, 8.32e-13, 6.57e-11
2022-11-09, 20:23:57, 9.41e-13, 6.55e-11
2022-11-09, 20:24:02, 8.99e-13, 6.54e-11
2022-11-09, 20:24:06, 7.64e-13, 6.53e-11
2022-11-09, 20:24:10, 8.76e-13, 6.56e-11
2022-11-09, 20:24:14, 8.67e-13, 6.59e-11
2022-11-09, 20:24:18, 8.83e-13, 6.55e-11
2022-11-09, 20:24:23, 9.11e-13, 6.53e-11
2022-11-09, 20:24:27, 9.14e-13, 6.56e-11
2022-11-09, 20:24:31, 8.96e-13, 6.55e-11
2022-11-09, 20:24:35, 8.66e-13, 6.54e-11
2022-11-09, 20:24:40, 8.57e-13, 6.54e-11
2022-11-09, 20:24:44, 8.7e-13, 6.53e-11
2022-11-09, 20:24:48, 8.51e-13, 6.55e-11
2022-11-09, 20:24:52, 9.13e-13, 6.55e-11
2022-11-09, 20:24:56, 9.02e-13, 6.54e-11
2022-11-09, 20:25:01, 8.9e-13, 6.54e-11
2022-11-09, 20:25:05, 9.95e-13, 6.55e-11
2022-11-09, 20:25:09, 8.78e-13, 6.55e-11
2022-11-09, 20:25:13, 9.39e-13, 6.54e-11
2022-11-09, 20:25:18, 8.74e-13, 6.53e-11
2022-11-09, 20:25:22, 8.58e-13, 6.56e-11
2022-11-09, 20:25:26, 7.99e-13, 6.55e-11
2022-11-09, 20:25:30, 8.19e-13, 6.53e-11
2022-11-09, 20:25:34, 9.35e-13, 6.57e-11
2022-11-09, 20:25:39, 8.42e-13, 6.54e-11
2022-11-09, 20:25:43, 9.07e-13, 6.54e-11
2022-11-09, 20:25:47, 8.83e-13, 6.55e-11
2022-11-09, 20:25:51, 9.08e-13, 6.55e-11
2022-11-09, 20:25:56, 8.88e-13, 6.53e-11
2022-11-09, 20:26:00, 7.75e-13, 6.51e-11
2022-11-09, 20:26:04, 9.45e-13, 6.55e-11
2022-11-09, 20:26:08, 9.13e-13, 6.52e-11
2022-11-09, 20:26:12, 9.14e-13, 6.53e-11
2022-11-09, 20:26:17, 9.5e-13, 6.53e-11
2022-11-09, 20:26:21, 9.92e-13, 6.55e-11
2022-11-09, 20:26:25, 9.66e-13, 6.52e-11
2022-11-09, 20:26:29, 9.18e-13, 6.59e-11
2022-11-09, 20:26:34, 8.87e-13, 6.55e-11
2022-11-09, 20:26:38, 8.54e-13, 6.56e-11
2022-11-09, 20:26:42, 9.02e-13, 6.55e-11
2022-11-09, 20:26:46, 9.93e-13, 6.56e-11
2022-11-09, 20:26:50, 8.34e-13, 6.56e-11
2022-11-09, 20:26:55, 8.6e-13, 6.57e-11
2022-11-09, 20:26:59, 9.08e-13, 6.56e-11
2022-11-09, 20:27:03, 8.9e-13, 6.56e-11
2022-11-09, 20:27:07, 8.62e-13, 6.56e-11
2022-11-09, 20:27:12, 9.01e-13, 6.57e-11
2022-11-09, 20:27:16, 9.03e-13, 6.59e-11
2022-11-09, 20:27:20, 9.3e-13, 6.56e-11
2022-11-09, 20:27:24, 1.04e-12, 6.55e-11
2022-11-09, 20:27:28, 8.63e-13, 6.58e-11
2022-11-09, 20:27:33, 9.17e-13, 6.52e-11
2022-11-09, 20:27:37, 8.93e-13, 6.59e-11
2022-11-09, 20:27:41, 9.96e-13, 6.54e-11
2022-11-09, 20:27:45, 8.6e-13, 6.57e-11
2022-11-09, 20:27:50, 8.8e-13, 6.55e-11
2022-11-09, 20:27:54, 9.45e-13, 6.56e-11
2022-11-09, 20:27:58, 8.77e-13, 6.54e-11
2022-11-09, 20:28:02, 8.85e-13, 6.54e-11
2022-11-09, 20:28:06, 8.83e-13, 6.57e-11
2022-11-09, 20:28:11, 9.46e-13, 6.55e-11
2022-11-09, 20:28:15, 9.06e-13, 6.58e-11
2022-11-09, 20:28:19, 7.9e-13, 6.54e-11
2022-11-09, 20:28:23, 9.14e-13, 6.56e-11
2022-11-09, 20:28:28, 9.14e-13, 6.56e-11
2022-11-09, 20:28:32, 8.79e-13, 6.57e-11
2022-11-09, 20:28:36, 9.38e-13, 6.54e-11
2022-11-09, 20:28:40, 9.5e-13, 6.55e-11
2022-11-09, 20:28:44, 8.43e-13, 6.58e-11
2022-11-09, 20:28:49, 9.1e-13, 6.56e-11
2022-11-09, 20:28:53, 8.54e-13, 6.57e-11
2022-11-09, 20:28:57, 8.81e-13, 6.56e-11
2022-11-09, 20:29:01, 9.17e-13, 6.56e-11
2022-11-09, 20:29:06, 9.2e-13, 6.55e-11
2022-11-09, 20:29:10, 9.18e-13, 6.55e-11
2022-11-09, 20:29:16, 8.91e-13, 6.55e-11
2022-11-09, 20:29:20, 9.55e-13, 6.54e-11
2022-11-09, 20:29:24, 9.16e-13, 6.56e-11
2022-11-09, 20:29:29, 8.6e-13, 6.56e-11
2022-11-09, 20:29:33, 9.75e-13, 6.57e-11
2022-11-09, 20:29:37, 8.77e-13, 6.55e-11
2022-11-09, 20:29:41, 8.63e-13, 6.54e-11
2022-11-09, 20:29:45, 8.67e-13, 6.57e-11
2022-11-09, 20:29:50, 9.15e-13, 6.56e-11
2022-11-09, 20:29:54, 8.49e-13, 6.52e-11
2022-11-09, 20:29:59, 9.6e-13, 6.58e-11
2022-11-09, 20:30:04, 8.55e-13, 6.58e-11
2022-11-09, 20:30:08, 8.55e-13, 6.57e-11
2022-11-09, 20:30:12, 9.33e-13, 6.54e-11
2022-11-09, 20:30:16, 8.64e-13, 6.57e-11
2022-11-09, 20:30:21, 9.3e-13, 6.61e-11
2022-11-09, 20:30:25, 9e-13, 6.6e-11
2022-11-09, 20:30:29, 8.56e-13, 6.57e-11
2022-11-09, 20:30:33, 8.35e-13, 6.58e-11
2022-11-09, 20:30:37, 8.46e-13, 6.56e-11
2022-11-09, 20:30:42, 8.96e-13, 6.58e-11
2022-11-09, 20:30:46, 8.7e-13, 6.57e-11
2022-11-09, 20:30:50, 9.66e-13, 6.55e-11
2022-11-09, 20:30:54, 8.61e-13, 6.57e-11
2022-11-09, 20:30:59, 8.84e-13, 6.54e-11
2022-11-09, 20:31:03, 9.3e-13, 6.55e-11
2022-11-09, 20:31:07, 8.81e-13, 6.54e-11
2022-11-09, 20:31:11, 9.18e-13, 6.53e-11
2022-11-09, 20:31:15, 9.11e-13, 6.56e-11
2022-11-09, 20:31:20, 8.46e-13, 6.58e-11
2022-11-09, 20:31:24, 9.06e-13, 6.57e-11
2022-11-09, 20:31:28, 8.87e-13, 6.54e-11
2022-11-09, 20:31:32, 9.13e-13, 6.63e-11
2022-11-09, 20:31:37, 8.85e-13, 6.6e-11
2022-11-09, 20:31:41, 9.08e-13, 6.55e-11
2022-11-09, 20:31:45, 8.91e-13, 6.54e-11
2022-11-09, 20:31:49, 8.99e-13, 6.56e-11
2022-11-09, 20:31:53, 9.25e-13, 6.55e-11
2022-11-09, 20:31:58, 8.78e-13, 6.54e-11
2022-11-09, 20:32:02, 9.23e-13, 6.56e-11
2022-11-09, 20:32:06, 8.62e-13, 6.58e-11
2022-11-09, 20:32:10, 9.14e-13, 6.56e-11
2022-11-09, 20:32:15, 8.88e-13, 6.54e-11
2022-11-09, 20:32:19, 9.13e-13, 6.54e-11
2022-11-09, 20:32:23, 9.49e-13, 6.56e-11
2022-11-09, 20:32:27, 9.34e-13, 6.53e-11
2022-11-09, 20:32:31, 9.25e-13, 6.53e-11
2022-11-09, 20:32:36, 9e-13, 6.55e-11
2022-11-09, 20:32:40, 9.01e-13, 6.54e-11
2022-11-09, 20:32:44, 8.72e-13, 6.53e-11
2022-11-09, 20:32:48, 9.26e-13, 6.54e-11
2022-11-09, 20:32:53, 8.94e-13, 6.57e-11
2022-11-09, 20:32:57, 9.4e-13, 6.56e-11
2022-11-09, 20:33:01, 9.61e-13, 6.57e-11
2022-11-09, 20:33:05, 9.18e-13, 6.55e-11
2022-11-09, 20:33:09, 9.44e-13, 6.56e-11
2022-11-09, 20:33:14, 8.78e-13, 6.57e-11
2022-11-09, 20:33:18, 8.53e-13, 6.55e-11
2022-11-09, 20:33:22, 8.42e-13, 6.59e-11
2022-11-09, 20:33:26, 8.85e-13, 6.57e-11
2022-11-09, 20:33:31, 9.18e-13, 6.57e-11
2022-11-09, 20:33:35, 9.26e-13, 6.6e-11
2022-11-09, 20:33:39, 8.87e-13, 6.58e-11
2022-11-09, 20:33:43, 1.03e-12, 6.55e-11
2022-11-09, 20:33:47, 9.57e-13, 6.57e-11
2022-11-09, 20:33:52, 8.59e-13, 6.55e-11
2022-11-09, 20:33:56, 9.65e-13, 6.55e-11
2022-11-09, 20:34:00, 8.69e-13, 6.55e-11
2022-11-09, 20:34:04, 9.65e-13, 6.55e-11
2022-11-09, 20:34:08, 8.96e-13, 6.56e-11
2022-11-09, 20:34:13, 8.92e-13, 6.57e-11
2022-11-09, 20:34:17, 8.2e-13, 6.57e-11
2022-11-09, 20:34:21, 9e-13, 6.55e-11
2022-11-09, 20:34:25, 8.9e-13, 6.53e-11
2022-11-09, 20:34:30, 9.07e-13, 6.56e-11
2022-11-09, 20:34:34, 8.93e-13, 6.54e-11
2022-11-09, 20:34:38, 9.74e-13, 6.53e-11
2022-11-09, 20:34:42, 8.76e-13, 6.56e-11
2022-11-09, 20:34:46, 8.73e-13, 6.57e-11
2022-11-09, 20:34:51, 8.82e-13, 6.57e-11
2022-11-09, 20:34:55, 8.87e-13, 6.56e-11
2022-11-09, 20:34:59, 8.69e-13, 6.57e-11
2022-11-09, 20:35:03, 9.07e-13, 6.69e-11
2022-11-09, 20:35:08, 8.52e-13, 6.71e-11
2022-11-09, 20:35:12, 8.96e-13, 6.71e-11
2022-11-09, 20:35:16, 8.84e-13, 6.71e-11
2022-11-09, 20:35:20, 8.88e-13, 6.67e-11
2022-11-09, 20:35:24, 7.93e-13, 6.71e-11
2022-11-09, 20:35:29, 8.57e-13, 6.78e-11
2022-11-09, 20:35:33, 8.34e-13, 6.91e-11
2022-11-09, 20:35:37, 8.92e-13, 6.96e-11
2022-11-09, 20:35:41, 9.04e-13, 6.65e-11
2022-11-09, 20:35:46, 8.74e-13, 6.67e-11
2022-11-09, 20:35:50, 8.74e-13, 6.68e-11
2022-11-09, 20:35:54, 8.67e-13, 6.66e-11
2022-11-09, 20:35:58, 1e-12, 6.52e-11
2022-11-09, 20:36:02, 8.83e-13, 6.52e-11
2022-11-09, 20:36:07, 8.89e-13, 6.56e-11
2022-11-09, 20:36:11, 8.86e-13, 6.54e-11
2022-11-09, 20:36:15, 9.57e-13, 6.55e-11
2022-11-09, 20:36:19, 8.78e-13, 6.55e-11
2022-11-09, 20:36:24, 9.35e-13, 6.56e-11
2022-11-09, 20:36:28, 8.58e-13, 6.56e-11
2022-11-09, 20:36:32, 9.06e-13, 6.51e-11
2022-11-09, 20:36:36, 9.33e-13, 6.53e-11
2022-11-09, 20:36:40, 8.9e-13, 6.54e-11
2022-11-09, 20:36:45, 9.1e-13, 6.56e-11
2022-11-09, 20:36:49, 8.82e-13, 6.52e-11
2022-11-09, 20:36:53, 8.8e-13, 6.52e-11
2022-11-09, 20:36:57, 8.42e-13, 6.54e-11
2022-11-09, 20:37:02, 8.72e-13, 6.52e-11
2022-11-09, 20:37:06, 8.87e-13, 6.56e-11
2022-11-09, 20:37:10, 8.11e-13, 6.54e-11
2022-11-09, 20:37:14, 9.24e-13, 6.53e-11
2022-11-09, 20:37:18, 8.7e-13, 6.55e-11
2022-11-09, 20:37:23, 8.57e-13, 6.57e-11
2022-11-09, 20:37:27, 9.7e-13, 6.55e-11
2022-11-09, 20:37:31, 8.85e-13, 6.58e-11
2022-11-09, 20:37:35, 8.74e-13, 6.58e-11
2022-11-09, 20:37:40, 8.26e-13, 6.54e-11
2022-11-09, 20:37:44, 8.62e-13, 6.56e-11
2022-11-09, 20:37:48, 8.5e-13, 6.54e-11
2022-11-09, 20:37:52, 9.27e-13, 6.57e-11
2022-11-09, 20:37:56, 9.52e-13, 6.57e-11
2022-11-09, 20:38:01, 9.3e-13, 6.57e-11
2022-11-09, 20:38:05, 9.08e-13, 6.63e-11
2022-11-09, 20:38:09, 9.13e-13, 6.6e-11
2022-11-09, 20:38:13, 9.11e-13, 6.55e-11
2022-11-09, 20:38:17, 9.03e-13, 6.46e-11
2022-11-09, 20:38:22, 9.29e-13, 6.56e-11
2022-11-09, 20:38:26, 9.33e-13, 6.54e-11
2022-11-09, 20:38:30, 9.21e-13, 6.56e-11
2022-11-09, 20:38:34, 8.63e-13, 6.57e-11
2022-11-09, 20:38:39, 9.19e-13, 6.55e-11
2022-11-09, 20:38:43, 8.21e-13, 6.56e-11
2022-11-09, 20:38:47, 8.12e-13, 6.54e-11
2022-11-09, 20:38:51, 9.07e-13, 6.54e-11
2022-11-09, 20:38:55, 8.87e-13, 6.55e-11
2022-11-09, 20:39:00, 7.68e-13, 6.55e-11
2022-11-09, 20:39:04, 9.44e-13, 6.55e-11
2022-11-09, 20:39:08, 9.02e-13, 6.55e-11
2022-11-09, 20:39:12, 8.83e-13, 6.55e-11
2022-11-09, 20:39:17, 8.65e-13, 6.54e-11
2022-11-09, 20:39:21, 8.33e-13, 6.55e-11
2022-11-09, 20:39:25, 8.96e-13, 6.54e-11
2022-11-09, 20:39:29, 9.07e-13, 6.53e-11
2022-11-09, 20:39:33, 8.8e-13, 6.54e-11
2022-11-09, 20:39:38, 9.2e-13, 6.55e-11
2022-11-09, 20:39:42, 1.11e-12, 6.52e-11
2022-11-09, 20:39:46, 8.86e-13, 6.56e-11
2022-11-09, 20:39:50, 7.96e-13, 6.56e-11
2022-11-09, 20:39:55, 8.28e-13, 6.54e-11
2022-11-09, 20:39:59, 8.97e-13, 6.52e-11
2022-11-09, 20:40:03, 8.91e-13, 6.54e-11
2022-11-09, 20:40:07, 8.64e-13, 6.55e-11
2022-11-09, 20:40:11, 9.41e-13, 6.59e-11
2022-11-09, 20:40:16, 7.98e-13, 6.49e-11
2022-11-09, 20:40:20, 8.7e-13, 6.58e-11
2022-11-09, 20:40:24, 9e-13, 6.57e-11
2022-11-09, 20:40:28, 8.84e-13, 6.58e-11
2022-11-09, 20:40:33, 8.77e-13, 6.56e-11
2022-11-09, 20:40:37, 9.05e-13, 6.55e-11
2022-11-09, 20:40:41, 9.33e-13, 6.56e-11
2022-11-09, 20:40:45, 8.64e-13, 6.55e-11
2022-11-09, 20:40:49, 9.21e-13, 6.56e-11
2022-11-09, 20:40:54, 9.33e-13, 6.57e-11
2022-11-09, 20:40:58, 8.77e-13, 6.54e-11
2022-11-09, 20:41:02, 8.01e-13, 6.53e-11
2022-11-09, 20:41:06, 9.51e-13, 6.54e-11
2022-11-09, 20:41:10, 9.15e-13, 6.52e-11
2022-11-09, 20:41:15, 8.45e-13, 6.54e-11
2022-11-09, 20:41:19, 9.11e-13, 6.54e-11
2022-11-09, 20:41:23, 9.02e-13, 6.54e-11
2022-11-09, 20:41:27, 8.63e-13, 6.54e-11
2022-11-09, 20:41:32, 9.31e-13, 6.55e-11
2022-11-09, 20:41:36, 8.94e-13, 6.53e-11
2022-11-09, 20:41:40, 9.67e-13, 6.53e-11
2022-11-09, 20:41:44, 8.57e-13, 6.54e-11
2022-11-09, 20:41:48, 8.51e-13, 6.53e-11
2022-11-09, 20:41:53, 9.27e-13, 6.56e-11
2022-11-09, 20:41:57, 9.4e-13, 6.54e-11
2022-11-09, 20:42:01, 8.53e-13, 6.55e-11
2022-11-09, 20:42:05, 1.1e-12, 6.56e-11
2022-11-09, 20:42:10, 8.98e-13, 6.56e-11
2022-11-09, 20:42:14, 8.92e-13, 6.55e-11
2022-11-09, 20:42:18, 9.03e-13, 6.54e-11
2022-11-09, 20:42:22, 8.92e-13, 6.55e-11
2022-11-09, 20:42:27, 8.87e-13, 6.53e-11
2022-11-09, 20:42:31, 7.99e-13, 6.55e-11
2022-11-09, 20:42:35, 9.03e-13, 6.55e-11
2022-11-09, 20:42:39, 9.37e-13, 6.53e-11
2022-11-09, 20:42:43, 8.24e-13, 6.54e-11
2022-11-09, 20:42:48, 8.86e-13, 6.56e-11
2022-11-09, 20:42:52, 9.45e-13, 6.53e-11
2022-11-09, 20:42:56, 8.79e-13, 6.52e-11
2022-11-09, 20:43:00, 9.34e-13, 6.55e-11
2022-11-09, 20:43:04, 8.48e-13, 6.55e-11
2022-11-09, 20:43:09, 8.58e-13, 6.56e-11
2022-11-09, 20:43:13, 8.41e-13, 6.54e-11
2022-11-09, 20:43:17, 9.15e-13, 6.54e-11
2022-11-09, 20:43:21, 8.97e-13, 6.57e-11
2022-11-09, 20:43:26, 9.6e-13, 6.57e-11
2022-11-09, 20:43:30, 8.92e-13, 6.54e-11
2022-11-09, 20:43:34, 8.99e-13, 6.54e-11
2022-11-09, 20:43:38, 9.06e-13, 6.56e-11
2022-11-09, 20:43:42, 8.15e-13, 6.55e-11
2022-11-09, 20:43:47, 8.74e-13, 6.56e-11
2022-11-09, 20:43:51, 8.59e-13, 6.55e-11
2022-11-09, 20:43:55, 9.2e-13, 6.57e-11
2022-11-09, 20:43:59, 8.99e-13, 6.56e-11
2022-11-09, 20:44:04, 9.32e-13, 6.54e-11
2022-11-09, 20:44:08, 8.75e-13, 6.53e-11
2022-11-09, 20:44:12, 8.78e-13, 6.57e-11
2022-11-09, 20:44:16, 9.09e-13, 6.55e-11
2022-11-09, 20:44:20, 8.77e-13, 6.55e-11
2022-11-09, 20:44:25, 9.18e-13, 6.52e-11
2022-11-09, 20:44:29, 8.86e-13, 6.57e-11
2022-11-09, 20:44:33, 9.07e-13, 6.55e-11
2022-11-09, 20:44:37, 9.32e-13, 6.54e-11
2022-11-09, 20:44:42, 8.84e-13, 6.52e-11
2022-11-09, 20:44:46, 9.18e-13, 6.58e-11
2022-11-09, 20:44:50, 8.64e-13, 6.53e-11
2022-11-09, 20:44:54, 7.94e-13, 6.55e-11
2022-11-09, 20:44:58, 8.68e-13, 6.55e-11
2022-11-09, 20:45:03, 8.86e-13, 6.56e-11
2022-11-09, 20:45:07, 8.08e-13, 6.53e-11
2022-11-09, 20:45:11, 1e-12, 6.53e-11
2022-11-09, 20:45:15, 8.73e-13, 6.51e-11
2022-11-09, 20:45:20, 8.76e-13, 6.52e-11
2022-11-09, 20:45:24, 1.04e-12, 6.52e-11
2022-11-09, 20:45:28, 8.58e-13, 6.54e-11
2022-11-09, 20:45:32, 9.27e-13, 6.55e-11
2022-11-09, 20:45:36, 8.62e-13, 6.55e-11
2022-11-09, 20:45:41, 9.47e-13, 6.55e-11
2022-11-09, 20:45:45, 8.33e-13, 6.56e-11
2022-11-09, 20:45:49, 9.1e-13, 6.55e-11
2022-11-09, 20:45:53, 9.07e-13, 6.54e-11
2022-11-09, 20:45:58, 9.22e-13, 6.52e-11
2022-11-09, 20:46:02, 9.55e-13, 6.55e-11
2022-11-09, 20:46:06, 8.77e-13, 6.54e-11
2022-11-09, 20:46:10, 9.47e-13, 6.56e-11
2022-11-09, 20:46:14, 8.84e-13, 6.56e-11
2022-11-09, 20:46:19, 8.22e-13, 6.56e-11
2022-11-09, 20:46:23, 8.89e-13, 6.58e-11
2022-11-09, 20:46:27, 8.59e-13, 6.54e-11
2022-11-09, 20:46:31, 8.73e-13, 6.55e-11
2022-11-09, 20:46:35, 8.37e-13, 6.55e-11
2022-11-09, 20:46:40, 8.71e-13, 6.54e-11
2022-11-09, 20:46:44, 9.26e-13, 6.54e-11
2022-11-09, 20:46:48, 1.06e-12, 6.55e-11
2022-11-09, 20:46:52, 8.86e-13, 6.57e-11
2022-11-09, 20:46:57, 8.83e-13, 6.57e-11
2022-11-09, 20:47:01, 9.29e-13, 6.55e-11
2022-11-09, 20:47:05, 8.04e-13, 6.53e-11
2022-11-09, 20:47:09, 8.79e-13, 6.54e-11
2022-11-09, 20:47:13, 9.05e-13, 6.57e-11
2022-11-09, 20:47:18, 8.44e-13, 6.56e-11
2022-11-09, 20:47:22, 8.86e-13, 6.57e-11
2022-11-09, 20:47:26, 8.85e-13, 6.56e-11
2022-11-09, 20:47:30, 8.85e-13, 6.54e-11
2022-11-09, 20:47:35, 9.11e-13, 6.59e-11
2022-11-09, 20:47:39, 1.05e-12, 6.58e-11
2022-11-09, 20:47:43, 8.54e-13, 6.57e-11
2022-11-09, 20:47:47, 1.1e-12, 6.55e-11
2022-11-09, 20:47:51, 8.84e-13, 6.55e-11
2022-11-09, 20:47:56, 9.39e-13, 6.56e-11
2022-11-09, 20:48:00, 9.33e-13, 6.57e-11
2022-11-09, 20:48:04, 1.03e-12, 6.55e-11
2022-11-09, 20:48:08, 1e-12, 6.57e-11
2022-11-09, 20:48:13, 8.3e-13, 6.58e-11
2022-11-09, 20:48:17, 9.06e-13, 6.56e-11
2022-11-09, 20:48:21, 8.65e-13, 6.57e-11
2022-11-09, 20:48:25, 9.08e-13, 6.58e-11
2022-11-09, 20:48:29, 8.93e-13, 6.55e-11
2022-11-09, 20:48:34, 9.22e-13, 6.59e-11
2022-11-09, 20:48:38, 8.14e-13, 6.6e-11
2022-11-09, 20:48:42, 8.85e-13, 6.58e-11
2022-11-09, 20:48:46, 8.44e-13, 6.55e-11
2022-11-09, 20:48:51, 9.4e-13, 6.59e-11
2022-11-09, 20:48:55, 9.18e-13, 6.57e-11
2022-11-09, 20:48:59, 9.37e-13, 6.57e-11
2022-11-09, 20:49:03, 9.12e-13, 6.6e-11
2022-11-09, 20:49:07, 8.35e-13, 6.57e-11
2022-11-09, 20:49:12, 8.87e-13, 6.6e-11
2022-11-09, 20:49:16, 8.51e-13, 6.59e-11
2022-11-09, 20:49:20, 8.4e-13, 6.61e-11
2022-11-09, 20:49:24, 8.89e-13, 6.61e-11
2022-11-09, 20:49:29, 8.52e-13, 6.59e-11
2022-11-09, 20:49:33, 9.19e-13, 6.52e-11
2022-11-09, 20:49:37, 8.75e-13, 6.57e-11
2022-11-09, 20:49:41, 8.89e-13, 6.67e-11
2022-11-09, 20:49:45, 8.85e-13, 6.56e-11
2022-11-09, 20:49:50, 9.81e-13, 6.55e-11
2022-11-09, 20:49:54, 9.92e-13, 6.55e-11
2022-11-09, 20:49:58, 8.33e-13, 6.57e-11
2022-11-09, 20:50:02, 9.37e-13, 6.56e-11
2022-11-09, 20:50:07, 8.59e-13, 6.56e-11
2022-11-09, 20:50:11, 9.16e-13, 6.55e-11
2022-11-09, 20:50:15, 8.85e-13, 6.55e-11
2022-11-09, 20:50:19, 8.95e-13, 6.55e-11
2022-11-09, 20:50:23, 9.22e-13, 6.54e-11
2022-11-09, 20:50:28, 8.74e-13, 6.54e-11
2022-11-09, 20:50:32, 8.25e-13, 6.55e-11
2022-11-09, 20:50:36, 9.05e-13, 6.56e-11
2022-11-09, 20:50:40, 9e-13, 6.55e-11
2022-11-09, 20:50:45, 8.97e-13, 6.59e-11
2022-11-09, 20:50:49, 9.03e-13, 6.56e-11
2022-11-09, 20:50:53, 8.45e-13, 6.55e-11
2022-11-09, 20:50:57, 8.74e-13, 6.58e-11
2022-11-09, 20:51:01, 8.99e-13, 6.55e-11
2022-11-09, 20:51:06, 8.92e-13, 6.56e-11
2022-11-09, 20:51:10, 1.04e-12, 6.56e-11
2022-11-09, 20:51:14, 9.02e-13, 6.58e-11
2022-11-09, 20:51:18, 9.6e-13, 6.55e-11
2022-11-09, 20:51:23, 9.1e-13, 6.53e-11
2022-11-09, 20:51:27, 9.2e-13, 6.53e-11
2022-11-09, 20:51:31, 9.41e-13, 6.56e-11
2022-11-09, 20:51:35, 7.61e-13, 6.57e-11
2022-11-09, 20:51:39, 8.84e-13, 6.56e-11
2022-11-09, 20:51:44, 9.33e-13, 6.56e-11
2022-11-09, 20:51:48, 7.98e-13, 6.56e-11
2022-11-09, 20:51:52, 1.04e-12, 6.55e-11
2022-11-09, 20:51:56, 8.38e-13, 6.57e-11
2022-11-09, 20:52:01, 1.03e-12, 6.57e-11
2022-11-09, 20:52:05, 6.96e-13, 6.6e-11
2022-11-09, 20:52:09, 9.36e-13, 6.6e-11
2022-11-09, 20:52:13, 8.97e-13, 6.58e-11
2022-11-09, 20:52:17, 9.15e-13, 6.61e-11
2022-11-09, 20:52:22, 8.34e-13, 6.57e-11
2022-11-09, 20:52:26, 9.27e-13, 6.58e-11
2022-11-09, 20:52:30, 8.68e-13, 6.56e-11
2022-11-09, 20:52:34, 8.99e-13, 6.57e-11
2022-11-09, 20:52:39, 9.09e-13, 6.58e-11
2022-11-09, 20:52:43, 9.14e-13, 6.61e-11
2022-11-09, 20:52:47, 9.1e-13, 6.59e-11
2022-11-09, 20:52:51, 8.05e-13, 6.6e-11
2022-11-09, 20:52:55, 9.15e-13, 6.58e-11
2022-11-09, 20:53:00, 8.84e-13, 6.57e-11
2022-11-09, 20:53:04, 8.39e-13, 6.56e-11
2022-11-09, 20:53:08, 9.01e-13, 6.58e-11
2022-11-09, 20:53:12, 9.02e-13, 6.57e-11
2022-11-09, 20:53:17, 8.37e-13, 6.54e-11
2022-11-09, 20:53:21, 1.01e-12, 6.56e-11
2022-11-09, 20:53:25, 9.21e-13, 6.54e-11
2022-11-09, 20:53:29, 9.13e-13, 6.56e-11
2022-11-09, 20:53:33, 8.76e-13, 6.55e-11
2022-11-09, 20:53:38, 1.09e-12, 6.55e-11
2022-11-09, 20:53:42, 9.53e-13, 6.59e-11
2022-11-09, 20:53:46, 8.97e-13, 6.53e-11
2022-11-09, 20:53:50, 8.85e-13, 6.54e-11
2022-11-09, 20:53:54, 8.71e-13, 6.55e-11
2022-11-09, 20:53:59, 8.72e-13, 6.56e-11
2022-11-09, 20:54:03, 8.92e-13, 6.55e-11
2022-11-09, 20:54:07, 9.54e-13, 6.54e-11
2022-11-09, 20:54:11, 8.81e-13, 6.56e-11
2022-11-09, 20:54:16, 9.29e-13, 6.57e-11
2022-11-09, 20:54:20, 8.99e-13, 6.57e-11
2022-11-09, 20:54:24, 9.01e-13, 6.57e-11
2022-11-09, 20:54:28, 9.09e-13, 6.56e-11
2022-11-09, 20:54:32, 8.22e-13, 6.57e-11
2022-11-09, 20:54:37, 9.46e-13, 6.55e-11
2022-11-09, 20:54:41, 8.34e-13, 6.57e-11
2022-11-09, 20:54:45, 8.38e-13, 6.57e-11
2022-11-09, 20:54:49, 9.69e-13, 6.55e-11
2022-11-09, 20:54:54, 9.45e-13, 6.55e-11
2022-11-09, 20:54:58, 8.54e-13, 6.54e-11
2022-11-09, 20:55:02, 9.3e-13, 6.47e-11
2022-11-09, 20:55:06, 7.49e-13, 6.44e-11
2022-11-09, 20:55:10, 9.08e-13, 6.45e-11
2022-11-09, 20:55:15, 8.85e-13, 6.47e-11
2022-11-09, 20:55:19, 9.97e-13, 6.56e-11
2022-11-09, 20:55:23, 1.03e-12, 6.54e-11
2022-11-09, 20:55:27, 9e-13, 6.56e-11
2022-11-09, 20:55:32, 8.55e-13, 6.56e-11
2022-11-09, 20:55:36, 9e-13, 6.46e-11
2022-11-09, 20:55:40, 8.69e-13, 6.46e-11
2022-11-09, 20:55:44, 8.9e-13, 6.46e-11
2022-11-09, 20:55:48, 9.21e-13, 6.44e-11
2022-11-09, 20:55:53, 8.77e-13, 6.56e-11
2022-11-09, 20:55:57, 9.22e-13, 6.57e-11
2022-11-09, 20:56:01, 9.07e-13, 6.56e-11
2022-11-09, 20:56:05, 8.52e-13, 6.54e-11
2022-11-09, 20:56:10, 9.27e-13, 6.54e-11
2022-11-09, 20:56:14, 8.81e-13, 6.56e-11
2022-11-09, 20:56:18, 9.27e-13, 6.55e-11
2022-11-09, 20:56:22, 8.82e-13, 6.56e-11
2022-11-09, 20:56:26, 8.94e-13, 6.56e-11
2022-11-09, 20:56:31, 8.16e-13, 6.47e-11
2022-11-09, 20:56:35, 9e-13, 6.46e-11
2022-11-09, 20:56:39, 8.4e-13, 6.48e-11
2022-11-09, 20:56:43, 8.89e-13, 6.59e-11
2022-11-09, 20:56:48, 8.61e-13, 6.61e-11
2022-11-09, 20:56:52, 9.1e-13, 6.58e-11
2022-11-09, 20:56:56, 9.2e-13, 6.58e-11
2022-11-09, 20:57:00, 8.92e-13, 6.57e-11
2022-11-09, 20:57:04, 8.96e-13, 6.55e-11
2022-11-09, 20:57:09, 7.96e-13, 6.57e-11
2022-11-09, 20:57:13, 1e-12, 6.57e-11
2022-11-09, 20:57:17, 8.91e-13, 6.57e-11
2022-11-09, 20:57:21, 8.11e-13, 6.57e-11
2022-11-09, 20:57:26, 8.81e-13, 6.56e-11
2022-11-09, 20:57:30, 9.33e-13, 6.54e-11
2022-11-09, 20:57:34, 9.33e-13, 6.58e-11
2022-11-09, 20:57:38, 8.45e-13, 6.65e-11
2022-11-09, 20:57:42, 8.76e-13, 6.64e-11
2022-11-09, 20:57:47, 8.6e-13, 6.63e-11
2022-11-09, 20:57:51, 9.52e-13, 6.62e-11
2022-11-09, 20:57:55, 9.09e-13, 6.61e-11
2022-11-09, 20:57:59, 8.45e-13, 6.61e-11
2022-11-09, 20:58:04, 8.67e-13, 6.59e-11
2022-11-09, 20:58:08, 8.99e-13, 6.64e-11
2022-11-09, 20:58:12, 8.45e-13, 6.68e-11
2022-11-09, 20:58:16, 9.79e-13, 6.67e-11
2022-11-09, 20:58:20, 8.78e-13, 6.7e-11
2022-11-09, 20:58:25, 8.51e-13, 6.63e-11
2022-11-09, 20:58:29, 8.91e-13, 6.61e-11
2022-11-09, 20:58:33, 9.53e-13, 6.6e-11
2022-11-09, 20:58:37, 8.9e-13, 6.66e-11
2022-11-09, 20:58:41, 9.51e-13, 6.58e-11
2022-11-09, 20:58:46, 9.31e-13, 6.56e-11
2022-11-09, 20:58:50, 8.47e-13, 6.64e-11
2022-11-09, 20:58:54, 8.4e-13, 6.62e-11
2022-11-09, 20:58:58, 8.89e-13, 6.7e-11
2022-11-09, 20:59:03, 8.86e-13, 6.61e-11
2022-11-09, 20:59:07, 9.13e-13, 6.59e-11
2022-11-09, 20:59:11, 8.4e-13, 6.65e-11
2022-11-09, 20:59:15, 8.98e-13, 6.5e-11
2022-11-09, 20:59:19, 8.33e-13, 6.62e-11
2022-11-09, 20:59:24, 9.54e-13, 6.65e-11
2022-11-09, 20:59:28, 9.44e-13, 6.64e-11
2022-11-09, 20:59:32, 8.42e-13, 6.63e-11
2022-11-09, 20:59:36, 8.91e-13, 6.63e-11
2022-11-09, 20:59:41, 9.28e-13, 6.62e-11
2022-11-09, 20:59:45, 8.34e-13, 6.64e-11
2022-11-09, 20:59:49, 8.12e-13, 6.63e-11
2022-11-09, 20:59:53, 8.14e-13, 6.63e-11
2022-11-09, 20:59:57, 9.23e-13, 6.62e-11
2022-11-09, 21:00:02, 8.99e-13, 6.6e-11
2022-11-09, 21:00:06, 8.53e-13, 6.59e-11
2022-11-09, 21:00:10, 9.56e-13, 6.58e-11
2022-11-09, 21:00:15, 8.85e-13, 6.61e-11
2022-11-09, 21:00:19, 8.69e-13, 6.59e-11
2022-11-09, 21:00:23, 8.84e-13, 6.56e-11
2022-11-09, 21:00:34, 9.05e-13, 6.61e-11
2022-11-09, 21:00:38, 9.29e-13, 6.59e-11
2022-11-09, 21:00:42, 8.87e-13, 6.6e-11
2022-11-09, 21:00:47, 9.43e-13, 6.59e-11
2022-11-09, 21:00:51, 8.49e-13, 6.62e-11
2022-11-09, 21:00:56, 9.08e-13, 6.6e-11
2022-11-09, 21:01:00, 8.92e-13, 6.6e-11
2022-11-09, 21:01:04, 8.92e-13, 6.59e-11
2022-11-09, 21:01:08, 8.19e-13, 6.61e-11
2022-11-09, 21:01:12, 8.46e-13, 6.58e-11
2022-11-09, 21:01:17, 8.94e-13, 6.58e-11
2022-11-09, 21:01:21, 9.01e-13, 6.6e-11
2022-11-09, 21:01:25, 9.23e-13, 6.6e-11
2022-11-09, 21:01:29, 9.35e-13, 6.62e-11
2022-11-09, 21:01:34, 9.61e-13, 6.62e-11
2022-11-09, 21:01:38, 9.27e-13, 6.65e-11
2022-11-09, 21:01:42, 8.51e-13, 6.62e-11
2022-11-09, 21:01:46, 8.93e-13, 6.6e-11
2022-11-09, 21:01:50, 8.62e-13, 6.65e-11
2022-11-09, 21:01:55, 9.04e-13, 6.61e-11
2022-11-09, 21:01:59, 9.37e-13, 6.59e-11
2022-11-09, 21:02:03, 8.67e-13, 6.58e-11
2022-11-09, 21:02:07, 8.71e-13, 6.57e-11
2022-11-09, 21:02:12, 8.51e-13, 6.61e-11
2022-11-09, 21:02:16, 9.11e-13, 6.58e-11
2022-11-09, 21:02:20, 8.63e-13, 6.59e-11
2022-11-09, 21:02:24, 8.91e-13, 6.57e-11
2022-11-09, 21:02:28, 8.76e-13, 6.57e-11
2022-11-09, 21:02:33, 9.19e-13, 6.59e-11
2022-11-09, 21:02:37, 8.65e-13, 6.6e-11
2022-11-09, 21:02:41, 9.44e-13, 6.62e-11
2022-11-09, 21:02:45, 8.74e-13, 6.61e-11
2022-11-09, 21:02:50, 9.19e-13, 6.64e-11
2022-11-09, 21:02:54, 8.75e-13, 6.58e-11
2022-11-09, 21:02:58, 9.31e-13, 6.58e-11
2022-11-09, 21:03:02, 8.7e-13, 6.61e-11
2022-11-09, 21:03:06, 8.43e-13, 6.54e-11
2022-11-09, 21:03:11, 9.04e-13, 6.6e-11
2022-11-09, 21:03:15, 1.03e-12, 6.59e-11
2022-11-09, 21:03:19, 9.12e-13, 6.6e-11
2022-11-09, 21:03:23, 8.87e-13, 6.56e-11
2022-11-09, 21:03:27, 9.02e-13, 6.62e-11
2022-11-09, 21:03:32, 9.13e-13, 6.6e-11
2022-11-09, 21:03:36, 9.06e-13, 6.57e-11
2022-11-09, 21:03:40, 8.68e-13, 6.57e-11
2022-11-09, 21:03:44, 8.6e-13, 6.56e-11
2022-11-09, 21:03:49, 8.93e-13, 6.57e-11
2022-11-09, 21:03:53, 9.02e-13, 6.56e-11
2022-11-09, 21:03:57, 9.21e-13, 6.56e-11
2022-11-09, 21:04:01, 8.67e-13, 6.61e-11
2022-11-09, 21:04:05, 9.19e-13, 6.61e-11
2022-11-09, 21:04:10, 9.41e-13, 6.6e-11
2022-11-09, 21:04:14, 9.04e-13, 6.6e-11
2022-11-09, 21:04:18, 8.69e-13, 6.62e-11
2022-11-09, 21:04:22, 8.85e-13, 6.59e-11
2022-11-09, 21:04:27, 8.85e-13, 6.58e-11
2022-11-09, 21:04:31, 8.67e-13, 6.61e-11
2022-11-09, 21:04:35, 8.89e-13, 6.58e-11
2022-11-09, 21:04:39, 8.9e-13, 6.57e-11
2022-11-09, 21:04:44, 9.02e-13, 6.58e-11
2022-11-09, 21:04:48, 9.15e-13, 6.58e-11
2022-11-09, 21:04:52, 9.27e-13, 6.63e-11
2022-11-09, 21:04:56, 9.31e-13, 6.62e-11
2022-11-09, 21:05:01, 8.98e-13, 6.61e-11
2022-11-09, 21:05:05, 9.33e-13, 6.62e-11
2022-11-09, 21:05:09, 8.97e-13, 6.6e-11
2022-11-09, 21:05:13, 1.06e-12, 6.58e-11
2022-11-09, 21:05:18, 8.7e-13, 6.57e-11
2022-11-09, 21:05:22, 8.86e-13, 6.56e-11
2022-11-09, 21:05:26, 8.83e-13, 6.56e-11
2022-11-09, 21:05:30, 8.54e-13, 6.55e-11
2022-11-09, 21:05:34, 8.9e-13, 6.58e-11
2022-11-09, 21:05:39, 9.13e-13, 6.57e-11
2022-11-09, 21:05:43, 8.22e-13, 6.6e-11
2022-11-09, 21:05:47, 8.78e-13, 6.57e-11
2022-11-09, 21:05:51, 8.19e-13, 6.57e-11
2022-11-09, 21:05:56, 9.46e-13, 6.57e-11
2022-11-09, 21:06:00, 9.16e-13, 6.57e-11
2022-11-09, 21:06:04, 9.14e-13, 6.54e-11
2022-11-09, 21:06:08, 8.54e-13, 6.58e-11
2022-11-09, 21:06:12, 8.81e-13, 6.63e-11
2022-11-09, 21:06:17, 8.52e-13, 6.58e-11
2022-11-09, 21:06:21, 9.06e-13, 6.63e-11
2022-11-09, 21:06:25, 8.16e-13, 6.62e-11
2022-11-09, 21:06:29, 8.87e-13, 6.58e-11
2022-11-09, 21:06:34, 8.56e-13, 6.59e-11
2022-11-09, 21:06:38, 8.88e-13, 6.59e-11
2022-11-09, 21:06:42, 8.46e-13, 6.62e-11
2022-11-09, 21:06:46, 8.97e-13, 6.59e-11
2022-11-09, 21:06:50, 1.01e-12, 6.62e-11
2022-11-09, 21:06:55, 8.66e-13, 6.61e-11
2022-11-09, 21:06:59, 9.07e-13, 6.59e-11
2022-11-09, 21:07:03, 9.58e-13, 6.61e-11
2022-11-09, 21:07:07, 8.95e-13, 6.62e-11
2022-11-09, 21:07:12, 9.7e-13, 6.59e-11
2022-11-09, 21:07:16, 8.96e-13, 6.58e-11
2022-11-09, 21:07:20, 8.82e-13, 6.62e-11
2022-11-09, 21:07:24, 8.15e-13, 6.62e-11
2022-11-09, 21:07:28, 9.11e-13, 6.6e-11
2022-11-09, 21:07:33, 8.63e-13, 6.61e-11
2022-11-09, 21:07:37, 8.79e-13, 6.58e-11
2022-11-09, 21:07:41, 9.89e-13, 6.62e-11
2022-11-09, 21:07:45, 8.71e-13, 6.63e-11
2022-11-09, 21:07:49, 8.78e-13, 6.64e-11
2022-11-09, 21:07:54, 9.32e-13, 6.58e-11
2022-11-09, 21:07:58, 9.21e-13, 6.61e-11
2022-11-09, 21:08:02, 8.66e-13, 6.61e-11
2022-11-09, 21:08:06, 8.24e-13, 6.58e-11
2022-11-09, 21:08:11, 9.05e-13, 6.58e-11
2022-11-09, 21:08:15, 9.65e-13, 6.61e-11
2022-11-09, 21:08:19, 8.89e-13, 6.61e-11
2022-11-09, 21:08:23, 8.91e-13, 6.59e-11
2022-11-09, 21:08:27, 8.89e-13, 6.58e-11
2022-11-09, 21:08:32, 8.71e-13, 6.56e-11
2022-11-09, 21:08:36, 8.66e-13, 6.61e-11
2022-11-09, 21:08:40, 9.19e-13, 6.57e-11
2022-11-09, 21:08:44, 8.02e-13, 6.61e-11
2022-11-09, 21:08:49, 9e-13, 6.55e-11
2022-11-09, 21:08:53, 1.04e-12, 6.59e-11
2022-11-09, 21:08:57, 8.81e-13, 6.56e-11
2022-11-09, 21:09:01, 1.07e-12, 6.61e-11
2022-11-09, 21:09:05, 8.85e-13, 6.59e-11
2022-11-09, 21:09:10, 9.52e-13, 6.58e-11
2022-11-09, 21:09:14, 8.76e-13, 6.59e-11
2022-11-09, 21:09:18, 8.67e-13, 6.59e-11
2022-11-09, 21:09:22, 8.98e-13, 6.6e-11
2022-11-09, 21:09:27, 9.31e-13, 6.57e-11
2022-11-09, 21:09:31, 8.64e-13, 6.59e-11
2022-11-09, 21:09:35, 9.16e-13, 6.6e-11
2022-11-09, 21:09:39, 8.9e-13, 6.58e-11
2022-11-09, 21:09:43, 8.97e-13, 6.6e-11
2022-11-09, 21:09:48, 8.44e-13, 6.57e-11
2022-11-09, 21:09:52, 9.17e-13, 6.6e-11
2022-11-09, 21:09:56, 8.31e-13, 6.6e-11
2022-11-09, 21:10:00, 8.76e-13, 6.61e-11
2022-11-09, 21:10:05, 9.73e-13, 6.61e-11
2022-11-09, 21:10:09, 9.11e-13, 6.63e-11
2022-11-09, 21:10:13, 8.81e-13, 6.6e-11
2022-11-09, 21:10:17, 8.27e-13, 6.59e-11
2022-11-09, 21:10:21, 8.6e-13, 6.59e-11
2022-11-09, 21:10:26, 8.32e-13, 6.59e-11
2022-11-09, 21:10:30, 8.9e-13, 6.61e-11
2022-11-09, 21:10:34, 8.48e-13, 6.62e-11
2022-11-09, 21:10:38, 8.79e-13, 6.6e-11
2022-11-09, 21:10:43, 9.69e-13, 6.59e-11
2022-11-09, 21:10:47, 9.27e-13, 6.6e-11
2022-11-09, 21:10:51, 8.66e-13, 6.6e-11
2022-11-09, 21:10:55, 9.03e-13, 6.59e-11
2022-11-09, 21:10:59, 8.72e-13, 6.59e-11
2022-11-09, 21:11:04, 8.71e-13, 6.6e-11
2022-11-09, 21:11:08, 9.86e-13, 6.62e-11
2022-11-09, 21:11:12, 9.16e-13, 6.62e-11
2022-11-09, 21:11:16, 1.04e-12, 6.61e-11
2022-11-09, 21:11:20, 9.33e-13, 6.63e-11
2022-11-09, 21:11:25, 9.04e-13, 6.62e-11
2022-11-09, 21:11:29, 8.72e-13, 6.62e-11
2022-11-09, 21:11:33, 9.34e-13, 6.6e-11
2022-11-09, 21:11:37, 8.85e-13, 6.57e-11
2022-11-09, 21:11:42, 8.77e-13, 6.6e-11
2022-11-09, 21:11:46, 1.07e-12, 6.69e-11
2022-11-09, 21:11:50, 8.76e-13, 6.68e-11
2022-11-09, 21:11:54, 8.47e-13, 6.63e-11
2022-11-09, 21:11:58, 8.88e-13, 6.69e-11
2022-11-09, 21:12:03, 9.7e-13, 6.59e-11
2022-11-09, 21:12:07, 8.03e-13, 6.63e-11
2022-11-09, 21:12:11, 9.51e-13, 6.63e-11
2022-11-09, 21:12:15, 8.97e-13, 6.61e-11
2022-11-09, 21:12:20, 9.73e-13, 6.63e-11
2022-11-09, 21:12:24, 9.36e-13, 6.61e-11
2022-11-09, 21:12:28, 9.33e-13, 6.62e-11
2022-11-09, 21:12:32, 8.9e-13, 6.61e-11
2022-11-09, 21:12:36, 8.75e-13, 6.64e-11
2022-11-09, 21:12:41, 7.33e-13, 6.63e-11
2022-11-09, 21:12:45, 9.3e-13, 6.67e-11
2022-11-09, 21:12:49, 8.23e-13, 6.57e-11
2022-11-09, 21:12:53, 9.48e-13, 6.62e-11
2022-11-09, 21:12:58, 8.91e-13, 6.62e-11
2022-11-09, 21:13:02, 9.14e-13, 6.62e-11
2022-11-09, 21:13:06, 8.28e-13, 6.58e-11
2022-11-09, 21:13:10, 8.9e-13, 6.59e-11
2022-11-09, 21:13:14, 8.88e-13, 6.56e-11
2022-11-09, 21:13:19, 8.63e-13, 6.59e-11
2022-11-09, 21:13:23, 1.08e-12, 6.58e-11
2022-11-09, 21:13:27, 8.47e-13, 6.57e-11
2022-11-09, 21:13:31, 8.75e-13, 6.56e-11
2022-11-09, 21:13:36, 8.43e-13, 6.58e-11
2022-11-09, 21:13:40, 9.31e-13, 6.59e-11
2022-11-09, 21:13:44, 9.77e-13, 6.56e-11
2022-11-09, 21:13:48, 9.6e-13, 6.58e-11
2022-11-09, 21:13:52, 9.08e-13, 6.56e-11
2022-11-09, 21:13:57, 9.89e-13, 6.59e-11
2022-11-09, 21:14:01, 8.03e-13, 6.54e-11
2022-11-09, 21:14:05, 8.09e-13, 6.57e-11
2022-11-09, 21:14:09, 9.18e-13, 6.56e-11
2022-11-09, 21:14:14, 9.55e-13, 6.57e-11
2022-11-09, 21:14:18, 9.41e-13, 6.57e-11
2022-11-09, 21:14:22, 9.09e-13, 6.57e-11
2022-11-09, 21:14:26, 8.74e-13, 6.58e-11
2022-11-09, 21:14:30, 1.05e-12, 6.59e-11
2022-11-09, 21:14:35, 8.72e-13, 6.58e-11
2022-11-09, 21:14:39, 8.47e-13, 6.58e-11
2022-11-09, 21:14:43, 8.33e-13, 6.6e-11
2022-11-09, 21:14:47, 8.23e-13, 6.61e-11
2022-11-09, 21:14:51, 9.72e-13, 6.61e-11
2022-11-09, 21:14:56, 8.53e-13, 6.61e-11
2022-11-09, 21:15:00, 8.41e-13, 6.55e-11
2022-11-09, 21:15:04, 8.52e-13, 6.6e-11
2022-11-09, 21:15:08, 8.59e-13, 6.58e-11
2022-11-09, 21:15:13, 7.92e-13, 6.58e-11
2022-11-09, 21:15:17, 9.14e-13, 6.6e-11
2022-11-09, 21:15:21, 8.64e-13, 6.61e-11
2022-11-09, 21:15:26, 8.43e-13, 6.6e-11
2022-11-09, 21:15:30, 9.39e-13, 6.59e-11
2022-11-09, 21:15:34, 9.97e-13, 6.59e-11
2022-11-09, 21:15:38, 9.34e-13, 6.65e-11
2022-11-09, 21:15:42, 8.34e-13, 6.56e-11
2022-11-09, 21:15:47, 8.1e-13, 6.61e-11
2022-11-09, 21:15:51, 8.56e-13, 6.64e-11
2022-11-09, 21:15:55, 8.53e-13, 6.63e-11
2022-11-09, 21:15:59, 8.85e-13, 6.63e-11
2022-11-09, 21:16:04, 9.27e-13, 6.65e-11
2022-11-09, 21:16:08, 9.17e-13, 6.65e-11
2022-11-09, 21:16:12, 8.52e-13, 6.61e-11
2022-11-09, 21:16:16, 8.68e-13, 6.64e-11
2022-11-09, 21:16:20, 9.59e-13, 6.59e-11
2022-11-09, 21:16:25, 8.78e-13, 6.65e-11
2022-11-09, 21:16:29, 9.02e-13, 6.62e-11
2022-11-09, 21:16:33, 9.69e-13, 6.57e-11
2022-11-09, 21:16:37, 8.93e-13, 6.61e-11
2022-11-09, 21:16:41, 9.58e-13, 6.61e-11
2022-11-09, 21:16:46, 9.37e-13, 6.57e-11
2022-11-09, 21:16:50, 8.43e-13, 6.64e-11
2022-11-09, 21:16:54, 8.99e-13, 6.59e-11
2022-11-09, 21:16:58, 8.78e-13, 6.57e-11
2022-11-09, 21:17:03, 9.25e-13, 6.62e-11
2022-11-09, 21:17:07, 9.49e-13, 6.67e-11
2022-11-09, 21:17:11, 9.7e-13, 6.66e-11
2022-11-09, 21:17:15, 9.47e-13, 6.63e-11
2022-11-09, 21:17:19, 8.68e-13, 6.65e-11
2022-11-09, 21:17:24, 9.45e-13, 6.62e-11
2022-11-09, 21:17:28, 8.85e-13, 6.64e-11
2022-11-09, 21:17:32, 9e-13, 6.64e-11
2022-11-09, 21:17:36, 9.73e-13, 6.63e-11
2022-11-09, 21:17:41, 8.84e-13, 6.58e-11
2022-11-09, 21:17:45, 8.58e-13, 6.57e-11
2022-11-09, 21:17:49, 8.86e-13, 6.58e-11
2022-11-09, 21:17:53, 9.56e-13, 6.6e-11
2022-11-09, 21:17:57, 8.95e-13, 6.57e-11
2022-11-09, 21:18:02, 9.06e-13, 6.59e-11
2022-11-09, 21:18:06, 9.13e-13, 6.58e-11
2022-11-09, 21:18:10, 8.6e-13, 6.57e-11
2022-11-09, 21:18:14, 9.32e-13, 6.61e-11
2022-11-09, 21:18:19, 9.35e-13, 6.58e-11
2022-11-09, 21:18:23, 8.45e-13, 6.59e-11
2022-11-09, 21:18:27, 8.96e-13, 6.73e-11
2022-11-09, 21:18:31, 8.84e-13, 6.58e-11
2022-11-09, 21:18:35, 8.59e-13, 6.57e-11
2022-11-09, 21:18:40, 8.71e-13, 6.6e-11
2022-11-09, 21:18:44, 9.09e-13, 6.63e-11
2022-11-09, 21:18:48, 9.75e-13, 6.61e-11
2022-11-09, 21:18:52, 8.44e-13, 6.62e-11
2022-11-09, 21:18:57, 8.65e-13, 6.6e-11
2022-11-09, 21:19:01, 8.93e-13, 6.62e-11
2022-11-09, 21:19:05, 8.26e-13, 6.62e-11
2022-11-09, 21:19:09, 8.84e-13, 6.62e-11
2022-11-09, 21:19:13, 9.24e-13, 6.6e-11
2022-11-09, 21:19:18, 8.68e-13, 6.64e-11
2022-11-09, 21:19:22, 9.19e-13, 6.6e-11
2022-11-09, 21:19:26, 9.16e-13, 6.61e-11
2022-11-09, 21:19:30, 9.72e-13, 6.61e-11
2022-11-09, 21:19:35, 8.46e-13, 6.61e-11
2022-11-09, 21:19:39, 9.2e-13, 6.61e-11
2022-11-09, 21:19:43, 8.76e-13, 6.58e-11
2022-11-09, 21:19:47, 9.04e-13, 6.59e-11
2022-11-09, 21:19:51, 9.44e-13, 6.6e-11
2022-11-09, 21:19:56, 8.88e-13, 6.61e-11
2022-11-09, 21:20:00, 8.94e-13, 6.57e-11
2022-11-09, 21:20:04, 9.15e-13, 6.59e-11
2022-11-09, 21:20:08, 9.62e-13, 6.57e-11
2022-11-09, 21:20:13, 8.97e-13, 6.57e-11
2022-11-09, 21:20:17, 9.27e-13, 6.62e-11
2022-11-09, 21:20:21, 9.34e-13, 6.61e-11
2022-11-09, 21:20:25, 7.79e-13, 6.61e-11
2022-11-09, 21:20:29, 8.64e-13, 6.57e-11
2022-11-09, 21:20:34, 9.31e-13, 6.57e-11
2022-11-09, 21:20:38, 9.02e-13, 6.58e-11
2022-11-09, 21:20:42, 9.6e-13, 6.6e-11
2022-11-09, 21:20:46, 8.89e-13, 6.54e-11
2022-11-09, 21:20:51, 8.13e-13, 6.6e-11
2022-11-09, 21:20:55, 9.29e-13, 6.64e-11
2022-11-09, 21:20:59, 8.05e-13, 6.61e-11
2022-11-09, 21:21:03, 8.69e-13, 6.65e-11
2022-11-09, 21:21:07, 1.06e-12, 6.56e-11
2022-11-09, 21:21:12, 9.21e-13, 6.57e-11
2022-11-09, 21:21:16, 9.05e-13, 6.57e-11
2022-11-09, 21:21:20, 8.2e-13, 6.58e-11
2022-11-09, 21:21:24, 8.77e-13, 6.63e-11
2022-11-09, 21:21:29, 9.21e-13, 6.63e-11
2022-11-09, 21:21:33, 9.25e-13, 6.61e-11
2022-11-09, 21:21:37, 8.36e-13, 6.65e-11
2022-11-09, 21:21:41, 9.11e-13, 6.66e-11
2022-11-09, 21:21:45, 8.75e-13, 6.66e-11
2022-11-09, 21:21:50, 9.72e-13, 6.65e-11
2022-11-09, 21:21:54, 8.6e-13, 6.64e-11
2022-11-09, 21:21:58, 9.77e-13, 6.63e-11
2022-11-09, 21:22:02, 8.72e-13, 6.64e-11
2022-11-09, 21:22:06, 8.89e-13, 6.64e-11
2022-11-09, 21:22:11, 9.64e-13, 6.61e-11
2022-11-09, 21:22:15, 9.61e-13, 6.62e-11
2022-11-09, 21:22:19, 8.35e-13, 6.64e-11
2022-11-09, 21:22:23, 8.77e-13, 6.6e-11
2022-11-09, 21:22:28, 8.95e-13, 6.62e-11
2022-11-09, 21:22:32, 8.85e-13, 6.59e-11
2022-11-09, 21:22:36, 9.01e-13, 6.68e-11
2022-11-09, 21:22:40, 9.42e-13, 6.64e-11
2022-11-09, 21:22:44, 7.56e-13, 6.61e-11
2022-11-09, 21:22:49, 9.11e-13, 6.62e-11
2022-11-09, 21:22:53, 9.04e-13, 6.62e-11
2022-11-09, 21:22:57, 9.3e-13, 6.62e-11
2022-11-09, 21:23:01, 9.16e-13, 6.64e-11
2022-11-09, 21:23:06, 8.65e-13, 6.65e-11
2022-11-09, 21:23:10, 8.64e-13, 6.6e-11
2022-11-09, 21:23:14, 8.82e-13, 6.64e-11
2022-11-09, 21:23:18, 8.74e-13, 6.59e-11
2022-11-09, 21:23:22, 8.71e-13, 6.62e-11
2022-11-09, 21:23:27, 8.76e-13, 6.62e-11
2022-11-09, 21:23:31, 9.06e-13, 6.61e-11
2022-11-09, 21:23:35, 8.53e-13, 6.61e-11
2022-11-09, 21:23:39, 8.96e-13, 6.57e-11
2022-11-09, 21:23:44, 9.23e-13, 6.59e-11
2022-11-09, 21:23:48, 9.22e-13, 6.58e-11
2022-11-09, 21:23:52, 9.38e-13, 6.66e-11
2022-11-09, 21:23:56, 9.23e-13, 6.65e-11
2022-11-09, 21:24:00, 8.76e-13, 6.58e-11
2022-11-09, 21:24:05, 9.55e-13, 6.59e-11
2022-11-09, 21:24:09, 9.89e-13, 6.6e-11
2022-11-09, 21:24:13, 9.02e-13, 6.6e-11
2022-11-09, 21:24:17, 9.35e-13, 6.62e-11
2022-11-09, 21:24:22, 8.8e-13, 6.62e-11
2022-11-09, 21:24:26, 8.98e-13, 6.58e-11
2022-11-09, 21:24:30, 9.11e-13, 6.63e-11
2022-11-09, 21:24:34, 8.74e-13, 6.59e-11
2022-11-09, 21:24:38, 8.73e-13, 6.59e-11
2022-11-09, 21:24:43, 8.63e-13, 6.59e-11
2022-11-09, 21:24:47, 8.85e-13, 6.59e-11
2022-11-09, 21:24:51, 8.7e-13, 6.59e-11
2022-11-09, 21:24:55, 9.79e-13, 6.6e-11
2022-11-09, 21:25:00, 9.35e-13, 6.57e-11
2022-11-09, 21:25:04, 7.87e-13, 6.56e-11
2022-11-09, 21:25:08, 8.54e-13, 6.6e-11
2022-11-09, 21:25:12, 8.65e-13, 6.58e-11
2022-11-09, 21:25:16, 8.98e-13, 6.61e-11
2022-11-09, 21:25:21, 8.48e-13, 6.59e-11
2022-11-09, 21:25:25, 9.46e-13, 6.59e-11
2022-11-09, 21:25:29, 8.37e-13, 6.59e-11
2022-11-09, 21:25:33, 9.92e-13, 6.64e-11
2022-11-09, 21:25:38, 8.88e-13, 6.58e-11
2022-11-09, 21:25:42, 8.53e-13, 6.6e-11
2022-11-09, 21:25:46, 9.52e-13, 6.59e-11
2022-11-09, 21:25:50, 8.54e-13, 6.55e-11
2022-11-09, 21:25:54, 8.7e-13, 6.56e-11
2022-11-09, 21:25:59, 8.57e-13, 6.58e-11
2022-11-09, 21:26:03, 8.47e-13, 6.59e-11
2022-11-09, 21:26:07, 8.92e-13, 6.58e-11
2022-11-09, 21:26:11, 8.71e-13, 6.6e-11
2022-11-09, 21:26:15, 8.24e-13, 6.61e-11
2022-11-09, 21:26:20, 9.17e-13, 6.59e-11
2022-11-09, 21:26:24, 9.09e-13, 6.61e-11
2022-11-09, 21:26:28, 8.78e-13, 6.56e-11
2022-11-09, 21:26:32, 9.57e-13, 6.6e-11
2022-11-09, 21:26:37, 9.05e-13, 6.62e-11
2022-11-09, 21:26:41, 8.74e-13, 6.63e-11
2022-11-09, 21:26:45, 8.49e-13, 6.6e-11
2022-11-09, 21:26:49, 8.43e-13, 6.59e-11
2022-11-09, 21:26:53, 8.87e-13, 6.6e-11
2022-11-09, 21:26:58, 9.22e-13, 6.57e-11
2022-11-09, 21:27:02, 8.74e-13, 6.62e-11
2022-11-09, 21:27:06, 9.03e-13, 6.65e-11
2022-11-09, 21:27:10, 8.86e-13, 6.61e-11
2022-11-09, 21:27:15, 8.91e-13, 6.6e-11
2022-11-09, 21:27:19, 8.67e-13, 6.59e-11
2022-11-09, 21:27:23, 9.25e-13, 6.62e-11
2022-11-09, 21:27:27, 8.54e-13, 6.6e-11
2022-11-09, 21:27:31, 8.76e-13, 6.58e-11
2022-11-09, 21:27:36, 8.85e-13, 6.56e-11
2022-11-09, 21:27:40, 9.81e-13, 6.6e-11
2022-11-09, 21:27:44, 8.31e-13, 6.62e-11
2022-11-09, 21:27:48, 8.63e-13, 6.61e-11
2022-11-09, 21:27:53, 1.01e-12, 6.57e-11
2022-11-09, 21:27:57, 8.52e-13, 6.59e-11
2022-11-09, 21:28:01, 9.57e-13, 6.58e-11
2022-11-09, 21:28:05, 9.33e-13, 6.57e-11
2022-11-09, 21:28:09, 8.95e-13, 6.59e-11
2022-11-09, 21:28:14, 8.49e-13, 6.57e-11
2022-11-09, 21:28:18, 8.36e-13, 6.62e-11
2022-11-09, 21:28:22, 9.62e-13, 6.62e-11
2022-11-09, 21:28:26, 8.93e-13, 6.57e-11
2022-11-09, 21:28:31, 9.2e-13, 6.59e-11
2022-11-09, 21:28:35, 9.21e-13, 6.57e-11
2022-11-09, 21:28:39, 9.47e-13, 6.59e-11
2022-11-09, 21:28:43, 8.88e-13, 6.61e-11
2022-11-09, 21:28:47, 9.08e-13, 6.62e-11
2022-11-09, 21:28:52, 9.22e-13, 6.63e-11
2022-11-09, 21:28:56, 8.8e-13, 6.57e-11
2022-11-09, 21:29:00, 9.02e-13, 6.61e-11
2022-11-09, 21:29:04, 9.07e-13, 6.54e-11
2022-11-09, 21:29:09, 9.7e-13, 6.6e-11
2022-11-09, 21:29:13, 8.81e-13, 7.05e-11
2022-11-09, 21:29:17, 8.57e-13, 6.59e-11
2022-11-09, 21:29:21, 8.69e-13, 6.6e-11
2022-11-09, 21:29:25, 9.01e-13, 6.61e-11
2022-11-09, 21:29:30, 9.17e-13, 6.58e-11
2022-11-09, 21:29:34, 8.43e-13, 6.6e-11
2022-11-09, 21:29:38, 8.6e-13, 6.6e-11
2022-11-09, 21:29:42, 9.15e-13, 6.58e-11
2022-11-09, 21:29:46, 8.73e-13, 6.59e-11
2022-11-09, 21:29:51, 9.72e-13, 6.59e-11
2022-11-09, 21:29:55, 8.12e-13, 6.6e-11
2022-11-09, 21:29:59, 9.02e-13, 6.59e-11
2022-11-09, 21:30:03, 8.4e-13, 6.6e-11
2022-11-09, 21:30:08, 8.72e-13, 6.6e-11
2022-11-09, 21:30:12, 8.9e-13, 6.6e-11
2022-11-09, 21:30:16, 9.32e-13, 6.61e-11
2022-11-09, 21:30:20, 8.89e-13, 6.61e-11
2022-11-09, 21:30:24, 8.73e-13, 6.6e-11
2022-11-09, 21:30:29, 9.1e-13, 6.6e-11
2022-11-09, 21:30:33, 8.25e-13, 6.6e-11
2022-11-09, 21:30:37, 8.58e-13, 6.6e-11
2022-11-09, 21:30:41, 9.03e-13, 6.58e-11
2022-11-09, 21:30:46, 9.02e-13, 6.58e-11
2022-11-09, 21:30:50, 8.59e-13, 6.58e-11
2022-11-09, 21:30:54, 9.02e-13, 6.59e-11
2022-11-09, 21:30:58, 8.77e-13, 6.63e-11
2022-11-09, 21:31:02, 8.65e-13, 6.6e-11
2022-11-09, 21:31:07, 8.88e-13, 6.59e-11
2022-11-09, 21:31:11, 9e-13, 6.6e-11
2022-11-09, 21:31:15, 9.16e-13, 6.57e-11
2022-11-09, 21:31:19, 8.88e-13, 6.59e-11
2022-11-09, 21:31:24, 9.57e-13, 6.6e-11
2022-11-09, 21:31:28, 8.64e-13, 6.59e-11
2022-11-09, 21:31:32, 9.56e-13, 6.62e-11
2022-11-09, 21:31:36, 9.09e-13, 6.63e-11
2022-11-09, 21:31:40, 9.32e-13, 6.59e-11
2022-11-09, 21:31:45, 9.11e-13, 6.58e-11
2022-11-09, 21:31:49, 8.24e-13, 6.59e-11
2022-11-09, 21:31:53, 9.73e-13, 6.59e-11
2022-11-09, 21:31:57, 9.25e-13, 6.57e-11
2022-11-09, 21:32:02, 9.11e-13, 6.61e-11
2022-11-09, 21:32:06, 8.93e-13, 6.62e-11
2022-11-09, 21:32:10, 8.78e-13, 6.61e-11
2022-11-09, 21:32:14, 8.91e-13, 6.6e-11
2022-11-09, 21:32:18, 8.75e-13, 6.62e-11
2022-11-09, 21:32:23, 9.17e-13, 6.61e-11
2022-11-09, 21:32:27, 7.71e-13, 6.58e-11
2022-11-09, 21:32:31, 9.11e-13, 6.63e-11
2022-11-09, 21:32:35, 7.97e-13, 6.62e-11
2022-11-09, 21:32:40, 9.76e-13, 6.61e-11
2022-11-09, 21:32:44, 9.2e-13, 6.65e-11
2022-11-09, 21:32:48, 8.98e-13, 6.68e-11
2022-11-09, 21:32:52, 9.24e-13, 6.63e-11
2022-11-09, 21:32:56, 8.47e-13, 6.63e-11
2022-11-09, 21:33:01, 9.02e-13, 6.6e-11
2022-11-09, 21:33:05, 9.04e-13, 6.61e-11
2022-11-09, 21:33:09, 7.61e-13, 6.62e-11
2022-11-09, 21:33:13, 8.59e-13, 6.63e-11
2022-11-09, 21:33:18, 8.95e-13, 6.62e-11
2022-11-09, 21:33:22, 8.43e-13, 6.61e-11
2022-11-09, 21:33:26, 8.77e-13, 6.64e-11
2022-11-09, 21:33:30, 8.48e-13, 6.61e-11
2022-11-09, 21:33:34, 9.22e-13, 6.6e-11
2022-11-09, 21:33:39, 8.47e-13, 6.61e-11
2022-11-09, 21:33:43, 9.3e-13, 6.59e-11
2022-11-09, 21:33:47, 9.4e-13, 6.6e-11
2022-11-09, 21:33:51, 8.87e-13, 6.58e-11
2022-11-09, 21:33:55, 9.12e-13, 6.61e-11
2022-11-09, 21:34:00, 8.95e-13, 6.58e-11
2022-11-09, 21:34:04, 9.32e-13, 6.6e-11
2022-11-09, 21:34:08, 8.37e-13, 6.6e-11
2022-11-09, 21:34:12, 8.25e-13, 6.63e-11
2022-11-09, 21:34:17, 8.54e-13, 6.58e-11
2022-11-09, 21:34:21, 8.81e-13, 6.64e-11
2022-11-09, 21:34:25, 9.19e-13, 6.59e-11
2022-11-09, 21:34:29, 9.13e-13, 6.6e-11
2022-11-09, 21:34:33, 9.25e-13, 6.57e-11
2022-11-09, 21:34:38, 8.87e-13, 6.56e-11
2022-11-09, 21:34:42, 9.57e-13, 6.55e-11
2022-11-09, 21:34:46, 9.13e-13, 6.64e-11
2022-11-09, 21:34:50, 8.76e-13, 6.59e-11
2022-11-09, 21:34:55, 9.21e-13, 6.59e-11
2022-11-09, 21:34:59, 8.51e-13, 6.6e-11
2022-11-09, 21:35:03, 8.8e-13, 6.59e-11
2022-11-09, 21:35:07, 9.87e-13, 6.59e-11
2022-11-09, 21:35:11, 9.19e-13, 6.63e-11
2022-11-09, 21:35:16, 8.64e-13, 6.6e-11
2022-11-09, 21:35:20, 9.08e-13, 6.57e-11
2022-11-09, 21:35:24, 9.31e-13, 6.59e-11
2022-11-09, 21:35:28, 9.51e-13, 6.59e-11
2022-11-09, 21:35:33, 8.85e-13, 6.58e-11
2022-11-09, 21:35:37, 9.06e-13, 6.47e-11
2022-11-09, 21:35:41, 8.8e-13, 6.48e-11
2022-11-09, 21:35:45, 8.99e-13, 6.64e-11
2022-11-09, 21:35:49, 8.67e-13, 6.65e-11
2022-11-09, 21:35:54, 8.41e-13, 6.62e-11
2022-11-09, 21:35:58, 8.57e-13, 6.61e-11
2022-11-09, 21:36:02, 9.25e-13, 6.63e-11
2022-11-09, 21:36:06, 9.43e-13, 6.61e-11
2022-11-09, 21:36:11, 8.64e-13, 6.61e-11
2022-11-09, 21:36:15, 8.71e-13, 6.58e-11
2022-11-09, 21:36:19, 8.56e-13, 6.58e-11
2022-11-09, 21:36:23, 8.59e-13, 6.57e-11
2022-11-09, 21:36:27, 8.7e-13, 6.55e-11
2022-11-09, 21:36:32, 9.59e-13, 6.54e-11
2022-11-09, 21:36:36, 8.05e-13, 6.56e-11
2022-11-09, 21:36:40, 9.09e-13, 6.58e-11
2022-11-09, 21:36:44, 8.12e-13, 6.57e-11
2022-11-09, 21:36:49, 9.46e-13, 6.61e-11
2022-11-09, 21:36:53, 8.87e-13, 6.58e-11
2022-11-09, 21:36:57, 8.5e-13, 6.6e-11
2022-11-09, 21:37:01, 7.6e-13, 6.57e-11
2022-11-09, 21:37:05, 8.59e-13, 6.52e-11
2022-11-09, 21:37:10, 9.1e-13, 6.58e-11
2022-11-09, 21:37:14, 8.78e-13, 6.58e-11
2022-11-09, 21:37:18, 8.91e-13, 6.55e-11
2022-11-09, 21:37:22, 8.76e-13, 6.56e-11
2022-11-09, 21:37:27, 8.89e-13, 6.56e-11
2022-11-09, 21:37:31, 8.4e-13, 6.57e-11
2022-11-09, 21:37:35, 8.95e-13, 6.58e-11
2022-11-09, 21:37:39, 8.9e-13, 6.55e-11
2022-11-09, 21:37:43, 7.34e-13, 6.61e-11
2022-11-09, 21:37:48, 8.96e-13, 6.6e-11
2022-11-09, 21:37:52, 8.42e-13, 6.62e-11
2022-11-09, 21:37:56, 8.17e-13, 6.63e-11
2022-11-09, 21:38:00, 8.58e-13, 6.62e-11
2022-11-09, 21:38:04, 8.79e-13, 6.61e-11
2022-11-09, 21:38:09, 9.07e-13, 6.62e-11
2022-11-09, 21:38:13, 9.17e-13, 6.59e-11
2022-11-09, 21:38:17, 9.16e-13, 6.57e-11
2022-11-09, 21:38:21, 9.28e-13, 6.58e-11
2022-11-09, 21:38:26, 8.84e-13, 6.59e-11
2022-11-09, 21:38:30, 8.27e-13, 6.57e-11
2022-11-09, 21:38:34, 8.42e-13, 6.58e-11
2022-11-09, 21:38:38, 8.33e-13, 6.58e-11
2022-11-09, 21:38:42, 8.84e-13, 6.56e-11
2022-11-09, 21:38:47, 8.34e-13, 6.55e-11
2022-11-09, 21:38:51, 8.27e-13, 6.57e-11
2022-11-09, 21:38:55, 8.9e-13, 6.6e-11
2022-11-09, 21:38:59, 8.72e-13, 6.57e-11
2022-11-09, 21:39:04, 8.92e-13, 6.6e-11
2022-11-09, 21:39:08, 8.93e-13, 6.52e-11
2022-11-09, 21:39:12, 8.42e-13, 6.54e-11
2022-11-09, 21:39:16, 8.87e-13, 6.55e-11
2022-11-09, 21:39:20, 8.91e-13, 6.58e-11
2022-11-09, 21:39:25, 8.46e-13, 6.62e-11
2022-11-09, 21:39:29, 9.38e-13, 6.54e-11
2022-11-09, 21:39:33, 7.67e-13, 6.56e-11
2022-11-09, 21:39:37, 8.83e-13, 6.56e-11
2022-11-09, 21:39:42, 1.04e-12, 6.61e-11
2022-11-09, 21:39:46, 9.92e-13, 6.55e-11
2022-11-09, 21:39:50, 9.43e-13, 6.6e-11
2022-11-09, 21:39:54, 9.35e-13, 6.62e-11
2022-11-09, 21:39:58, 8.7e-13, 6.57e-11
2022-11-09, 21:40:03, 8.87e-13, 6.55e-11
2022-11-09, 21:40:07, 1.02e-12, 6.56e-11
2022-11-09, 21:40:11, 9.79e-13, 6.59e-11
2022-11-09, 21:40:15, 8.44e-13, 6.62e-11
2022-11-09, 21:40:20, 9.31e-13, 6.57e-11
2022-11-09, 21:40:24, 8.44e-13, 6.6e-11
2022-11-09, 21:40:28, 1.01e-12, 6.59e-11
2022-11-09, 21:40:32, 8.85e-13, 6.59e-11
2022-11-09, 21:40:36, 8.62e-13, 6.6e-11
2022-11-09, 21:40:41, 8.69e-13, 6.58e-11
2022-11-09, 21:40:45, 8.39e-13, 6.55e-11
2022-11-09, 21:40:49, 8.33e-13, 6.58e-11
2022-11-09, 21:40:53, 8.27e-13, 6.6e-11
2022-11-09, 21:40:58, 8.61e-13, 6.58e-11
2022-11-09, 21:41:02, 9.27e-13, 6.59e-11
2022-11-09, 21:41:06, 9e-13, 6.59e-11
2022-11-09, 21:41:10, 8.31e-13, 6.6e-11
2022-11-09, 21:41:14, 8.73e-13, 6.56e-11
2022-11-09, 21:41:19, 9.42e-13, 6.59e-11
2022-11-09, 21:41:23, 8.63e-13, 6.6e-11
2022-11-09, 21:41:27, 9.15e-13, 6.6e-11
2022-11-09, 21:41:31, 8.89e-13, 6.54e-11
2022-11-09, 21:41:36, 9.58e-13, 6.56e-11
2022-11-09, 21:41:40, 7.93e-13, 6.59e-11
2022-11-09, 21:41:44, 8.52e-13, 6.59e-11
2022-11-09, 21:41:48, 8.61e-13, 6.59e-11
2022-11-09, 21:41:52, 9.03e-13, 6.57e-11
2022-11-09, 21:41:57, 8.43e-13, 6.53e-11
2022-11-09, 21:42:01, 9.84e-13, 6.55e-11
2022-11-09, 21:42:05, 8.53e-13, 6.55e-11
2022-11-09, 21:42:09, 9.04e-13, 6.55e-11
2022-11-09, 21:42:13, 9.8e-13, 6.56e-11
2022-11-09, 21:42:18, 8.92e-13, 6.57e-11
2022-11-09, 21:42:22, 8.06e-13, 6.63e-11
2022-11-09, 21:42:26, 9.43e-13, 6.63e-11
2022-11-09, 21:42:30, 9.11e-13, 6.58e-11
2022-11-09, 21:42:35, 8.86e-13, 6.6e-11
2022-11-09, 21:42:39, 9.19e-13, 6.58e-11
2022-11-09, 21:42:43, 8.83e-13, 6.58e-11
2022-11-09, 21:42:47, 1.04e-12, 6.58e-11
2022-11-09, 21:42:51, 9.7e-13, 6.61e-11
2022-11-09, 21:42:56, 8.48e-13, 6.59e-11
2022-11-09, 21:43:00, 8.84e-13, 6.59e-11
2022-11-09, 21:43:04, 8.66e-13, 6.55e-11
2022-11-09, 21:43:08, 8.87e-13, 6.58e-11
2022-11-09, 21:43:13, 8.95e-13, 6.59e-11
2022-11-09, 21:43:17, 8.83e-13, 6.57e-11
2022-11-09, 21:43:21, 9.29e-13, 6.61e-11
2022-11-09, 21:43:25, 8.79e-13, 6.56e-11
2022-11-09, 21:43:29, 8.9e-13, 6.57e-11
2022-11-09, 21:43:34, 9.08e-13, 6.59e-11
2022-11-09, 21:43:38, 7.79e-13, 6.58e-11
2022-11-09, 21:43:42, 8.54e-13, 6.56e-11
2022-11-09, 21:43:46, 9.35e-13, 6.59e-11
2022-11-09, 21:43:51, 8.98e-13, 6.58e-11
2022-11-09, 21:43:55, 9.16e-13, 6.56e-11
2022-11-09, 21:43:59, 9.28e-13, 6.55e-11
2022-11-09, 21:44:03, 8.87e-13, 6.59e-11
2022-11-09, 21:44:07, 8.38e-13, 6.56e-11
2022-11-09, 21:44:12, 8.71e-13, 6.6e-11
2022-11-09, 21:44:16, 9.27e-13, 6.58e-11
2022-11-09, 21:44:20, 9.19e-13, 6.59e-11
2022-11-09, 21:44:24, 9.02e-13, 6.57e-11
2022-11-09, 21:44:29, 8.26e-13, 6.55e-11
2022-11-09, 21:44:33, 9.16e-13, 6.58e-11
2022-11-09, 21:44:37, 8.67e-13, 6.58e-11
2022-11-09, 21:44:41, 8.34e-13, 6.59e-11
2022-11-09, 21:44:45, 8.63e-13, 6.58e-11
2022-11-09, 21:44:50, 9.21e-13, 6.61e-11
2022-11-09, 21:44:54, 8.44e-13, 6.57e-11
2022-11-09, 21:44:58, 7.07e-13, 6.56e-11
2022-11-09, 21:45:02, 8.83e-13, 6.53e-11
2022-11-09, 21:45:07, 7.98e-13, 6.58e-11
2022-11-09, 21:45:11, 8.39e-13, 6.61e-11
2022-11-09, 21:45:15, 7.49e-13, 6.61e-11
2022-11-09, 21:45:19, 9.53e-13, 6.58e-11
2022-11-09, 21:45:23, 9.2e-13, 6.57e-11
2022-11-09, 21:45:28, 9.13e-13, 6.6e-11
2022-11-09, 21:45:32, 8.82e-13, 6.61e-11
2022-11-09, 21:45:36, 9.42e-13, 6.61e-11
2022-11-09, 21:45:40, 8.81e-13, 6.57e-11
2022-11-09, 21:45:44, 9.06e-13, 6.57e-11
2022-11-09, 21:45:49, 9.29e-13, 6.56e-11
2022-11-09, 21:45:53, 8.16e-13, 6.55e-11
2022-11-09, 21:45:57, 9.65e-13, 6.57e-11
2022-11-09, 21:46:01, 8.96e-13, 6.59e-11
2022-11-09, 21:46:06, 9.01e-13, 6.58e-11
2022-11-09, 21:46:10, 8.97e-13, 6.54e-11
2022-11-09, 21:46:14, 9.56e-13, 6.54e-11
2022-11-09, 21:46:18, 8.61e-13, 6.54e-11
2022-11-09, 21:46:22, 1.01e-12, 6.58e-11
2022-11-09, 21:46:27, 9.07e-13, 6.59e-11
2022-11-09, 21:46:31, 9.13e-13, 6.53e-11
2022-11-09, 21:46:35, 8.25e-13, 6.56e-11
2022-11-09, 21:46:39, 8.97e-13, 6.57e-11
2022-11-09, 21:46:44, 8.23e-13, 6.52e-11
2022-11-09, 21:46:48, 8.44e-13, 6.54e-11
2022-11-09, 21:46:52, 8.72e-13, 6.58e-11
2022-11-09, 21:46:56, 8.96e-13, 6.56e-11
2022-11-09, 21:47:00, 1.07e-12, 6.56e-11
2022-11-09, 21:47:05, 9.32e-13, 6.54e-11
2022-11-09, 21:47:09, 9.51e-13, 6.58e-11
2022-11-09, 21:47:13, 9.09e-13, 6.56e-11
2022-11-09, 21:47:17, 9.17e-13, 6.54e-11
2022-11-09, 21:47:22, 8.83e-13, 6.56e-11
2022-11-09, 21:47:26, 8.94e-13, 6.56e-11
2022-11-09, 21:47:30, 9.08e-13, 6.55e-11
2022-11-09, 21:47:34, 8.72e-13, 6.55e-11
2022-11-09, 21:47:38, 8.97e-13, 6.55e-11
2022-11-09, 21:47:43, 1.05e-12, 6.54e-11
2022-11-09, 21:47:47, 8.56e-13, 6.54e-11
2022-11-09, 21:47:51, 8.6e-13, 6.56e-11
2022-11-09, 21:47:55, 1.1e-12, 6.6e-11
2022-11-09, 21:48:00, 9.69e-13, 6.61e-11
2022-11-09, 21:48:04, 8.44e-13, 6.61e-11
2022-11-09, 21:48:08, 8.91e-13, 6.57e-11
2022-11-09, 21:48:12, 8.24e-13, 6.58e-11
2022-11-09, 21:48:16, 9.53e-13, 6.59e-11
2022-11-09, 21:48:21, 9.65e-13, 6.54e-11
2022-11-09, 21:48:25, 9.1e-13, 6.53e-11
2022-11-09, 21:48:29, 8.69e-13, 6.54e-11
2022-11-09, 21:48:33, 9.08e-13, 6.49e-11
2022-11-09, 21:48:38, 9.14e-13, 6.56e-11
2022-11-09, 21:48:42, 8.68e-13, 6.59e-11
2022-11-09, 21:48:46, 8.75e-13, 6.6e-11
2022-11-09, 21:48:50, 8.97e-13, 6.58e-11
2022-11-09, 21:48:54, 9.77e-13, 6.58e-11
2022-11-09, 21:48:59, 8.8e-13, 6.6e-11
2022-11-09, 21:49:03, 8.57e-13, 6.59e-11
2022-11-09, 21:49:07, 8.74e-13, 6.57e-11
2022-11-09, 21:49:11, 8.22e-13, 6.59e-11
2022-11-09, 21:49:16, 7.23e-13, 6.57e-11
2022-11-09, 21:49:20, 8.47e-13, 6.62e-11
2022-11-09, 21:49:24, 9.62e-13, 6.58e-11
2022-11-09, 21:49:28, 8.88e-13, 6.55e-11
2022-11-09, 21:49:32, 9.87e-13, 6.57e-11
2022-11-09, 21:49:37, 8.68e-13, 6.57e-11
2022-11-09, 21:49:41, 8.84e-13, 6.59e-11
2022-11-09, 21:49:45, 9.14e-13, 6.54e-11
2022-11-09, 21:49:49, 8.68e-13, 6.53e-11
2022-11-09, 21:49:53, 9.22e-13, 6.58e-11
2022-11-09, 21:49:58, 8.34e-13, 6.59e-11
2022-11-09, 21:50:02, 9.05e-13, 6.6e-11
2022-11-09, 21:50:06, 8.18e-13, 6.56e-11
2022-11-09, 21:50:10, 9.02e-13, 6.57e-11
2022-11-09, 21:50:15, 7.95e-13, 6.62e-11
2022-11-09, 21:50:19, 8.77e-13, 6.62e-11
2022-11-09, 21:50:23, 8.68e-13, 6.59e-11
2022-11-09, 21:50:27, 9.3e-13, 6.59e-11
2022-11-09, 21:50:31, 8.66e-13, 6.57e-11
2022-11-09, 21:50:36, 7.85e-13, 6.53e-11
2022-11-09, 21:50:40, 9.48e-13, 6.53e-11
2022-11-09, 21:50:44, 8.78e-13, 6.54e-11
2022-11-09, 21:50:48, 8.41e-13, 6.58e-11
2022-11-09, 21:50:53, 8.95e-13, 6.57e-11
2022-11-09, 21:50:57, 8.29e-13, 6.6e-11
2022-11-09, 21:51:01, 8.38e-13, 6.61e-11
2022-11-09, 21:51:05, 8.87e-13, 6.59e-11
2022-11-09, 21:51:09, 8.75e-13, 6.57e-11
2022-11-09, 21:51:14, 9.86e-13, 6.57e-11
2022-11-09, 21:51:18, 9.93e-13, 6.58e-11
2022-11-09, 21:51:22, 8.88e-13, 6.56e-11
2022-11-09, 21:51:26, 8.98e-13, 6.57e-11
2022-11-09, 21:51:31, 9.71e-13, 6.52e-11
2022-11-09, 21:51:35, 9.49e-13, 6.55e-11
2022-11-09, 21:51:39, 8.79e-13, 6.56e-11
2022-11-09, 21:51:43, 8.7e-13, 6.58e-11
2022-11-09, 21:51:47, 9.14e-13, 6.58e-11
2022-11-09, 21:51:52, 8.8e-13, 6.6e-11
2022-11-09, 21:51:56, 8.87e-13, 6.59e-11
2022-11-09, 21:52:00, 9.05e-13, 6.57e-11
2022-11-09, 21:52:04, 9.07e-13, 6.58e-11
2022-11-09, 21:52:09, 8.76e-13, 6.53e-11
2022-11-09, 21:52:13, 8.02e-13, 6.54e-11
2022-11-09, 21:52:17, 9.5e-13, 6.57e-11
2022-11-09, 21:52:21, 8.87e-13, 6.54e-11
2022-11-09, 21:52:25, 8.33e-13, 6.56e-11
2022-11-09, 21:52:30, 9.02e-13, 6.56e-11
2022-11-09, 21:52:34, 8.54e-13, 6.52e-11
2022-11-09, 21:52:38, 8.87e-13, 6.56e-11
2022-11-09, 21:52:42, 8.57e-13, 6.57e-11
2022-11-09, 21:52:47, 8.65e-13, 6.57e-11
2022-11-09, 21:52:51, 9.19e-13, 6.6e-11
2022-11-09, 21:52:55, 8.84e-13, 6.56e-11
2022-11-09, 21:52:59, 9.32e-13, 6.57e-11
2022-11-09, 21:53:03, 8.74e-13, 6.58e-11
2022-11-09, 21:53:08, 8.9e-13, 6.61e-11
2022-11-09, 21:53:12, 8.72e-13, 6.59e-11
2022-11-09, 21:53:16, 9.85e-13, 6.57e-11
2022-11-09, 21:53:20, 7.99e-13, 6.59e-11
2022-11-09, 21:53:25, 8.92e-13, 6.58e-11
2022-11-09, 21:53:29, 9.02e-13, 6.61e-11
2022-11-09, 21:53:33, 8.8e-13, 6.58e-11
2022-11-09, 21:53:37, 8.67e-13, 6.57e-11
2022-11-09, 21:53:41, 8.88e-13, 6.58e-11
2022-11-09, 21:53:46, 9.86e-13, 6.54e-11
2022-11-09, 21:53:50, 8.93e-13, 6.59e-11
2022-11-09, 21:53:54, 8.08e-13, 6.55e-11
2022-11-09, 21:53:58, 8.38e-13, 6.54e-11
2022-11-09, 21:54:03, 8.65e-13, 6.57e-11
2022-11-09, 21:54:07, 8.6e-13, 6.57e-11
2022-11-09, 21:54:11, 9.18e-13, 6.54e-11
2022-11-09, 21:54:15, 8.34e-13, 6.56e-11
2022-11-09, 21:54:19, 8.93e-13, 6.55e-11
2022-11-09, 21:54:24, 8.62e-13, 6.61e-11
2022-11-09, 21:54:28, 9.25e-13, 6.57e-11
2022-11-09, 21:54:32, 7.88e-13, 6.55e-11
2022-11-09, 21:54:36, 9.09e-13, 6.58e-11
2022-11-09, 21:54:41, 8.16e-13, 6.58e-11
2022-11-09, 21:54:45, 9.12e-13, 6.59e-11
2022-11-09, 21:54:49, 8.88e-13, 6.59e-11
2022-11-09, 21:54:53, 9.22e-13, 6.58e-11
2022-11-09, 21:54:57, 8.95e-13, 6.56e-11
2022-11-09, 21:55:02, 8.99e-13, 6.59e-11
2022-11-09, 21:55:06, 8.7e-13, 6.58e-11
2022-11-09, 21:55:10, 8.5e-13, 6.57e-11
2022-11-09, 21:55:14, 8.89e-13, 6.55e-11
2022-11-09, 21:55:18, 8.86e-13, 6.57e-11
2022-11-09, 21:55:23, 8.56e-13, 6.62e-11
2022-11-09, 21:55:27, 9.53e-13, 6.56e-11
2022-11-09, 21:55:31, 8.64e-13, 6.56e-11
2022-11-09, 21:55:35, 9.03e-13, 6.57e-11
2022-11-09, 21:55:40, 8.48e-13, 6.54e-11
2022-11-09, 21:55:44, 8.64e-13, 6.55e-11
2022-11-09, 21:55:48, 1.04e-12, 6.55e-11
2022-11-09, 21:55:52, 9.48e-13, 6.56e-11
2022-11-09, 21:55:56, 7.99e-13, 6.57e-11
2022-11-09, 21:56:01, 8.47e-13, 6.54e-11
2022-11-09, 21:56:05, 8.85e-13, 6.58e-11
2022-11-09, 21:56:09, 8.74e-13, 6.57e-11
2022-11-09, 21:56:13, 8.47e-13, 6.6e-11
2022-11-09, 21:56:18, 8.89e-13, 6.54e-11
2022-11-09, 21:56:22, 9.23e-13, 6.58e-11
2022-11-09, 21:56:26, 8.52e-13, 6.52e-11
2022-11-09, 21:56:30, 9.23e-13, 6.56e-11
2022-11-09, 21:56:34, 9.22e-13, 6.59e-11
2022-11-09, 21:56:39, 8.53e-13, 6.56e-11
2022-11-09, 21:56:43, 8.93e-13, 6.57e-11
2022-11-09, 21:56:47, 8.39e-13, 6.58e-11
2022-11-09, 21:56:51, 8.45e-13, 6.58e-11
2022-11-09, 21:56:56, 8.55e-13, 6.59e-11
2022-11-09, 21:57:00, 8.89e-13, 6.57e-11
2022-11-09, 21:57:04, 8.88e-13, 6.55e-11
2022-11-09, 21:57:08, 8.61e-13, 6.57e-11
2022-11-09, 21:57:12, 8.92e-13, 6.59e-11
2022-11-09, 21:57:17, 8.26e-13, 6.54e-11
2022-11-09, 21:57:21, 9.08e-13, 6.55e-11
2022-11-09, 21:57:25, 1.08e-12, 6.53e-11
2022-11-09, 21:57:29, 1.05e-12, 6.56e-11
2022-11-09, 21:57:34, 9.22e-13, 6.56e-11
2022-11-09, 21:57:38, 9.3e-13, 6.51e-11
2022-11-09, 21:57:42, 9.01e-13, 6.54e-11
2022-11-09, 21:57:46, 9.24e-13, 6.56e-11
2022-11-09, 21:57:50, 8.45e-13, 6.57e-11
2022-11-09, 21:57:55, 9.24e-13, 6.58e-11
2022-11-09, 21:57:59, 8.57e-13, 6.57e-11
2022-11-09, 21:58:03, 8.45e-13, 6.58e-11
2022-11-09, 21:58:07, 8.92e-13, 6.54e-11
2022-11-09, 21:58:11, 7.92e-13, 6.56e-11
2022-11-09, 21:58:16, 8.7e-13, 6.61e-11
2022-11-09, 21:58:20, 7.75e-13, 6.56e-11
2022-11-09, 21:58:24, 8.34e-13, 6.59e-11
2022-11-09, 21:58:28, 9.18e-13, 6.54e-11
2022-11-09, 21:58:33, 8.93e-13, 6.55e-11
2022-11-09, 21:58:37, 8.96e-13, 6.59e-11
2022-11-09, 21:58:41, 9.53e-13, 6.6e-11
2022-11-09, 21:58:45, 1.03e-12, 6.57e-11
2022-11-09, 21:58:49, 9.1e-13, 6.61e-11
2022-11-09, 21:58:54, 9.48e-13, 6.59e-11
2022-11-09, 21:58:58, 9.28e-13, 6.57e-11
2022-11-09, 21:59:02, 8.91e-13, 6.57e-11
2022-11-09, 21:59:06, 9.24e-13, 6.6e-11
2022-11-09, 21:59:11, 7.89e-13, 6.54e-11
2022-11-09, 21:59:15, 9.17e-13, 6.55e-11
2022-11-09, 21:59:19, 9.09e-13, 6.56e-11
2022-11-09, 21:59:23, 8.88e-13, 6.56e-11
2022-11-09, 21:59:27, 9.5e-13, 6.58e-11
2022-11-09, 21:59:32, 8.79e-13, 6.51e-11
2022-11-09, 21:59:36, 9.19e-13, 6.56e-11
2022-11-09, 21:59:40, 8.93e-13, 6.55e-11
2022-11-09, 21:59:44, 8.99e-13, 6.59e-11
2022-11-09, 21:59:49, 9.13e-13, 6.57e-11
2022-11-09, 21:59:53, 9.76e-13, 6.6e-11
2022-11-09, 21:59:57, 8.75e-13, 6.57e-11
2022-11-09, 22:00:01, 8.33e-13, 6.56e-11
2022-11-09, 22:00:05, 9.45e-13, 6.54e-11
2022-11-09, 22:00:10, 9.28e-13, 6.54e-11
2022-11-09, 22:00:14, 8.99e-13, 6.55e-11
2022-11-09, 22:00:18, 8.65e-13, 6.58e-11
2022-11-09, 22:00:22, 8.32e-13, 6.59e-11
2022-11-09, 22:00:27, 9.06e-13, 6.54e-11
2022-11-09, 22:00:31, 1.05e-12, 6.55e-11
2022-11-09, 22:00:35, 8.66e-13, 6.54e-11
2022-11-09, 22:00:39, 9.04e-13, 6.57e-11
2022-11-09, 22:00:43, 9.38e-13, 6.54e-11
2022-11-09, 22:00:48, 9.47e-13, 6.57e-11
2022-11-09, 22:00:52, 8.5e-13, 6.58e-11
2022-11-09, 22:00:56, 8e-13, 6.54e-11
2022-11-09, 22:01:00, 8.66e-13, 6.56e-11
2022-11-09, 22:01:05, 8.72e-13, 6.58e-11
2022-11-09, 22:01:09, 9.07e-13, 6.52e-11
2022-11-09, 22:01:13, 8.9e-13, 6.56e-11
2022-11-09, 22:01:17, 8.73e-13, 6.58e-11
2022-11-09, 22:01:21, 8.31e-13, 6.57e-11
2022-11-09, 22:01:26, 8.78e-13, 6.53e-11
2022-11-09, 22:01:30, 8.77e-13, 6.57e-11
2022-11-09, 22:01:34, 8.94e-13, 6.57e-11
2022-11-09, 22:01:38, 8.5e-13, 6.57e-11
2022-11-09, 22:01:43, 9.33e-13, 6.58e-11
2022-11-09, 22:01:47, 9.22e-13, 6.56e-11
2022-11-09, 22:01:51, 8.63e-13, 6.55e-11
2022-11-09, 22:01:55, 9.21e-13, 6.57e-11
2022-11-09, 22:01:59, 8.86e-13, 6.57e-11
2022-11-09, 22:02:04, 8.92e-13, 6.58e-11
2022-11-09, 22:02:08, 8.9e-13, 6.56e-11
2022-11-09, 22:02:12, 8.43e-13, 6.59e-11
2022-11-09, 22:02:16, 8.23e-13, 6.58e-11
2022-11-09, 22:02:20, 8.39e-13, 6.56e-11
2022-11-09, 22:02:25, 8.63e-13, 6.55e-11
2022-11-09, 22:02:29, 9.05e-13, 6.55e-11
2022-11-09, 22:02:33, 8.12e-13, 6.56e-11
2022-11-09, 22:02:37, 8.75e-13, 6.59e-11
2022-11-09, 22:02:42, 8.17e-13, 6.54e-11
2022-11-09, 22:02:46, 8.56e-13, 6.55e-11
2022-11-09, 22:02:50, 8.59e-13, 6.61e-11
2022-11-09, 22:02:54, 9.09e-13, 6.6e-11
2022-11-09, 22:02:58, 8.49e-13, 6.57e-11
2022-11-09, 22:03:03, 8.78e-13, 6.56e-11
2022-11-09, 22:03:07, 9.01e-13, 6.51e-11
2022-11-09, 22:03:11, 8.93e-13, 6.59e-11
2022-11-09, 22:03:15, 8.86e-13, 6.56e-11
2022-11-09, 22:03:20, 9.02e-13, 6.58e-11
2022-11-09, 22:03:24, 9.57e-13, 6.58e-11
2022-11-09, 22:03:28, 8.8e-13, 6.58e-11
2022-11-09, 22:03:32, 9.66e-13, 6.54e-11
2022-11-09, 22:03:36, 8.76e-13, 6.57e-11
2022-11-09, 22:03:41, 8.66e-13, 6.51e-11
2022-11-09, 22:03:45, 8.81e-13, 6.52e-11
2022-11-09, 22:03:49, 8.97e-13, 6.55e-11
2022-11-09, 22:03:53, 8.87e-13, 6.6e-11
2022-11-09, 22:03:58, 9.28e-13, 6.55e-11
2022-11-09, 22:04:02, 8.79e-13, 6.44e-11
2022-11-09, 22:04:06, 9.01e-13, 6.6e-11
2022-11-09, 22:04:10, 9.04e-13, 6.62e-11
2022-11-09, 22:04:14, 9.37e-13, 6.58e-11
2022-11-09, 22:04:19, 9.32e-13, 6.56e-11
2022-11-09, 22:04:23, 8.81e-13, 6.55e-11
2022-11-09, 22:04:27, 8.37e-13, 6.58e-11
2022-11-09, 22:04:31, 8.94e-13, 6.61e-11
2022-11-09, 22:04:36, 9.18e-13, 6.58e-11
2022-11-09, 22:04:40, 9.31e-13, 6.59e-11
2022-11-09, 22:04:44, 8.65e-13, 6.6e-11
2022-11-09, 22:04:48, 8.97e-13, 6.58e-11
2022-11-09, 22:04:52, 8.82e-13, 6.6e-11
2022-11-09, 22:04:57, 8.76e-13, 6.6e-11
2022-11-09, 22:05:01, 9.19e-13, 6.56e-11
2022-11-09, 22:05:05, 9.18e-13, 6.6e-11
2022-11-09, 22:05:09, 8.62e-13, 6.58e-11
2022-11-09, 22:05:14, 9.36e-13, 6.62e-11
2022-11-09, 22:05:18, 8.78e-13, 6.64e-11
2022-11-09, 22:05:22, 9.05e-13, 6.58e-11
2022-11-09, 22:05:26, 1.02e-12, 6.57e-11
2022-11-09, 22:05:30, 9.73e-13, 6.57e-11
2022-11-09, 22:05:35, 8.9e-13, 6.56e-11
2022-11-09, 22:05:39, 8.21e-13, 6.57e-11
2022-11-09, 22:05:43, 8.6e-13, 6.57e-11
2022-11-09, 22:05:47, 8.42e-13, 6.59e-11
2022-11-09, 22:05:51, 8.9e-13, 6.61e-11
2022-11-09, 22:05:56, 8.47e-13, 6.61e-11
2022-11-09, 22:06:00, 8.84e-13, 6.57e-11
2022-11-09, 22:06:04, 8.53e-13, 6.57e-11
2022-11-09, 22:06:08, 9.01e-13, 6.55e-11
2022-11-09, 22:06:13, 9.44e-13, 6.55e-11
2022-11-09, 22:06:17, 8.42e-13, 6.58e-11
2022-11-09, 22:06:21, 8.91e-13, 6.59e-11
2022-11-09, 22:06:25, 8.1e-13, 6.58e-11
2022-11-09, 22:06:29, 8.93e-13, 6.57e-11
2022-11-09, 22:06:34, 9.15e-13, 6.52e-11
2022-11-09, 22:06:38, 9.88e-13, 6.53e-11
2022-11-09, 22:06:42, 9.62e-13, 6.51e-11
2022-11-09, 22:06:46, 8.41e-13, 6.48e-11
2022-11-09, 22:06:51, 8.2e-13, 6.54e-11
2022-11-09, 22:06:55, 8.57e-13, 6.55e-11
2022-11-09, 22:06:59, 9.29e-13, 6.57e-11
2022-11-09, 22:07:03, 7.92e-13, 6.56e-11
2022-11-09, 22:07:07, 8.75e-13, 6.54e-11
2022-11-09, 22:07:12, 9.62e-13, 6.56e-11
2022-11-09, 22:07:16, 8.19e-13, 6.55e-11
2022-11-09, 22:07:20, 8.81e-13, 6.56e-11
2022-11-09, 22:07:24, 8.52e-13, 6.53e-11
2022-11-09, 22:07:29, 8.83e-13, 6.59e-11
2022-11-09, 22:07:33, 8.44e-13, 6.57e-11
2022-11-09, 22:07:37, 9.18e-13, 6.55e-11
2022-11-09, 22:07:41, 8.71e-13, 6.58e-11
2022-11-09, 22:07:45, 9.36e-13, 6.56e-11
2022-11-09, 22:07:50, 8.48e-13, 6.56e-11
2022-11-09, 22:07:54, 9.14e-13, 6.59e-11
2022-11-09, 22:07:58, 9.15e-13, 6.6e-11
2022-11-09, 22:08:02, 9.41e-13, 6.54e-11
2022-11-09, 22:08:07, 8.82e-13, 6.58e-11
2022-11-09, 22:08:11, 8.33e-13, 6.57e-11
2022-11-09, 22:08:15, 9.3e-13, 6.56e-11
2022-11-09, 22:08:19, 8.63e-13, 6.56e-11
2022-11-09, 22:08:23, 7.81e-13, 6.58e-11
2022-11-09, 22:08:28, 9.26e-13, 6.6e-11
2022-11-09, 22:08:32, 8.96e-13, 6.58e-11
2022-11-09, 22:08:36, 8.53e-13, 6.56e-11
2022-11-09, 22:08:40, 1.12e-12, 6.59e-11
2022-11-09, 22:08:45, 9.58e-13, 6.56e-11
2022-11-09, 22:08:49, 8.49e-13, 6.56e-11
2022-11-09, 22:08:53, 8.8e-13, 6.58e-11
2022-11-09, 22:08:57, 8.2e-13, 6.58e-11
2022-11-09, 22:09:01, 7.87e-13, 6.59e-11
2022-11-09, 22:09:06, 8.32e-13, 6.61e-11
2022-11-09, 22:09:10, 9.58e-13, 6.65e-11
2022-11-09, 22:09:14, 9.17e-13, 6.62e-11
2022-11-09, 22:09:18, 9.12e-13, 6.57e-11
2022-11-09, 22:09:22, 8.58e-13, 6.58e-11
2022-11-09, 22:09:27, 8.23e-13, 6.56e-11
2022-11-09, 22:09:31, 9.11e-13, 6.59e-11
2022-11-09, 22:09:35, 8.91e-13, 6.55e-11
2022-11-09, 22:09:39, 8.64e-13, 6.56e-11
2022-11-09, 22:09:44, 9.67e-13, 6.56e-11
2022-11-09, 22:09:48, 9.12e-13, 6.56e-11
2022-11-09, 22:09:52, 9.36e-13, 6.57e-11
2022-11-09, 22:09:56, 8.87e-13, 6.52e-11
2022-11-09, 22:10:00, 8.68e-13, 6.54e-11
2022-11-09, 22:10:05, 9.57e-13, 6.56e-11
2022-11-09, 22:10:09, 8.56e-13, 6.56e-11
2022-11-09, 22:10:13, 9.21e-13, 6.58e-11
2022-11-09, 22:10:17, 8.63e-13, 6.58e-11
2022-11-09, 22:10:22, 9.08e-13, 6.56e-11
2022-11-09, 22:10:26, 9.21e-13, 6.58e-11
2022-11-09, 22:10:30, 8.52e-13, 6.56e-11
2022-11-09, 22:10:34, 8.47e-13, 6.56e-11
2022-11-09, 22:10:38, 9.34e-13, 6.56e-11
2022-11-09, 22:10:43, 8.74e-13, 6.53e-11
2022-11-09, 22:10:47, 8.94e-13, 6.59e-11
2022-11-09, 22:10:51, 8.89e-13, 6.6e-11
2022-11-09, 22:10:55, 9.18e-13, 6.6e-11
2022-11-09, 22:11:00, 8.9e-13, 6.58e-11
2022-11-09, 22:11:04, 9.01e-13, 6.55e-11
2022-11-09, 22:11:08, 9.04e-13, 6.54e-11
2022-11-09, 22:11:12, 8.35e-13, 6.54e-11
2022-11-09, 22:11:16, 8.48e-13, 6.54e-11
2022-11-09, 22:11:21, 9.61e-13, 6.55e-11
2022-11-09, 22:11:25, 8.78e-13, 6.55e-11
2022-11-09, 22:11:29, 8.12e-13, 6.54e-11
2022-11-09, 22:11:33, 9.29e-13, 6.54e-11
2022-11-09, 22:11:38, 9.17e-13, 6.52e-11
2022-11-09, 22:11:42, 8.57e-13, 6.51e-11
2022-11-09, 22:11:46, 9.14e-13, 6.52e-11
2022-11-09, 22:11:50, 8.87e-13, 6.54e-11
2022-11-09, 22:11:54, 9.09e-13, 6.55e-11
2022-11-09, 22:11:59, 8.69e-13, 6.52e-11
2022-11-09, 22:12:03, 8.75e-13, 6.53e-11
2022-11-09, 22:12:07, 8.92e-13, 6.53e-11
2022-11-09, 22:12:11, 8.7e-13, 6.51e-11
2022-11-09, 22:12:16, 8.64e-13, 6.54e-11
2022-11-09, 22:12:20, 8.97e-13, 6.56e-11
2022-11-09, 22:12:24, 8.59e-13, 6.54e-11
2022-11-09, 22:12:28, 8.6e-13, 6.56e-11
2022-11-09, 22:12:32, 8.89e-13, 6.56e-11
2022-11-09, 22:12:37, 8.25e-13, 6.57e-11
2022-11-09, 22:12:41, 8.72e-13, 6.54e-11
2022-11-09, 22:12:45, 8.51e-13, 6.55e-11
2022-11-09, 22:12:49, 8.53e-13, 6.54e-11
2022-11-09, 22:12:54, 9.11e-13, 6.56e-11
2022-11-09, 22:12:58, 7.63e-13, 6.56e-11
2022-11-09, 22:13:02, 9e-13, 6.55e-11
2022-11-09, 22:13:06, 8.46e-13, 6.52e-11
2022-11-09, 22:13:10, 9.24e-13, 6.53e-11
2022-11-09, 22:13:15, 9.22e-13, 6.54e-11
2022-11-09, 22:13:19, 9.17e-13, 6.52e-11
2022-11-09, 22:13:23, 8.77e-13, 6.53e-11
2022-11-09, 22:13:27, 8.52e-13, 6.54e-11
2022-11-09, 22:13:31, 9.92e-13, 6.52e-11
2022-11-09, 22:13:36, 8.79e-13, 6.58e-11
2022-11-09, 22:13:40, 8.93e-13, 6.55e-11
2022-11-09, 22:13:44, 8.87e-13, 6.5e-11
2022-11-09, 22:13:48, 8.86e-13, 6.53e-11
2022-11-09, 22:13:53, 8.64e-13, 6.53e-11
2022-11-09, 22:13:57, 8.79e-13, 6.53e-11
2022-11-09, 22:14:01, 9.35e-13, 6.52e-11
2022-11-09, 22:14:05, 8.92e-13, 6.53e-11
2022-11-09, 22:14:09, 1.04e-12, 6.54e-11
2022-11-09, 22:14:14, 9.09e-13, 6.53e-11
2022-11-09, 22:14:18, 8.77e-13, 6.53e-11
2022-11-09, 22:14:22, 8.44e-13, 6.59e-11
2022-11-09, 22:14:26, 9.18e-13, 6.55e-11
2022-11-09, 22:14:31, 8.07e-13, 6.55e-11
2022-11-09, 22:14:35, 8.69e-13, 6.59e-11
2022-11-09, 22:14:39, 9.49e-13, 6.57e-11
2022-11-09, 22:14:43, 7.34e-13, 6.56e-11
2022-11-09, 22:14:47, 8.39e-13, 6.56e-11
2022-11-09, 22:14:52, 8.85e-13, 6.58e-11
2022-11-09, 22:14:56, 1.02e-12, 6.55e-11
2022-11-09, 22:15:00, 1.03e-12, 6.56e-11
2022-11-09, 22:15:04, 8.89e-13, 6.54e-11
2022-11-09, 22:15:09, 9.08e-13, 6.53e-11
2022-11-09, 22:15:13, 8.82e-13, 6.57e-11
2022-11-09, 22:15:17, 8.99e-13, 6.52e-11
2022-11-09, 22:15:21, 8.18e-13, 6.54e-11
2022-11-09, 22:15:25, 8.77e-13, 6.59e-11
2022-11-09, 22:15:30, 8.41e-13, 6.56e-11
2022-11-09, 22:15:34, 8.81e-13, 6.55e-11
2022-11-09, 22:15:38, 9.37e-13, 6.55e-11
2022-11-09, 22:15:42, 9.12e-13, 6.54e-11
2022-11-09, 22:15:47, 8.81e-13, 6.57e-11
2022-11-09, 22:15:51, 8.57e-13, 6.54e-11
2022-11-09, 22:15:55, 9.2e-13, 6.56e-11
2022-11-09, 22:15:59, 8.38e-13, 6.55e-11
2022-11-09, 22:16:03, 8.17e-13, 6.55e-11
2022-11-09, 22:16:08, 9.07e-13, 6.56e-11
2022-11-09, 22:16:12, 9.38e-13, 6.55e-11
2022-11-09, 22:16:16, 8.81e-13, 6.58e-11
2022-11-09, 22:16:20, 8.65e-13, 6.57e-11
2022-11-09, 22:16:25, 8.56e-13, 6.56e-11
2022-11-09, 22:16:29, 8.49e-13, 6.56e-11
2022-11-09, 22:16:33, 8.49e-13, 6.52e-11
2022-11-09, 22:16:37, 8.4e-13, 6.52e-11
2022-11-09, 22:16:41, 8.27e-13, 6.57e-11
2022-11-09, 22:16:46, 8.91e-13, 6.58e-11
2022-11-09, 22:16:50, 9.19e-13, 6.57e-11
2022-11-09, 22:16:54, 8.35e-13, 6.56e-11
2022-11-09, 22:16:58, 1.07e-12, 6.6e-11
2022-11-09, 22:17:02, 9.35e-13, 6.59e-11
2022-11-09, 22:17:07, 8.88e-13, 6.6e-11
2022-11-09, 22:17:11, 8.86e-13, 6.57e-11
2022-11-09, 22:17:15, 8.88e-13, 6.56e-11
2022-11-09, 22:17:19, 8.75e-13, 6.57e-11
2022-11-09, 22:17:24, 8.6e-13, 6.56e-11
2022-11-09, 22:17:28, 8.52e-13, 6.58e-11
2022-11-09, 22:17:32, 8.78e-13, 6.58e-11
2022-11-09, 22:17:36, 8.52e-13, 6.57e-11
2022-11-09, 22:17:40, 8.26e-13, 6.57e-11
2022-11-09, 22:17:45, 8.76e-13, 6.53e-11
2022-11-09, 22:17:49, 8.98e-13, 6.54e-11
2022-11-09, 22:17:53, 9.44e-13, 6.58e-11
2022-11-09, 22:17:57, 8.41e-13, 6.59e-11
2022-11-09, 22:18:02, 9.4e-13, 6.53e-11
2022-11-09, 22:18:06, 9.47e-13, 6.53e-11
2022-11-09, 22:18:10, 9.2e-13, 6.55e-11
2022-11-09, 22:18:14, 8.79e-13, 6.58e-11
2022-11-09, 22:18:18, 8.91e-13, 6.55e-11
2022-11-09, 22:18:23, 8.24e-13, 6.55e-11
2022-11-09, 22:18:27, 8.98e-13, 6.54e-11
2022-11-09, 22:18:31, 9.04e-13, 6.55e-11
2022-11-09, 22:18:35, 8.99e-13, 6.57e-11
2022-11-09, 22:18:40, 8.77e-13, 6.52e-11
2022-11-09, 22:18:44, 8.97e-13, 6.57e-11
2022-11-09, 22:18:48, 8.34e-13, 6.58e-11
2022-11-09, 22:18:52, 8.89e-13, 6.54e-11
2022-11-09, 22:18:56, 8.92e-13, 6.55e-11
2022-11-09, 22:19:01, 8.86e-13, 6.54e-11
2022-11-09, 22:19:05, 8.9e-13, 6.56e-11
2022-11-09, 22:19:09, 9.59e-13, 6.56e-11
2022-11-09, 22:19:13, 8.66e-13, 6.6e-11
2022-11-09, 22:19:18, 8.34e-13, 6.57e-11
2022-11-09, 22:19:22, 7.45e-13, 6.58e-11
2022-11-09, 22:19:26, 8.64e-13, 6.57e-11
2022-11-09, 22:19:30, 8.32e-13, 6.58e-11
2022-11-09, 22:19:34, 9.12e-13, 6.58e-11
2022-11-09, 22:19:39, 8.7e-13, 6.59e-11
2022-11-09, 22:19:43, 8.12e-13, 6.54e-11
2022-11-09, 22:19:47, 8.38e-13, 6.57e-11
2022-11-09, 22:19:51, 8.16e-13, 6.53e-11
2022-11-09, 22:19:56, 8.9e-13, 6.57e-11
2022-11-09, 22:20:00, 8.61e-13, 6.57e-11
2022-11-09, 22:20:04, 8.76e-13, 6.55e-11
2022-11-09, 22:20:08, 8.86e-13, 6.55e-11
2022-11-09, 22:20:12, 8.44e-13, 6.57e-11
2022-11-09, 22:20:17, 9.45e-13, 6.55e-11
2022-11-09, 22:20:21, 8.77e-13, 6.52e-11
2022-11-09, 22:20:25, 8.63e-13, 6.59e-11
2022-11-09, 22:20:29, 9.22e-13, 6.56e-11
2022-11-09, 22:20:34, 8.71e-13, 6.54e-11
2022-11-09, 22:20:38, 8.05e-13, 6.55e-11
2022-11-09, 22:20:42, 9.06e-13, 6.54e-11
2022-11-09, 22:20:46, 9.49e-13, 6.56e-11
2022-11-09, 22:20:50, 8.67e-13, 6.51e-11
2022-11-09, 22:20:55, 8.37e-13, 6.57e-11
2022-11-09, 22:20:59, 7.83e-13, 6.59e-11
2022-11-09, 22:21:03, 9.14e-13, 6.58e-11
2022-11-09, 22:21:07, 9.2e-13, 6.59e-11
2022-11-09, 22:21:11, 9.09e-13, 6.55e-11
2022-11-09, 22:21:16, 9.21e-13, 6.57e-11
2022-11-09, 22:21:20, 9.78e-13, 6.53e-11
2022-11-09, 22:21:24, 9e-13, 6.53e-11
2022-11-09, 22:21:28, 9.54e-13, 6.56e-11
2022-11-09, 22:21:33, 9.23e-13, 6.57e-11
2022-11-09, 22:21:37, 9.41e-13, 6.56e-11
2022-11-09, 22:21:41, 9.1e-13, 6.6e-11
2022-11-09, 22:21:45, 9.09e-13, 6.58e-11
2022-11-09, 22:21:49, 8.66e-13, 6.56e-11
2022-11-09, 22:21:54, 7.82e-13, 6.58e-11
2022-11-09, 22:21:58, 9.43e-13, 6.56e-11
2022-11-09, 22:22:02, 8.62e-13, 6.51e-11
2022-11-09, 22:22:06, 8.84e-13, 6.49e-11
2022-11-09, 22:22:11, 8.81e-13, 6.53e-11
2022-11-09, 22:22:15, 9.27e-13, 6.55e-11
2022-11-09, 22:22:19, 8.13e-13, 6.58e-11
2022-11-09, 22:22:23, 8.74e-13, 6.55e-11
2022-11-09, 22:22:27, 8.49e-13, 6.58e-11
2022-11-09, 22:22:32, 9.07e-13, 6.56e-11
2022-11-09, 22:22:36, 9.27e-13, 6.53e-11
2022-11-09, 22:22:40, 8.97e-13, 6.56e-11
2022-11-09, 22:22:44, 8.62e-13, 6.57e-11
2022-11-09, 22:22:49, 8.96e-13, 6.61e-11
2022-11-09, 22:22:53, 8.53e-13, 6.55e-11
2022-11-09, 22:22:57, 7.52e-13, 6.57e-11
2022-11-09, 22:23:01, 8.51e-13, 6.55e-11
2022-11-09, 22:23:05, 8.19e-13, 6.53e-11
2022-11-09, 22:23:10, 8.63e-13, 6.56e-11
2022-11-09, 22:23:14, 8.78e-13, 6.52e-11
2022-11-09, 22:23:18, 9.04e-13, 6.54e-11
2022-11-09, 22:23:22, 7.94e-13, 6.5e-11
2022-11-09, 22:23:27, 8.6e-13, 6.5e-11
2022-11-09, 22:23:31, 8.8e-13, 6.56e-11
2022-11-09, 22:23:35, 9.25e-13, 6.56e-11
2022-11-09, 22:23:39, 9.09e-13, 6.57e-11
2022-11-09, 22:23:43, 9.28e-13, 6.53e-11
2022-11-09, 22:23:48, 8.67e-13, 6.59e-11
2022-11-09, 22:23:52, 9.08e-13, 6.58e-11
2022-11-09, 22:23:56, 9.12e-13, 6.56e-11
2022-11-09, 22:24:00, 9.08e-13, 6.57e-11
2022-11-09, 22:24:05, 9.3e-13, 6.53e-11
2022-11-09, 22:24:09, 8e-13, 6.55e-11
2022-11-09, 22:24:13, 8.71e-13, 6.57e-11
2022-11-09, 22:24:17, 8.69e-13, 6.52e-11
2022-11-09, 22:24:21, 8.72e-13, 6.5e-11
2022-11-09, 22:24:26, 9.06e-13, 6.51e-11
2022-11-09, 22:24:30, 8.9e-13, 6.57e-11
2022-11-09, 22:24:34, 8.67e-13, 6.55e-11
2022-11-09, 22:24:38, 9.11e-13, 6.56e-11
2022-11-09, 22:24:42, 7.57e-13, 6.54e-11
2022-11-09, 22:24:47, 9.54e-13, 6.53e-11
2022-11-09, 22:24:51, 9.26e-13, 6.56e-11
2022-11-09, 22:24:55, 9.27e-13, 6.54e-11
2022-11-09, 22:24:59, 8.73e-13, 6.55e-11
2022-11-09, 22:25:04, 9.66e-13, 6.54e-11
2022-11-09, 22:25:08, 8.74e-13, 6.55e-11
2022-11-09, 22:25:12, 9.16e-13, 6.56e-11
2022-11-09, 22:25:16, 9.08e-13, 6.53e-11
2022-11-09, 22:25:20, 8.41e-13, 6.53e-11
2022-11-09, 22:25:25, 8.21e-13, 6.54e-11
2022-11-09, 22:25:29, 8.44e-13, 6.56e-11
2022-11-09, 22:25:33, 8e-13, 6.54e-11
2022-11-09, 22:25:37, 8.45e-13, 6.57e-11
2022-11-09, 22:25:42, 9.19e-13, 6.57e-11
2022-11-09, 22:25:46, 9.2e-13, 6.55e-11
2022-11-09, 22:25:50, 8.25e-13, 6.56e-11
2022-11-09, 22:25:54, 8.88e-13, 6.55e-11
2022-11-09, 22:25:58, 9.49e-13, 6.56e-11
2022-11-09, 22:26:03, 8.05e-13, 6.55e-11
2022-11-09, 22:26:07, 8.46e-13, 6.55e-11
2022-11-09, 22:26:11, 7.98e-13, 6.56e-11
2022-11-09, 22:26:15, 8.88e-13, 6.56e-11
2022-11-09, 22:26:20, 9.21e-13, 6.53e-11
2022-11-09, 22:26:24, 1.01e-12, 6.6e-11
2022-11-09, 22:26:28, 9.02e-13, 6.58e-11
2022-11-09, 22:26:32, 8.81e-13, 6.58e-11
2022-11-09, 22:26:36, 9.79e-13, 6.59e-11
2022-11-09, 22:26:41, 9.52e-13, 6.59e-11
2022-11-09, 22:26:45, 8.7e-13, 6.51e-11
2022-11-09, 22:26:49, 9.19e-13, 6.56e-11
2022-11-09, 22:26:53, 9.65e-13, 6.6e-11
2022-11-09, 22:26:58, 8.83e-13, 6.59e-11
2022-11-09, 22:27:02, 9.21e-13, 6.59e-11
2022-11-09, 22:27:06, 8.92e-13, 6.56e-11
2022-11-09, 22:27:10, 8.89e-13, 6.56e-11
2022-11-09, 22:27:14, 8.61e-13, 6.53e-11
2022-11-09, 22:27:19, 8.04e-13, 6.53e-11
2022-11-09, 22:27:23, 8.4e-13, 6.52e-11
2022-11-09, 22:27:27, 9e-13, 6.55e-11
2022-11-09, 22:27:31, 8.7e-13, 6.52e-11
2022-11-09, 22:27:36, 8.75e-13, 6.53e-11
2022-11-09, 22:27:40, 8.69e-13, 6.53e-11
2022-11-09, 22:27:44, 8.47e-13, 6.56e-11
2022-11-09, 22:27:48, 9.24e-13, 6.58e-11
2022-11-09, 22:27:52, 9.16e-13, 6.56e-11
2022-11-09, 22:27:57, 9.27e-13, 6.6e-11
2022-11-09, 22:28:01, 8.95e-13, 6.58e-11
2022-11-09, 22:28:05, 9.04e-13, 6.6e-11
2022-11-09, 22:28:09, 9.2e-13, 6.57e-11
2022-11-09, 22:28:14, 8.49e-13, 6.59e-11
2022-11-09, 22:28:18, 9.39e-13, 6.54e-11
2022-11-09, 22:28:22, 8.14e-13, 6.53e-11
2022-11-09, 22:28:26, 8.77e-13, 6.54e-11
2022-11-09, 22:28:30, 8.83e-13, 6.57e-11
2022-11-09, 22:28:35, 9.46e-13, 6.57e-11
2022-11-09, 22:28:39, 8.74e-13, 6.59e-11
2022-11-09, 22:28:43, 9.48e-13, 6.59e-11
2022-11-09, 22:28:47, 8.33e-13, 6.57e-11
2022-11-09, 22:28:52, 9.23e-13, 6.54e-11
2022-11-09, 22:28:56, 8.93e-13, 6.57e-11
2022-11-09, 22:29:00, 8.86e-13, 6.59e-11
2022-11-09, 22:29:04, 9.51e-13, 6.57e-11
2022-11-09, 22:29:08, 9.02e-13, 6.61e-11
2022-11-09, 22:29:13, 8.26e-13, 6.58e-11
2022-11-09, 22:29:17, 8.44e-13, 6.55e-11
2022-11-09, 22:29:21, 8.17e-13, 6.55e-11
2022-11-09, 22:29:25, 8.74e-13, 6.59e-11
2022-11-09, 22:29:29, 9.6e-13, 6.6e-11
2022-11-09, 22:29:34, 9.01e-13, 6.61e-11
2022-11-09, 22:29:38, 8.32e-13, 6.58e-11
2022-11-09, 22:29:42, 8.16e-13, 6.57e-11
2022-11-09, 22:29:46, 8.72e-13, 6.55e-11
2022-11-09, 22:29:51, 8.46e-13, 6.57e-11
2022-11-09, 22:29:55, 8.8e-13, 6.54e-11
2022-11-09, 22:29:59, 9.4e-13, 6.56e-11
2022-11-09, 22:30:03, 9.02e-13, 6.63e-11
2022-11-09, 22:30:07, 9.26e-13, 6.62e-11
2022-11-09, 22:30:12, 9.31e-13, 6.54e-11
2022-11-09, 22:30:16, 8.83e-13, 6.54e-11
2022-11-09, 22:30:20, 9.13e-13, 6.54e-11
2022-11-09, 22:30:24, 8.67e-13, 6.54e-11
2022-11-09, 22:30:29, 8.7e-13, 6.48e-11
2022-11-09, 22:30:33, 8.85e-13, 6.49e-11
2022-11-09, 22:30:37, 8.98e-13, 6.54e-11
2022-11-09, 22:30:41, 9.54e-13, 6.61e-11
2022-11-09, 22:30:45, 8.15e-13, 6.58e-11
2022-11-09, 22:30:50, 8.64e-13, 6.55e-11
2022-11-09, 22:30:54, 8.79e-13, 6.53e-11
2022-11-09, 22:30:58, 8.67e-13, 6.54e-11
2022-11-09, 22:31:02, 8.66e-13, 6.56e-11
2022-11-09, 22:31:07, 8.53e-13, 6.54e-11
2022-11-09, 22:31:11, 9.33e-13, 6.57e-11
2022-11-09, 22:31:15, 8.71e-13, 6.56e-11
2022-11-09, 22:31:19, 8.6e-13, 6.54e-11
2022-11-09, 22:31:23, 9.36e-13, 6.52e-11
2022-11-09, 22:31:28, 9.26e-13, 6.5e-11
2022-11-09, 22:31:32, 9.36e-13, 6.58e-11
2022-11-09, 22:31:36, 9.12e-13, 6.53e-11
2022-11-09, 22:31:40, 8.52e-13, 6.56e-11
2022-11-09, 22:31:45, 8.26e-13, 6.52e-11
2022-11-09, 22:31:49, 8.41e-13, 6.53e-11
2022-11-09, 22:31:53, 8.81e-13, 6.54e-11
2022-11-09, 22:31:57, 8.92e-13, 6.52e-11
2022-11-09, 22:32:01, 8.74e-13, 6.58e-11
2022-11-09, 22:32:06, 8.85e-13, 6.59e-11
2022-11-09, 22:32:10, 9.4e-13, 6.55e-11
2022-11-09, 22:32:14, 9.06e-13, 6.57e-11
2022-11-09, 22:32:18, 9.1e-13, 6.58e-11
2022-11-09, 22:32:23, 8.63e-13, 6.55e-11
2022-11-09, 22:32:27, 9.12e-13, 6.55e-11
2022-11-09, 22:32:31, 8.42e-13, 6.52e-11
2022-11-09, 22:32:35, 8.56e-13, 6.54e-11
2022-11-09, 22:32:39, 8.6e-13, 6.55e-11
2022-11-09, 22:32:44, 9.44e-13, 6.53e-11
2022-11-09, 22:32:48, 8.91e-13, 6.58e-11
2022-11-09, 22:32:52, 9.66e-13, 6.57e-11
2022-11-09, 22:32:56, 8.47e-13, 6.55e-11
2022-11-09, 22:33:00, 8.31e-13, 6.52e-11
2022-11-09, 22:33:05, 8.92e-13, 6.59e-11
2022-11-09, 22:33:09, 9.22e-13, 6.52e-11
2022-11-09, 22:33:13, 9.76e-13, 6.52e-11
2022-11-09, 22:33:17, 8.02e-13, 6.52e-11
2022-11-09, 22:33:22, 9.22e-13, 6.54e-11
2022-11-09, 22:33:26, 8.74e-13, 6.55e-11
2022-11-09, 22:33:30, 8.59e-13, 6.52e-11
2022-11-09, 22:33:34, 8.54e-13, 6.55e-11
2022-11-09, 22:33:38, 8.8e-13, 6.6e-11
2022-11-09, 22:33:43, 8.61e-13, 6.58e-11
2022-11-09, 22:33:47, 8.98e-13, 6.58e-11
2022-11-09, 22:33:51, 8.76e-13, 6.56e-11
2022-11-09, 22:33:55, 9.04e-13, 6.6e-11
2022-11-09, 22:34:00, 9.55e-13, 6.57e-11
2022-11-09, 22:34:04, 9.47e-13, 6.59e-11
2022-11-09, 22:34:08, 7.36e-13, 6.57e-11
2022-11-09, 22:34:12, 8.45e-13, 6.57e-11
2022-11-09, 22:34:16, 9.28e-13, 6.54e-11
2022-11-09, 22:34:21, 9.73e-13, 6.58e-11
2022-11-09, 22:34:25, 7.65e-13, 6.58e-11
2022-11-09, 22:34:29, 8.75e-13, 6.58e-11
2022-11-09, 22:34:33, 8.65e-13, 6.58e-11
2022-11-09, 22:34:38, 8.59e-13, 6.53e-11
2022-11-09, 22:34:42, 8.79e-13, 6.54e-11
2022-11-09, 22:34:46, 9.36e-13, 6.54e-11
2022-11-09, 22:34:50, 8.94e-13, 6.55e-11
2022-11-09, 22:34:54, 9.3e-13, 6.56e-11
2022-11-09, 22:34:59, 8.81e-13, 6.51e-11
2022-11-09, 22:35:03, 8.65e-13, 6.56e-11
2022-11-09, 22:35:07, 8.89e-13, 6.56e-11
2022-11-09, 22:35:11, 8.78e-13, 6.56e-11
2022-11-09, 22:35:16, 7.82e-13, 6.57e-11
2022-11-09, 22:35:20, 8.76e-13, 6.53e-11
2022-11-09, 22:35:24, 9.5e-13, 6.55e-11
2022-11-09, 22:35:28, 8.81e-13, 6.52e-11
2022-11-09, 22:35:32, 8.95e-13, 6.52e-11
2022-11-09, 22:35:37, 8.71e-13, 6.51e-11
2022-11-09, 22:35:41, 8.72e-13, 6.54e-11
2022-11-09, 22:35:45, 9.05e-13, 6.57e-11
2022-11-09, 22:35:49, 8.29e-13, 6.58e-11
2022-11-09, 22:35:54, 8.54e-13, 6.54e-11
2022-11-09, 22:35:58, 9.63e-13, 6.57e-11
2022-11-09, 22:36:02, 8.84e-13, 6.61e-11
2022-11-09, 22:36:06, 8.46e-13, 6.57e-11
2022-11-09, 22:36:10, 8.83e-13, 6.53e-11
2022-11-09, 22:36:15, 7.49e-13, 6.54e-11
2022-11-09, 22:36:19, 8.6e-13, 6.54e-11
2022-11-09, 22:36:23, 8.44e-13, 6.59e-11
2022-11-09, 22:36:27, 9.05e-13, 6.59e-11
2022-11-09, 22:36:32, 8.85e-13, 6.56e-11
2022-11-09, 22:36:36, 8.81e-13, 6.5e-11
2022-11-09, 22:36:40, 9.33e-13, 6.54e-11
2022-11-09, 22:36:44, 8.37e-13, 6.59e-11
2022-11-09, 22:36:48, 8.46e-13, 6.59e-11
2022-11-09, 22:36:53, 8.88e-13, 6.53e-11
2022-11-09, 22:36:57, 1.02e-12, 6.53e-11
2022-11-09, 22:37:01, 8.06e-13, 6.54e-11
2022-11-09, 22:37:05, 8.89e-13, 6.55e-11
2022-11-09, 22:37:10, 9.15e-13, 6.53e-11
2022-11-09, 22:37:14, 8.73e-13, 6.55e-11
2022-11-09, 22:37:18, 9.19e-13, 6.53e-11
2022-11-09, 22:37:22, 9.04e-13, 6.51e-11
2022-11-09, 22:37:26, 8.53e-13, 6.57e-11
2022-11-09, 22:37:31, 8.55e-13, 6.57e-11
2022-11-09, 22:37:35, 8.62e-13, 6.6e-11
2022-11-09, 22:37:39, 8.64e-13, 6.58e-11
2022-11-09, 22:37:43, 8.57e-13, 6.56e-11
2022-11-09, 22:37:48, 9.24e-13, 6.57e-11
2022-11-09, 22:37:52, 8.76e-13, 6.56e-11
2022-11-09, 22:37:56, 9e-13, 6.61e-11
2022-11-09, 22:38:00, 9.13e-13, 6.58e-11
2022-11-09, 22:38:04, 9.17e-13, 6.56e-11
2022-11-09, 22:38:09, 9.4e-13, 6.56e-11
2022-11-09, 22:38:13, 9.06e-13, 6.57e-11
2022-11-09, 22:38:17, 8.68e-13, 6.57e-11
2022-11-09, 22:38:21, 8.76e-13, 6.65e-11
2022-11-09, 22:38:25, 8.78e-13, 6.59e-11
2022-11-09, 22:38:30, 8.88e-13, 6.57e-11
2022-11-09, 22:38:34, 1e-12, 6.55e-11
2022-11-09, 22:38:38, 8.44e-13, 6.61e-11
2022-11-09, 22:38:42, 8.52e-13, 6.58e-11
2022-11-09, 22:38:47, 8.75e-13, 6.58e-11
2022-11-09, 22:38:51, 8.92e-13, 6.53e-11
2022-11-09, 22:38:55, 8.72e-13, 6.53e-11
2022-11-09, 22:38:59, 8.2e-13, 6.54e-11
2022-11-09, 22:39:03, 8.97e-13, 6.53e-11
2022-11-09, 22:39:08, 9.01e-13, 6.57e-11
2022-11-09, 22:39:12, 8.72e-13, 6.57e-11
2022-11-09, 22:39:16, 8.93e-13, 6.55e-11
2022-11-09, 22:39:20, 8.72e-13, 6.6e-11
2022-11-09, 22:39:25, 8.78e-13, 6.6e-11
2022-11-09, 22:39:29, 8.41e-13, 6.53e-11
2022-11-09, 22:39:33, 9.08e-13, 6.57e-11
2022-11-09, 22:39:37, 8.15e-13, 6.55e-11
2022-11-09, 22:39:41, 8.97e-13, 6.54e-11
2022-11-09, 22:39:46, 8.4e-13, 6.57e-11
2022-11-09, 22:39:50, 8.92e-13, 6.58e-11
2022-11-09, 22:39:54, 8.71e-13, 6.57e-11
2022-11-09, 22:39:58, 9.13e-13, 6.58e-11
2022-11-09, 22:40:03, 8.72e-13, 6.6e-11
2022-11-09, 22:40:07, 9.21e-13, 6.57e-11
2022-11-09, 22:40:11, 9.13e-13, 6.59e-11
2022-11-09, 22:40:15, 9.03e-13, 6.56e-11
2022-11-09, 22:40:19, 7.64e-13, 6.54e-11
2022-11-09, 22:40:24, 9.18e-13, 6.56e-11
2022-11-09, 22:40:28, 8.6e-13, 6.54e-11
2022-11-09, 22:40:32, 8.62e-13, 6.61e-11
2022-11-09, 22:40:36, 8.2e-13, 6.53e-11
2022-11-09, 22:40:41, 9.22e-13, 6.57e-11
2022-11-09, 22:40:45, 8.82e-13, 6.56e-11
2022-11-09, 22:40:49, 8.76e-13, 6.55e-11
2022-11-09, 22:40:53, 9.02e-13, 6.56e-11
2022-11-09, 22:40:57, 9.08e-13, 6.58e-11
2022-11-09, 22:41:02, 8.79e-13, 6.58e-11
2022-11-09, 22:41:06, 9.38e-13, 6.54e-11
2022-11-09, 22:41:10, 8.58e-13, 6.54e-11
2022-11-09, 22:41:14, 8.93e-13, 6.59e-11
2022-11-09, 22:41:19, 9.06e-13, 6.59e-11
2022-11-09, 22:41:23, 8.82e-13, 6.59e-11
2022-11-09, 22:41:27, 8.5e-13, 6.57e-11
2022-11-09, 22:41:31, 8.97e-13, 6.55e-11
2022-11-09, 22:41:35, 8.88e-13, 6.58e-11
2022-11-09, 22:41:40, 9.75e-13, 6.59e-11
2022-11-09, 22:41:44, 8.51e-13, 6.58e-11
2022-11-09, 22:41:48, 8.86e-13, 6.59e-11
2022-11-09, 22:41:52, 8.91e-13, 6.56e-11
2022-11-09, 22:41:57, 8.79e-13, 6.59e-11
2022-11-09, 22:42:01, 8.79e-13, 6.48e-11
2022-11-09, 22:42:05, 8.24e-13, 6.55e-11
2022-11-09, 22:42:09, 9.73e-13, 6.57e-11
2022-11-09, 22:42:13, 9.2e-13, 6.57e-11
2022-11-09, 22:42:18, 8.71e-13, 6.58e-11
2022-11-09, 22:42:22, 8.79e-13, 6.56e-11
2022-11-09, 22:42:26, 8.48e-13, 6.6e-11
2022-11-09, 22:42:30, 9e-13, 6.55e-11
2022-11-09, 22:42:34, 8.05e-13, 6.54e-11
2022-11-09, 22:42:39, 8.25e-13, 6.57e-11
2022-11-09, 22:42:43, 8.75e-13, 6.57e-11
2022-11-09, 22:42:47, 9.39e-13, 6.57e-11
2022-11-09, 22:42:51, 8.44e-13, 6.55e-11
2022-11-09, 22:42:56, 9.55e-13, 6.56e-11
2022-11-09, 22:43:00, 9.65e-13, 6.6e-11
2022-11-09, 22:43:04, 9.04e-13, 6.53e-11
2022-11-09, 22:43:08, 9.25e-13, 6.55e-11
2022-11-09, 22:43:12, 8.5e-13, 6.54e-11
2022-11-09, 22:43:17, 9.05e-13, 6.57e-11
2022-11-09, 22:43:21, 8.44e-13, 6.51e-11
2022-11-09, 22:43:25, 8.97e-13, 6.5e-11
2022-11-09, 22:43:29, 8.64e-13, 6.57e-11
2022-11-09, 22:43:34, 8.05e-13, 6.55e-11
2022-11-09, 22:43:38, 9.71e-13, 6.59e-11
2022-11-09, 22:43:42, 8.83e-13, 6.55e-11
2022-11-09, 22:43:46, 8.4e-13, 6.54e-11
2022-11-09, 22:43:50, 8.76e-13, 6.54e-11
2022-11-09, 22:43:55, 9.04e-13, 6.57e-11
2022-11-09, 22:43:59, 9.27e-13, 6.52e-11
2022-11-09, 22:44:03, 8.87e-13, 6.55e-11
2022-11-09, 22:44:07, 9.13e-13, 6.5e-11
2022-11-09, 22:44:12, 8.15e-13, 6.53e-11
2022-11-09, 22:44:16, 8.92e-13, 6.56e-11
2022-11-09, 22:44:20, 8.6e-13, 6.58e-11
2022-11-09, 22:44:24, 8.7e-13, 6.59e-11
2022-11-09, 22:44:28, 9.09e-13, 6.56e-11
2022-11-09, 22:44:33, 8.53e-13, 6.53e-11
2022-11-09, 22:44:37, 9.29e-13, 6.56e-11
2022-11-09, 22:44:41, 9.29e-13, 6.99e-11
2022-11-09, 22:44:45, 8.31e-13, 6.59e-11
2022-11-09, 22:44:50, 8.61e-13, 6.52e-11
2022-11-09, 22:44:54, 8.82e-13, 6.51e-11
2022-11-09, 22:44:58, 9.9e-13, 6.55e-11
2022-11-09, 22:45:02, 8.76e-13, 6.51e-11
2022-11-09, 22:45:06, 1.01e-12, 6.54e-11
2022-11-09, 22:45:11, 8.69e-13, 6.56e-11
2022-11-09, 22:45:15, 8.91e-13, 6.54e-11
2022-11-09, 22:45:19, 9.15e-13, 6.57e-11
2022-11-09, 22:45:23, 9.26e-13, 6.53e-11
2022-11-09, 22:45:28, 7.63e-13, 6.55e-11
2022-11-09, 22:45:32, 9.57e-13, 6.6e-11
2022-11-09, 22:45:36, 8.14e-13, 6.61e-11
2022-11-09, 22:45:40, 8.32e-13, 6.53e-11
2022-11-09, 22:45:44, 9.31e-13, 6.56e-11
2022-11-09, 22:45:49, 9.27e-13, 6.53e-11
2022-11-09, 22:45:53, 8.86e-13, 6.5e-11
2022-11-09, 22:45:57, 9.43e-13, 6.51e-11
2022-11-09, 22:46:01, 8.91e-13, 6.5e-11
2022-11-09, 22:46:06, 9.2e-13, 6.5e-11
2022-11-09, 22:46:10, 9.14e-13, 6.52e-11
2022-11-09, 22:46:14, 8.96e-13, 6.53e-11
2022-11-09, 22:46:18, 9e-13, 6.63e-11
2022-11-09, 22:46:22, 9.58e-13, 6.56e-11
2022-11-09, 22:46:27, 9.06e-13, 6.53e-11
2022-11-09, 22:46:31, 9.43e-13, 6.55e-11
2022-11-09, 22:46:35, 9.01e-13, 6.52e-11
2022-11-09, 22:46:39, 8.73e-13, 6.51e-11
2022-11-09, 22:46:43, 7.06e-13, 6.53e-11
2022-11-09, 22:46:48, 1.05e-12, 6.49e-11
2022-11-09, 22:46:52, 8.99e-13, 6.5e-11
2022-11-09, 22:46:56, 8.83e-13, 6.51e-11
2022-11-09, 22:47:00, 8.3e-13, 6.56e-11
2022-11-09, 22:47:05, 8.86e-13, 6.6e-11
2022-11-09, 22:47:09, 9.09e-13, 6.5e-11
2022-11-09, 22:47:13, 8.95e-13, 6.54e-11
2022-11-09, 22:47:17, 8.73e-13, 6.52e-11
2022-11-09, 22:47:21, 8.78e-13, 6.53e-11
2022-11-09, 22:47:26, 8.13e-13, 6.55e-11
2022-11-09, 22:47:30, 8.68e-13, 6.53e-11
2022-11-09, 22:47:34, 8.28e-13, 6.53e-11
2022-11-09, 22:47:38, 1.04e-12, 6.52e-11
2022-11-09, 22:47:43, 9.36e-13, 6.53e-11
2022-11-09, 22:47:47, 8.75e-13, 6.53e-11
2022-11-09, 22:47:51, 8.58e-13, 6.52e-11
2022-11-09, 22:47:55, 9.03e-13, 6.51e-11
2022-11-09, 22:47:59, 8.95e-13, 6.53e-11
2022-11-09, 22:48:04, 9.16e-13, 6.51e-11
2022-11-09, 22:48:08, 8.85e-13, 6.51e-11
2022-11-09, 22:48:12, 8.86e-13, 6.52e-11
2022-11-09, 22:48:16, 8.75e-13, 6.51e-11
2022-11-09, 22:48:21, 9.13e-13, 6.57e-11
2022-11-09, 22:48:25, 9.38e-13, 6.51e-11
2022-11-09, 22:48:29, 8.9e-13, 6.52e-11
2022-11-09, 22:48:33, 9.41e-13, 6.52e-11
2022-11-09, 22:48:37, 8.74e-13, 6.61e-11
2022-11-09, 22:48:42, 8.91e-13, 6.51e-11
2022-11-09, 22:48:46, 8.14e-13, 6.51e-11
2022-11-09, 22:48:50, 7.57e-13, 6.5e-11
2022-11-09, 22:48:54, 8.66e-13, 6.52e-11
2022-11-09, 22:48:59, 9.66e-13, 6.6e-11
2022-11-09, 22:49:03, 8.47e-13, 6.52e-11
2022-11-09, 22:49:07, 8.19e-13, 6.62e-11
2022-11-09, 22:49:11, 8.68e-13, 6.52e-11
2022-11-09, 22:49:15, 8.81e-13, 6.49e-11
2022-11-09, 22:49:20, 1.01e-12, 6.53e-11
2022-11-09, 22:49:24, 8.15e-13, 6.56e-11
2022-11-09, 22:49:28, 8.69e-13, 6.67e-11
2022-11-09, 22:49:32, 8.6e-13, 6.55e-11
2022-11-09, 22:49:37, 8.87e-13, 6.6e-11
2022-11-09, 22:49:41, 8.69e-13, 6.58e-11
2022-11-09, 22:49:45, 9.22e-13, 6.57e-11
2022-11-09, 22:49:49, 8.38e-13, 6.51e-11
2022-11-09, 22:49:53, 9.79e-13, 6.52e-11
2022-11-09, 22:49:58, 9.98e-13, 6.52e-11
2022-11-09, 22:50:02, 9.15e-13, 6.55e-11
2022-11-09, 22:50:06, 8.64e-13, 6.65e-11
2022-11-09, 22:50:10, 8.7e-13, 6.53e-11
2022-11-09, 22:50:15, 8.58e-13, 6.51e-11
2022-11-09, 22:50:19, 8.8e-13, 6.53e-11
2022-11-09, 22:50:23, 9.11e-13, 6.57e-11
2022-11-09, 22:50:27, 8.73e-13, 6.55e-11
2022-11-09, 22:50:31, 8.98e-13, 6.55e-11
2022-11-09, 22:50:36, 8.6e-13, 6.69e-11
2022-11-09, 22:50:40, 9.41e-13, 6.57e-11
2022-11-09, 22:50:44, 9.08e-13, 6.54e-11
2022-11-09, 22:50:48, 7.8e-13, 6.55e-11
2022-11-09, 22:50:52, 8.64e-13, 6.54e-11
2022-11-09, 22:50:57, 8.9e-13, 6.56e-11
2022-11-09, 22:51:01, 8.47e-13, 6.53e-11
2022-11-09, 22:51:05, 8.54e-13, 6.54e-11
2022-11-09, 22:51:09, 8.56e-13, 6.53e-11
2022-11-09, 22:51:14, 8.43e-13, 6.59e-11
2022-11-09, 22:51:18, 9.57e-13, 6.5e-11
2022-11-09, 22:51:22, 8.83e-13, 6.5e-11
2022-11-09, 22:51:26, 8.63e-13, 6.54e-11
2022-11-09, 22:51:30, 9.12e-13, 6.52e-11
2022-11-09, 22:51:35, 8.83e-13, 6.49e-11
2022-11-09, 22:51:39, 8.62e-13, 6.56e-11
2022-11-09, 22:51:43, 8.5e-13, 6.53e-11
2022-11-09, 22:51:47, 8.1e-13, 6.54e-11
2022-11-09, 22:51:52, 8.38e-13, 6.56e-11
2022-11-09, 22:51:56, 8.75e-13, 6.57e-11
2022-11-09, 22:52:00, 8.78e-13, 6.56e-11
2022-11-09, 22:52:04, 9.5e-13, 6.56e-11
2022-11-09, 22:52:08, 9.44e-13, 6.54e-11
2022-11-09, 22:52:13, 9.04e-13, 6.56e-11
2022-11-09, 22:52:17, 8.89e-13, 6.57e-11
2022-11-09, 22:52:21, 8.92e-13, 6.58e-11
2022-11-09, 22:52:25, 8.75e-13, 6.55e-11
2022-11-09, 22:52:30, 8.76e-13, 6.57e-11
2022-11-09, 22:52:34, 1.06e-12, 6.59e-11
2022-11-09, 22:52:38, 8.91e-13, 6.54e-11
2022-11-09, 22:52:42, 8.76e-13, 6.56e-11
2022-11-09, 22:52:46, 9.72e-13, 6.49e-11
2022-11-09, 22:52:51, 8.56e-13, 6.52e-11
2022-11-09, 22:52:55, 9.16e-13, 6.57e-11
2022-11-09, 22:52:59, 9.24e-13, 6.53e-11
2022-11-09, 22:53:03, 9.05e-13, 6.56e-11
2022-11-09, 22:53:08, 8.91e-13, 6.54e-11
2022-11-09, 22:53:12, 9.02e-13, 6.53e-11
2022-11-09, 22:53:16, 9.05e-13, 6.61e-11
2022-11-09, 22:53:20, 7.81e-13, 6.56e-11
2022-11-09, 22:53:24, 8.65e-13, 6.55e-11
2022-11-09, 22:53:29, 8.96e-13, 6.52e-11
2022-11-09, 22:53:33, 8.95e-13, 6.51e-11
2022-11-09, 22:53:37, 9.3e-13, 6.57e-11
2022-11-09, 22:53:41, 8.72e-13, 6.52e-11
2022-11-09, 22:53:46, 8.02e-13, 6.54e-11
2022-11-09, 22:53:50, 8.9e-13, 6.54e-11
2022-11-09, 22:53:54, 9.19e-13, 6.52e-11
2022-11-09, 22:53:58, 9.35e-13, 6.65e-11
2022-11-09, 22:54:02, 8.53e-13, 6.53e-11
2022-11-09, 22:54:07, 8.89e-13, 6.51e-11
2022-11-09, 22:54:11, 8.86e-13, 6.61e-11
2022-11-09, 22:54:15, 9.35e-13, 6.52e-11
2022-11-09, 22:54:19, 8.44e-13, 6.58e-11
2022-11-09, 22:54:24, 8.45e-13, 6.53e-11
2022-11-09, 22:54:28, 9.25e-13, 6.55e-11
2022-11-09, 22:54:32, 8.88e-13, 6.58e-11
2022-11-09, 22:54:36, 7.75e-13, 6.58e-11
2022-11-09, 22:54:40, 8.4e-13, 6.53e-11
2022-11-09, 22:54:45, 8.44e-13, 6.53e-11
2022-11-09, 22:54:49, 8.84e-13, 6.47e-11
2022-11-09, 22:54:53, 8.65e-13, 6.47e-11
2022-11-09, 22:54:57, 9.03e-13, 6.49e-11
2022-11-09, 22:55:01, 8.41e-13, 6.52e-11
2022-11-09, 22:55:06, 8.45e-13, 6.55e-11
2022-11-09, 22:55:10, 8.74e-13, 6.5e-11
2022-11-09, 22:55:14, 9.25e-13, 6.63e-11
2022-11-09, 22:55:18, 9.07e-13, 6.55e-11
2022-11-09, 22:55:23, 9.22e-13, 6.6e-11
2022-11-09, 22:55:27, 8.37e-13, 6.56e-11
2022-11-09, 22:55:31, 9.16e-13, 6.53e-11
2022-11-09, 22:55:35, 9.08e-13, 6.55e-11
2022-11-09, 22:55:39, 9.26e-13, 6.58e-11
2022-11-09, 22:55:44, 9.15e-13, 6.51e-11
2022-11-09, 22:55:48, 8.74e-13, 6.55e-11
2022-11-09, 22:55:52, 8.58e-13, 6.53e-11
2022-11-09, 22:55:56, 8.27e-13, 6.58e-11
2022-11-09, 22:56:01, 9.37e-13, 6.59e-11
2022-11-09, 22:56:05, 8.81e-13, 6.5e-11
2022-11-09, 22:56:09, 8.4e-13, 6.48e-11
2022-11-09, 22:56:13, 7.65e-13, 6.55e-11
2022-11-09, 22:56:17, 8.22e-13, 6.54e-11
2022-11-09, 22:56:22, 9.09e-13, 6.52e-11
2022-11-09, 22:56:26, 8.6e-13, 6.54e-11
2022-11-09, 22:56:30, 9.32e-13, 6.55e-11
2022-11-09, 22:56:34, 9e-13, 6.61e-11
2022-11-09, 22:56:39, 8.55e-13, 6.58e-11
2022-11-09, 22:56:43, 8.23e-13, 6.55e-11
2022-11-09, 22:56:47, 8.98e-13, 6.55e-11
2022-11-09, 22:56:51, 8.56e-13, 6.53e-11
2022-11-09, 22:56:55, 8.61e-13, 6.55e-11
2022-11-09, 22:57:00, 8.82e-13, 6.54e-11
2022-11-09, 22:57:04, 8.78e-13, 6.51e-11
2022-11-09, 22:57:08, 8.74e-13, 6.54e-11
2022-11-09, 22:57:12, 8.96e-13, 6.57e-11
2022-11-09, 22:57:17, 8.62e-13, 6.57e-11
2022-11-09, 22:57:21, 1.03e-12, 6.52e-11
2022-11-09, 22:57:25, 8.28e-13, 6.61e-11
2022-11-09, 22:57:29, 8.54e-13, 6.53e-11
2022-11-09, 22:57:33, 8.85e-13, 6.59e-11
2022-11-09, 22:57:38, 8.68e-13, 6.56e-11
2022-11-09, 22:57:42, 8.67e-13, 6.56e-11
2022-11-09, 22:57:46, 9.14e-13, 6.55e-11
2022-11-09, 22:57:50, 8.48e-13, 6.52e-11
2022-11-09, 22:57:55, 9.43e-13, 6.46e-11
2022-11-09, 22:57:59, 9.51e-13, 6.45e-11
2022-11-09, 22:58:03, 1.04e-12, 6.47e-11
2022-11-09, 22:58:07, 8.67e-13, 6.54e-11
2022-11-09, 22:58:11, 8.88e-13, 6.58e-11
2022-11-09, 22:58:16, 9.56e-13, 6.52e-11
2022-11-09, 22:58:20, 9.35e-13, 6.52e-11
2022-11-09, 22:58:24, 9.01e-13, 6.54e-11
2022-11-09, 22:58:28, 8.48e-13, 6.54e-11
2022-11-09, 22:58:32, 7.83e-13, 6.56e-11
2022-11-09, 22:58:37, 7.7e-13, 6.53e-11
2022-11-09, 22:58:41, 8.61e-13, 6.43e-11
2022-11-09, 22:58:45, 8.9e-13, 6.56e-11
2022-11-09, 22:58:49, 8.77e-13, 6.51e-11
2022-11-09, 22:58:54, 8.39e-13, 6.52e-11
2022-11-09, 22:58:58, 8.71e-13, 6.54e-11
2022-11-09, 22:59:02, 8.79e-13, 6.59e-11
2022-11-09, 22:59:06, 8.18e-13, 6.52e-11
2022-11-09, 22:59:10, 9.62e-13, 6.53e-11
2022-11-09, 22:59:15, 8.71e-13, 6.5e-11
2022-11-09, 22:59:19, 8.79e-13, 6.55e-11
2022-11-09, 22:59:23, 8.84e-13, 6.58e-11
2022-11-09, 22:59:27, 8.75e-13, 6.55e-11
2022-11-09, 22:59:32, 8.73e-13, 6.54e-11
2022-11-09, 22:59:36, 8.19e-13, 6.58e-11
2022-11-09, 22:59:40, 9.49e-13, 6.58e-11
2022-11-09, 22:59:44, 9.64e-13, 6.62e-11
2022-11-09, 22:59:48, 8.6e-13, 6.55e-11
2022-11-09, 22:59:53, 8.02e-13, 6.57e-11
2022-11-09, 22:59:57, 8.44e-13, 6.53e-11
2022-11-09, 23:00:01, 8.94e-13, 6.51e-11
2022-11-09, 23:00:05, 8.26e-13, 6.59e-11
2022-11-09, 23:00:10, 8.76e-13, 6.57e-11
2022-11-09, 23:00:14, 8.25e-13, 6.56e-11
2022-11-09, 23:00:18, 8.93e-13, 6.6e-11
2022-11-09, 23:00:22, 8.7e-13, 6.54e-11
2022-11-09, 23:00:26, 9.13e-13, 6.52e-11
2022-11-09, 23:00:31, 8.59e-13, 6.48e-11
2022-11-09, 23:00:35, 8.74e-13, 6.47e-11
2022-11-09, 23:00:39, 8.59e-13, 6.54e-11
2022-11-09, 23:00:43, 8.26e-13, 6.49e-11
2022-11-09, 23:00:48, 8.69e-13, 6.55e-11
2022-11-09, 23:00:52, 9.04e-13, 6.5e-11
2022-11-09, 23:00:56, 9e-13, 6.54e-11
2022-11-09, 23:01:00, 8.3e-13, 6.52e-11
2022-11-09, 23:01:04, 8.33e-13, 6.52e-11
2022-11-09, 23:01:09, 8.74e-13, 6.49e-11
2022-11-09, 23:01:13, 8.83e-13, 6.53e-11
2022-11-09, 23:01:17, 7.75e-13, 6.52e-11
2022-11-09, 23:01:21, 8.54e-13, 6.5e-11
2022-11-09, 23:01:26, 8.7e-13, 6.49e-11
2022-11-09, 23:01:30, 9.01e-13, 6.53e-11
2022-11-09, 23:01:34, 8.25e-13, 6.56e-11
2022-11-09, 23:01:38, 8.48e-13, 6.52e-11
2022-11-09, 23:01:42, 8.78e-13, 6.6e-11
2022-11-09, 23:01:47, 9.01e-13, 6.57e-11
2022-11-09, 23:01:51, 7.96e-13, 6.59e-11
2022-11-09, 23:01:55, 9.53e-13, 6.52e-11
2022-11-09, 23:01:59, 8.8e-13, 6.53e-11
2022-11-09, 23:02:04, 8.5e-13, 7.1e-11
2022-11-09, 23:02:08, 9.43e-13, 6.91e-11
2022-11-09, 23:02:12, 8.72e-13, 6.5e-11
2022-11-09, 23:02:16, 8.68e-13, 6.54e-11
2022-11-09, 23:02:20, 8.96e-13, 6.52e-11
2022-11-09, 23:02:25, 8.43e-13, 6.5e-11
2022-11-09, 23:02:29, 9.21e-13, 6.52e-11
2022-11-09, 23:02:33, 8e-13, 6.48e-11
2022-11-09, 23:02:37, 8.56e-13, 6.48e-11
2022-11-09, 23:02:41, 8.94e-13, 6.54e-11
2022-11-09, 23:02:46, 9.12e-13, 6.49e-11
2022-11-09, 23:02:50, 8.88e-13, 6.49e-11
2022-11-09, 23:02:54, 9.32e-13, 6.53e-11
2022-11-09, 23:02:58, 9.24e-13, 6.47e-11
2022-11-09, 23:03:03, 1.03e-12, 6.53e-11
2022-11-09, 23:03:07, 9.7e-13, 6.55e-11
2022-11-09, 23:03:11, 8.65e-13, 6.56e-11
2022-11-09, 23:03:15, 9.37e-13, 6.55e-11
2022-11-09, 23:03:19, 8.05e-13, 6.51e-11
2022-11-09, 23:03:24, 8.59e-13, 6.52e-11
2022-11-09, 23:03:28, 1.02e-12, 6.51e-11
2022-11-09, 23:03:32, 8.89e-13, 6.55e-11
2022-11-09, 23:03:36, 8.93e-13, 6.5e-11
2022-11-09, 23:03:41, 8.46e-13, 6.53e-11
2022-11-09, 23:03:45, 8.46e-13, 6.49e-11
2022-11-09, 23:03:49, 8.82e-13, 6.52e-11
2022-11-09, 23:03:53, 8.63e-13, 6.53e-11
2022-11-09, 23:03:57, 8.81e-13, 6.52e-11
2022-11-09, 23:04:02, 8.04e-13, 6.53e-11
2022-11-09, 23:04:06, 1.01e-12, 6.52e-11
2022-11-09, 23:04:10, 8.93e-13, 6.49e-11
2022-11-09, 23:04:14, 9.36e-13, 6.51e-11
2022-11-09, 23:04:19, 8.33e-13, 6.53e-11
2022-11-09, 23:04:23, 1.06e-12, 6.49e-11
2022-11-09, 23:04:27, 8.94e-13, 6.49e-11
2022-11-09, 23:04:31, 9.2e-13, 6.51e-11
2022-11-09, 23:04:35, 9.19e-13, 6.51e-11
2022-11-09, 23:04:40, 9.34e-13, 6.52e-11
2022-11-09, 23:04:44, 8.14e-13, 6.54e-11
2022-11-09, 23:04:48, 8.21e-13, 6.51e-11
2022-11-09, 23:04:52, 8.89e-13, 6.52e-11
2022-11-09, 23:04:57, 8.25e-13, 6.5e-11
2022-11-09, 23:05:01, 8.49e-13, 6.5e-11
2022-11-09, 23:05:05, 8.68e-13, 6.49e-11
2022-11-09, 23:05:09, 8.62e-13, 6.52e-11
2022-11-09, 23:05:13, 8.41e-13, 6.49e-11
2022-11-09, 23:05:18, 8.85e-13, 6.51e-11
2022-11-09, 23:05:22, 8.21e-13, 6.51e-11
2022-11-09, 23:05:26, 9.49e-13, 6.51e-11
2022-11-09, 23:05:30, 8.06e-13, 6.51e-11
2022-11-09, 23:05:35, 8.98e-13, 6.52e-11
2022-11-09, 23:05:39, 8.92e-13, 6.55e-11
2022-11-09, 23:05:43, 8.77e-13, 6.52e-11
2022-11-09, 23:05:47, 8.82e-13, 6.55e-11
2022-11-09, 23:05:51, 8.53e-13, 6.54e-11
2022-11-09, 23:05:56, 9.2e-13, 6.56e-11
2022-11-09, 23:06:00, 8.49e-13, 6.56e-11
2022-11-09, 23:06:04, 8.43e-13, 6.53e-11
2022-11-09, 23:06:08, 8.74e-13, 6.5e-11
2022-11-09, 23:06:13, 9.04e-13, 6.51e-11
2022-11-09, 23:06:17, 8.63e-13, 6.51e-11
2022-11-09, 23:06:21, 8.73e-13, 6.52e-11
2022-11-09, 23:06:25, 8.96e-13, 6.51e-11
2022-11-09, 23:06:29, 8.79e-13, 6.52e-11
2022-11-09, 23:06:34, 8.89e-13, 6.51e-11
2022-11-09, 23:06:38, 9e-13, 6.63e-11
2022-11-09, 23:06:42, 8.87e-13, 6.63e-11
2022-11-09, 23:06:46, 8.76e-13, 6.61e-11
2022-11-09, 23:06:51, 8.33e-13, 6.51e-11
2022-11-09, 23:06:55, 7.97e-13, 6.49e-11
2022-11-09, 23:06:59, 8.9e-13, 6.55e-11
2022-11-09, 23:07:03, 9.09e-13, 6.52e-11
2022-11-09, 23:07:07, 9.16e-13, 6.54e-11
2022-11-09, 23:07:12, 8.65e-13, 6.56e-11
2022-11-09, 23:07:16, 8.98e-13, 6.56e-11
2022-11-09, 23:07:20, 8.46e-13, 6.55e-11
2022-11-09, 23:07:24, 8.6e-13, 6.48e-11
2022-11-09, 23:07:28, 8.43e-13, 6.52e-11
2022-11-09, 23:07:33, 8.53e-13, 6.51e-11
2022-11-09, 23:07:37, 9.43e-13, 6.51e-11
2022-11-09, 23:07:41, 7.33e-13, 6.5e-11
2022-11-09, 23:07:45, 8.98e-13, 6.49e-11
2022-11-09, 23:07:50, 8.67e-13, 6.49e-11
2022-11-09, 23:07:54, 8.55e-13, 6.51e-11
2022-11-09, 23:07:58, 8.83e-13, 6.5e-11
2022-11-09, 23:08:02, 8.97e-13, 6.54e-11
2022-11-09, 23:08:06, 1e-12, 6.54e-11
2022-11-09, 23:08:11, 8.02e-13, 6.58e-11
2022-11-09, 23:08:15, 7.79e-13, 6.58e-11
2022-11-09, 23:08:19, 8.84e-13, 6.52e-11
2022-11-09, 23:08:23, 8.91e-13, 6.52e-11
2022-11-09, 23:08:28, 9.19e-13, 6.68e-11
2022-11-09, 23:08:32, 8.77e-13, 6.53e-11
2022-11-09, 23:08:36, 8.73e-13, 6.52e-11
2022-11-09, 23:08:40, 8.58e-13, 6.52e-11
2022-11-09, 23:08:44, 8.2e-13, 6.52e-11
2022-11-09, 23:08:49, 9.42e-13, 6.54e-11
2022-11-09, 23:08:53, 8.93e-13, 6.54e-11
2022-11-09, 23:08:57, 8.73e-13, 6.5e-11
2022-11-09, 23:09:01, 8.78e-13, 6.5e-11
2022-11-09, 23:09:06, 8.78e-13, 6.5e-11
2022-11-09, 23:09:10, 9.2e-13, 6.57e-11
2022-11-09, 23:09:14, 9.02e-13, 6.58e-11
2022-11-09, 23:09:18, 9.2e-13, 6.57e-11
2022-11-09, 23:09:22, 8.95e-13, 6.54e-11
2022-11-09, 23:09:27, 9.23e-13, 6.52e-11
2022-11-09, 23:09:31, 9.26e-13, 6.56e-11
2022-11-09, 23:09:35, 8.03e-13, 6.56e-11
2022-11-09, 23:09:39, 9.42e-13, 6.55e-11
2022-11-09, 23:09:44, 8.8e-13, 6.55e-11
2022-11-09, 23:09:48, 8.79e-13, 6.5e-11
2022-11-09, 23:09:52, 8.67e-13, 6.58e-11
2022-11-09, 23:09:56, 8.95e-13, 6.52e-11
2022-11-09, 23:10:00, 9.88e-13, 6.55e-11
2022-11-09, 23:10:05, 8.92e-13, 6.6e-11
2022-11-09, 23:10:09, 8.07e-13, 6.52e-11
2022-11-09, 23:10:13, 1.01e-12, 6.54e-11
2022-11-09, 23:10:17, 8.77e-13, 6.54e-11
2022-11-09, 23:10:22, 7.9e-13, 6.53e-11
2022-11-09, 23:10:26, 9.16e-13, 6.54e-11
2022-11-09, 23:10:30, 9.54e-13, 6.54e-11
2022-11-09, 23:10:34, 9.3e-13, 6.54e-11
2022-11-09, 23:10:38, 9.75e-13, 6.55e-11
2022-11-09, 23:10:43, 1.02e-12, 6.5e-11
2022-11-09, 23:10:47, 9.46e-13, 6.51e-11
2022-11-09, 23:10:51, 9.07e-13, 6.48e-11
2022-11-09, 23:10:55, 8.41e-13, 6.54e-11
2022-11-09, 23:10:59, 8.64e-13, 6.52e-11
2022-11-09, 23:11:04, 8.91e-13, 6.53e-11
2022-11-09, 23:11:08, 8.64e-13, 6.51e-11
2022-11-09, 23:11:12, 8.95e-13, 6.52e-11
2022-11-09, 23:11:16, 9.13e-13, 6.51e-11
2022-11-09, 23:11:21, 9.2e-13, 6.56e-11
2022-11-09, 23:11:25, 8.93e-13, 6.54e-11
2022-11-09, 23:11:29, 8.17e-13, 6.57e-11
2022-11-09, 23:11:33, 8.23e-13, 6.52e-11
2022-11-09, 23:11:37, 9.3e-13, 6.5e-11
2022-11-09, 23:11:42, 8.68e-13, 6.59e-11
2022-11-09, 23:11:46, 9.5e-13, 6.51e-11
2022-11-09, 23:11:50, 9.5e-13, 6.58e-11
2022-11-09, 23:11:54, 8.57e-13, 6.53e-11
2022-11-09, 23:11:59, 9.03e-13, 6.57e-11
2022-11-09, 23:12:03, 8.68e-13, 6.53e-11
2022-11-09, 23:12:07, 8.9e-13, 6.57e-11
2022-11-09, 23:12:11, 9.21e-13, 6.56e-11
2022-11-09, 23:12:15, 1.02e-12, 6.56e-11
2022-11-09, 23:12:20, 7.44e-13, 6.57e-11
2022-11-09, 23:12:24, 8.8e-13, 6.56e-11
2022-11-09, 23:12:28, 8.9e-13, 6.56e-11
2022-11-09, 23:12:32, 8.75e-13, 6.52e-11
2022-11-09, 23:12:37, 8.54e-13, 6.55e-11
2022-11-09, 23:12:41, 9.2e-13, 6.54e-11
2022-11-09, 23:12:45, 9.08e-13, 6.54e-11
2022-11-09, 23:12:49, 9.03e-13, 6.6e-11
2022-11-09, 23:12:53, 8.44e-13, 6.53e-11
2022-11-09, 23:12:58, 9.04e-13, 6.56e-11
2022-11-09, 23:13:02, 7.52e-13, 6.55e-11
2022-11-09, 23:13:06, 9.55e-13, 6.66e-11
2022-11-09, 23:13:10, 8.79e-13, 6.57e-11
2022-11-09, 23:13:15, 8.65e-13, 6.56e-11
2022-11-09, 23:13:19, 9.48e-13, 6.61e-11
2022-11-09, 23:13:23, 8.51e-13, 6.53e-11
2022-11-09, 23:13:27, 8.59e-13, 6.57e-11
2022-11-09, 23:13:31, 8.92e-13, 6.56e-11
2022-11-09, 23:13:36, 8.62e-13, 6.53e-11
2022-11-09, 23:13:40, 9.03e-13, 6.62e-11
2022-11-09, 23:13:44, 8.41e-13, 6.61e-11
2022-11-09, 23:13:48, 9.24e-13, 6.53e-11
2022-11-09, 23:13:53, 8.53e-13, 6.54e-11
2022-11-09, 23:13:57, 8.58e-13, 6.6e-11
2022-11-09, 23:14:01, 1.13e-12, 6.59e-11
2022-11-09, 23:14:05, 8.25e-13, 6.54e-11
2022-11-09, 23:14:09, 8.86e-13, 6.55e-11
2022-11-09, 23:14:14, 8.32e-13, 6.53e-11
2022-11-09, 23:14:18, 9.05e-13, 6.53e-11
2022-11-09, 23:14:22, 8.76e-13, 6.53e-11
2022-11-09, 23:14:26, 8.7e-13, 6.52e-11
2022-11-09, 23:14:30, 9.36e-13, 6.58e-11
2022-11-09, 23:14:35, 9.5e-13, 6.57e-11
2022-11-09, 23:14:39, 8.93e-13, 6.57e-11
2022-11-09, 23:14:43, 8.75e-13, 6.52e-11
2022-11-09, 23:14:47, 9.09e-13, 6.58e-11
2022-11-09, 23:14:52, 8.9e-13, 6.57e-11
2022-11-09, 23:14:56, 8.82e-13, 6.53e-11
2022-11-09, 23:15:00, 9.39e-13, 6.51e-11
2022-11-09, 23:15:04, 8.77e-13, 6.52e-11
2022-11-09, 23:15:08, 8.55e-13, 6.53e-11
2022-11-09, 23:15:13, 7.92e-13, 6.54e-11
2022-11-09, 23:15:17, 1.09e-12, 6.52e-11
2022-11-09, 23:15:21, 7.99e-13, 6.57e-11
2022-11-09, 23:15:25, 8.57e-13, 6.65e-11
2022-11-09, 23:15:30, 9.16e-13, 6.54e-11
2022-11-09, 23:15:34, 9.15e-13, 6.54e-11
2022-11-09, 23:15:38, 8.85e-13, 6.56e-11
2022-11-09, 23:15:42, 9.1e-13, 6.56e-11
2022-11-09, 23:15:46, 9.63e-13, 6.6e-11
2022-11-09, 23:15:51, 8.22e-13, 6.56e-11
2022-11-09, 23:15:55, 9.46e-13, 6.61e-11
2022-11-09, 23:15:59, 9.37e-13, 6.54e-11
2022-11-09, 23:16:03, 8.79e-13, 6.54e-11
2022-11-09, 23:16:08, 8.79e-13, 6.58e-11
2022-11-09, 23:16:12, 9.38e-13, 6.64e-11
2022-11-09, 23:16:16, 9.21e-13, 6.53e-11
2022-11-09, 23:16:20, 8.35e-13, 6.49e-11
2022-11-09, 23:16:24, 8.78e-13, 6.53e-11
2022-11-09, 23:16:29, 8.38e-13, 6.54e-11
2022-11-09, 23:16:33, 8.74e-13, 6.58e-11
2022-11-09, 23:16:37, 8.92e-13, 6.55e-11
2022-11-09, 23:16:41, 9.04e-13, 6.55e-11
2022-11-09, 23:16:46, 8.7e-13, 6.58e-11
2022-11-09, 23:16:50, 8.75e-13, 6.7e-11
2022-11-09, 23:16:54, 7.87e-13, 6.59e-11
2022-11-09, 23:16:58, 9.07e-13, 6.58e-11
2022-11-09, 23:17:02, 9.35e-13, 6.56e-11
2022-11-09, 23:17:07, 8.16e-13, 6.55e-11
2022-11-09, 23:17:11, 8.24e-13, 6.59e-11
2022-11-09, 23:17:15, 9.55e-13, 8.32e-11
2022-11-09, 23:17:19, 8.87e-13, 6.73e-11
2022-11-09, 23:17:24, 8.95e-13, 6.67e-11
2022-11-09, 23:17:28, 9.88e-13, 6.63e-11
2022-11-09, 23:17:32, 8.57e-13, 6.62e-11
2022-11-09, 23:17:36, 9.72e-13, 6.6e-11
2022-11-09, 23:17:40, 8.99e-13, 6.63e-11
2022-11-09, 23:17:45, 9.23e-13, 6.62e-11
2022-11-09, 23:17:49, 8.51e-13, 6.61e-11
2022-11-09, 23:17:53, 9e-13, 6.59e-11
2022-11-09, 23:17:57, 8.56e-13, 6.62e-11
2022-11-09, 23:18:02, 8.08e-13, 6.6e-11
2022-11-09, 23:18:06, 8.57e-13, 6.66e-11
2022-11-09, 23:18:10, 8.97e-13, 6.6e-11
2022-11-09, 23:18:14, 7.96e-13, 6.57e-11
2022-11-09, 23:18:18, 9.39e-13, 6.57e-11
2022-11-09, 23:18:23, 8.65e-13, 6.6e-11
2022-11-09, 23:18:27, 8.6e-13, 6.56e-11
2022-11-09, 23:18:31, 9.18e-13, 6.61e-11
2022-11-09, 23:18:35, 9.57e-13, 6.61e-11
2022-11-09, 23:18:39, 8.61e-13, 6.59e-11
2022-11-09, 23:18:44, 8.75e-13, 6.6e-11
2022-11-09, 23:18:48, 8.91e-13, 6.6e-11
2022-11-09, 23:18:52, 1.02e-12, 6.62e-11
2022-11-09, 23:18:56, 9e-13, 6.65e-11
2022-11-09, 23:19:01, 8.61e-13, 6.64e-11
2022-11-09, 23:19:05, 7.89e-13, 6.62e-11
2022-11-09, 23:19:09, 8.74e-13, 6.62e-11
2022-11-09, 23:19:13, 8.71e-13, 6.6e-11
2022-11-09, 23:19:17, 8.89e-13, 6.59e-11
2022-11-09, 23:19:22, 8.3e-13, 6.61e-11
2022-11-09, 23:19:26, 9.12e-13, 6.61e-11
2022-11-09, 23:19:30, 8.44e-13, 6.64e-11
2022-11-09, 23:19:34, 8.86e-13, 6.57e-11
2022-11-09, 23:19:39, 8.37e-13, 6.6e-11
2022-11-09, 23:19:43, 9.16e-13, 6.62e-11
2022-11-09, 23:19:47, 8.47e-13, 6.65e-11
2022-11-09, 23:19:51, 8.34e-13, 6.56e-11
2022-11-09, 23:19:55, 8.89e-13, 6.58e-11
2022-11-09, 23:20:00, 9.64e-13, 6.6e-11
2022-11-09, 23:20:04, 9.06e-13, 6.62e-11
2022-11-09, 23:20:08, 8.55e-13, 6.6e-11
2022-11-09, 23:20:12, 7.88e-13, 6.59e-11
2022-11-09, 23:20:17, 9.18e-13, 6.71e-11
2022-11-09, 23:20:21, 8.81e-13, 6.6e-11
2022-11-09, 23:20:25, 8.46e-13, 6.57e-11
2022-11-09, 23:20:29, 8.68e-13, 6.57e-11
2022-11-09, 23:20:33, 8.6e-13, 6.6e-11
2022-11-09, 23:20:38, 9.15e-13, 6.59e-11
2022-11-09, 23:20:42, 8.85e-13, 6.58e-11
2022-11-09, 23:20:46, 9.09e-13, 6.59e-11
2022-11-09, 23:20:50, 8.81e-13, 6.5e-11
2022-11-09, 23:20:55, 8.56e-13, 6.61e-11
2022-11-09, 23:20:59, 8.05e-13, 6.62e-11
2022-11-09, 23:21:03, 9.33e-13, 6.63e-11
2022-11-09, 23:21:07, 8.54e-13, 6.67e-11
2022-11-09, 23:21:11, 8.49e-13, 6.64e-11
2022-11-09, 23:21:16, 8.12e-13, 6.64e-11
2022-11-09, 23:21:20, 8.6e-13, 6.76e-11
2022-11-09, 23:21:24, 8.75e-13, 6.73e-11
2022-11-09, 23:21:28, 8.7e-13, 6.66e-11
2022-11-09, 23:21:33, 9.09e-13, 6.66e-11
2022-11-09, 23:21:37, 9.14e-13, 6.65e-11
2022-11-09, 23:21:41, 8.61e-13, 6.64e-11
2022-11-09, 23:21:45, 8.07e-13, 6.6e-11
2022-11-09, 23:21:49, 8.77e-13, 6.63e-11
2022-11-09, 23:21:54, 1.02e-12, 6.6e-11
2022-11-09, 23:21:58, 8.96e-13, 6.7e-11
2022-11-09, 23:22:02, 8.97e-13, 6.49e-11
2022-11-09, 23:22:06, 8.56e-13, 6.63e-11
2022-11-09, 23:22:10, 9.37e-13, 6.55e-11
2022-11-09, 23:22:15, 8.74e-13, 6.52e-11
2022-11-09, 23:22:19, 8.27e-13, 6.65e-11
2022-11-09, 23:22:23, 8.24e-13, 6.66e-11
2022-11-09, 23:22:27, 8.82e-13, 6.62e-11
2022-11-09, 23:22:32, 9.06e-13, 6.66e-11
2022-11-09, 23:22:36, 8.44e-13, 6.63e-11
2022-11-09, 23:22:40, 8.83e-13, 6.63e-11
2022-11-09, 23:22:44, 8.12e-13, 6.61e-11
2022-11-09, 23:22:48, 8.9e-13, 6.65e-11
2022-11-09, 23:22:53, 8.77e-13, 6.53e-11
2022-11-09, 23:22:57, 8.85e-13, 6.59e-11
2022-11-09, 23:23:01, 8.79e-13, 6.62e-11
2022-11-09, 23:23:05, 8.79e-13, 6.58e-11
2022-11-09, 23:23:10, 9.17e-13, 6.55e-11
2022-11-09, 23:23:14, 9.61e-13, 6.67e-11
2022-11-09, 23:23:18, 8.75e-13, 6.66e-11
2022-11-09, 23:23:22, 9.09e-13, 6.57e-11
2022-11-09, 23:23:26, 8.95e-13, 6.62e-11
2022-11-09, 23:23:31, 8.79e-13, 6.62e-11
2022-11-09, 23:23:35, 8.79e-13, 6.56e-11
2022-11-09, 23:23:39, 9.28e-13, 6.6e-11
2022-11-09, 23:23:43, 9.93e-13, 6.57e-11
2022-11-09, 23:23:48, 8.59e-13, 6.61e-11
2022-11-09, 23:23:52, 9.09e-13, 6.59e-11
2022-11-09, 23:23:56, 8.57e-13, 6.54e-11
2022-11-09, 23:24:00, 8.68e-13, 6.53e-11
2022-11-09, 23:24:04, 8.62e-13, 6.66e-11
2022-11-09, 23:24:09, 8.18e-13, 6.55e-11
2022-11-09, 23:24:13, 8.3e-13, 6.62e-11
2022-11-09, 23:24:17, 7.88e-13, 6.61e-11
2022-11-09, 23:24:21, 9.2e-13, 6.58e-11
2022-11-09, 23:24:26, 8.79e-13, 6.58e-11
2022-11-09, 23:24:30, 8.6e-13, 6.6e-11
2022-11-09, 23:24:34, 8.32e-13, 6.59e-11
2022-11-09, 23:24:38, 9e-13, 6.58e-11
2022-11-09, 23:24:42, 9.36e-13, 6.57e-11
2022-11-09, 23:24:47, 8.47e-13, 6.6e-11
2022-11-09, 23:24:51, 9.26e-13, 6.64e-11
2022-11-09, 23:24:55, 9.26e-13, 6.6e-11
2022-11-09, 23:24:59, 9e-13, 6.6e-11
2022-11-09, 23:25:04, 8.54e-13, 6.6e-11
2022-11-09, 23:25:08, 9.26e-13, 6.59e-11
2022-11-09, 23:25:12, 9.51e-13, 6.57e-11
2022-11-09, 23:25:16, 8.2e-13, 6.58e-11
2022-11-09, 23:25:20, 8.13e-13, 6.57e-11
2022-11-09, 23:25:25, 8.54e-13, 6.69e-11
2022-11-09, 23:25:29, 8.54e-13, 6.57e-11
2022-11-09, 23:25:33, 8.94e-13, 6.57e-11
2022-11-09, 23:25:37, 8.79e-13, 6.56e-11
2022-11-09, 23:25:41, 8.73e-13, 6.56e-11
2022-11-09, 23:25:46, 9.52e-13, 6.56e-11
2022-11-09, 23:25:50, 8.55e-13, 6.61e-11
2022-11-09, 23:25:54, 8.05e-13, 6.56e-11
2022-11-09, 23:25:58, 9.51e-13, 6.6e-11
2022-11-09, 23:26:03, 8.97e-13, 6.59e-11
2022-11-09, 23:26:07, 8.81e-13, 6.74e-11
2022-11-09, 23:26:11, 8.27e-13, 6.64e-11
2022-11-09, 23:26:15, 8.83e-13, 6.56e-11
2022-11-09, 23:26:19, 9.02e-13, 6.59e-11
2022-11-09, 23:26:24, 8.69e-13, 6.65e-11
2022-11-09, 23:26:28, 8.89e-13, 6.57e-11
2022-11-09, 23:26:32, 8.49e-13, 6.56e-11
2022-11-09, 23:26:36, 1.01e-12, 6.59e-11
2022-11-09, 23:26:41, 8.41e-13, 6.62e-11
2022-11-09, 23:26:45, 9.53e-13, 6.63e-11
2022-11-09, 23:26:49, 8.65e-13, 6.59e-11
2022-11-09, 23:26:53, 8.97e-13, 6.57e-11
2022-11-09, 23:26:57, 8.42e-13, 6.66e-11
2022-11-09, 23:27:02, 9.26e-13, 6.58e-11
2022-11-09, 23:27:06, 8.94e-13, 6.6e-11
2022-11-09, 23:27:10, 1.01e-12, 6.61e-11
2022-11-09, 23:27:14, 8.14e-13, 6.66e-11
2022-11-09, 23:27:19, 9.02e-13, 6.63e-11
2022-11-09, 23:27:23, 8.99e-13, 6.69e-11
2022-11-09, 23:27:27, 9.16e-13, 6.68e-11
2022-11-09, 23:27:31, 8.42e-13, 6.64e-11
2022-11-09, 23:27:35, 8.72e-13, 6.63e-11
2022-11-09, 23:27:40, 8.8e-13, 6.6e-11
2022-11-09, 23:27:44, 8.97e-13, 6.62e-11
2022-11-09, 23:27:48, 9.36e-13, 6.65e-11
2022-11-09, 23:27:52, 8.99e-13, 6.65e-11
2022-11-09, 23:27:57, 8.86e-13, 6.62e-11
2022-11-09, 23:28:01, 9.21e-13, 6.67e-11
2022-11-09, 23:28:05, 8.84e-13, 6.67e-11
2022-11-09, 23:28:09, 7.67e-13, 6.66e-11
2022-11-09, 23:28:13, 9.05e-13, 6.65e-11
2022-11-09, 23:28:18, 8.93e-13, 6.61e-11
2022-11-09, 23:28:22, 8.66e-13, 6.63e-11
2022-11-09, 23:28:26, 9.3e-13, 6.61e-11
2022-11-09, 23:28:30, 9.04e-13, 6.62e-11
2022-11-09, 23:28:35, 8.32e-13, 6.66e-11
2022-11-09, 23:28:39, 8.72e-13, 6.64e-11
2022-11-09, 23:28:43, 8.51e-13, 6.62e-11
2022-11-09, 23:28:47, 8.52e-13, 6.63e-11
2022-11-09, 23:28:51, 8.46e-13, 6.72e-11
2022-11-09, 23:28:56, 9.35e-13, 6.6e-11
2022-11-09, 23:29:00, 7.99e-13, 6.59e-11
2022-11-09, 23:29:04, 9.06e-13, 6.66e-11
2022-11-09, 23:29:08, 8.97e-13, 6.7e-11
2022-11-09, 23:29:13, 9.53e-13, 6.69e-11
2022-11-09, 23:29:17, 8.59e-13, 6.62e-11
2022-11-09, 23:29:21, 8.24e-13, 6.64e-11
2022-11-09, 23:29:25, 8.95e-13, 6.64e-11
2022-11-09, 23:29:29, 8.85e-13, 6.7e-11
2022-11-09, 23:29:34, 9.12e-13, 6.65e-11
2022-11-09, 23:29:38, 9.62e-13, 6.62e-11
2022-11-09, 23:29:42, 9.07e-13, 6.65e-11
2022-11-09, 23:29:46, 8.48e-13, 6.65e-11
2022-11-09, 23:29:50, 9.86e-13, 6.63e-11
2022-11-09, 23:29:55, 8.92e-13, 6.54e-11
2022-11-09, 23:29:59, 8.33e-13, 6.62e-11
2022-11-09, 23:30:03, 9.03e-13, 6.65e-11
2022-11-09, 23:30:07, 8.83e-13, 6.66e-11
2022-11-09, 23:30:12, 8.72e-13, 6.64e-11
2022-11-09, 23:30:16, 8.43e-13, 6.49e-11
2022-11-09, 23:30:20, 8.88e-13, 6.51e-11
2022-11-09, 23:30:24, 8.91e-13, 6.61e-11
2022-11-09, 23:30:28, 8.09e-13, 6.63e-11
2022-11-09, 23:30:33, 8.95e-13, 6.65e-11
2022-11-09, 23:30:37, 8.28e-13, 6.51e-11
2022-11-09, 23:30:41, 8.47e-13, 6.61e-11
2022-11-09, 23:30:45, 9.16e-13, 6.59e-11
2022-11-09, 23:30:50, 9.22e-13, 6.61e-11
2022-11-09, 23:30:54, 8.46e-13, 6.63e-11
2022-11-09, 23:30:58, 8.84e-13, 6.51e-11
2022-11-09, 23:31:02, 8.17e-13, 6.6e-11
2022-11-09, 23:31:06, 8.32e-13, 6.61e-11
2022-11-09, 23:31:11, 8.95e-13, 6.65e-11
2022-11-09, 23:31:15, 9.53e-13, 6.59e-11
2022-11-09, 23:31:19, 8.71e-13, 6.57e-11
2022-11-09, 23:31:23, 8.47e-13, 6.57e-11
2022-11-09, 23:31:28, 9.48e-13, 6.6e-11
2022-11-09, 23:31:32, 7.81e-13, 6.6e-11
2022-11-09, 23:31:36, 8.88e-13, 6.63e-11
2022-11-09, 23:31:40, 8.94e-13, 6.58e-11
2022-11-09, 23:31:44, 9.1e-13, 6.56e-11
2022-11-09, 23:31:49, 8.54e-13, 6.49e-11
2022-11-09, 23:31:53, 7.54e-13, 6.49e-11
2022-11-09, 23:31:57, 8.74e-13, 6.51e-11
2022-11-09, 23:32:01, 8.49e-13, 6.53e-11
2022-11-09, 23:32:06, 9.13e-13, 6.57e-11
2022-11-09, 23:32:10, 8.33e-13, 6.56e-11
2022-11-09, 23:32:14, 7.19e-13, 6.6e-11
2022-11-09, 23:32:18, 8.32e-13, 6.64e-11
2022-11-09, 23:32:22, 8.65e-13, 6.59e-11
2022-11-09, 23:32:27, 9.6e-13, 6.64e-11
2022-11-09, 23:32:31, 9.04e-13, 6.54e-11
2022-11-09, 23:32:35, 8.8e-13, 6.59e-11
2022-11-09, 23:32:39, 9.5e-13, 6.58e-11
2022-11-09, 23:32:44, 8.94e-13, 6.66e-11
2022-11-09, 23:32:48, 9.1e-13, 6.56e-11
2022-11-09, 23:32:52, 7.97e-13, 6.57e-11
2022-11-09, 23:32:56, 8.81e-13, 6.57e-11
2022-11-09, 23:33:00, 9.2e-13, 6.57e-11
2022-11-09, 23:33:05, 8.73e-13, 6.58e-11
2022-11-09, 23:33:09, 8.5e-13, 6.58e-11
2022-11-09, 23:33:13, 8.74e-13, 6.58e-11
2022-11-09, 23:33:17, 8.96e-13, 6.57e-11
2022-11-09, 23:33:21, 9.59e-13, 6.57e-11
2022-11-09, 23:33:26, 8.75e-13, 6.58e-11
2022-11-09, 23:33:30, 9.23e-13, 6.63e-11
2022-11-09, 23:33:34, 8.27e-13, 6.62e-11
2022-11-09, 23:33:38, 8.48e-13, 6.64e-11
2022-11-09, 23:33:43, 8.96e-13, 6.58e-11
2022-11-09, 23:33:47, 9.08e-13, 6.56e-11
2022-11-09, 23:33:51, 8.75e-13, 6.56e-11
2022-11-09, 23:33:55, 8.79e-13, 6.58e-11
2022-11-09, 23:33:59, 9.36e-13, 6.56e-11
2022-11-09, 23:34:04, 7.13e-13, 6.59e-11
2022-11-09, 23:34:08, 9.22e-13, 6.57e-11
2022-11-09, 23:34:12, 9.46e-13, 6.63e-11
2022-11-09, 23:34:16, 8.15e-13, 6.87e-11
2022-11-09, 23:34:21, 9.02e-13, 6.55e-11
2022-11-09, 23:34:25, 8.72e-13, 6.57e-11
2022-11-09, 23:34:29, 8.3e-13, 6.56e-11
2022-11-09, 23:34:33, 9.17e-13, 6.84e-11
2022-11-09, 23:34:37, 8.8e-13, 6.56e-11
2022-11-09, 23:34:42, 8.89e-13, 6.56e-11
2022-11-09, 23:34:46, 8.38e-13, 6.67e-11
2022-11-09, 23:34:50, 8.27e-13, 6.64e-11
2022-11-09, 23:34:54, 8.74e-13, 6.62e-11
2022-11-09, 23:34:59, 8.78e-13, 6.59e-11
2022-11-09, 23:35:03, 8.08e-13, 6.55e-11
2022-11-09, 23:35:07, 8.85e-13, 6.57e-11
2022-11-09, 23:35:11, 8.2e-13, 6.61e-11
2022-11-09, 23:35:15, 8.3e-13, 6.61e-11
2022-11-09, 23:35:20, 8.61e-13, 6.6e-11
2022-11-09, 23:35:24, 8.87e-13, 6.59e-11
2022-11-09, 23:35:28, 8.07e-13, 6.62e-11
2022-11-09, 23:35:32, 8.65e-13, 6.6e-11
2022-11-09, 23:35:37, 9.14e-13, 6.59e-11
2022-11-09, 23:35:41, 8.82e-13, 6.61e-11
2022-11-09, 23:35:45, 8.1e-13, 6.67e-11
2022-11-09, 23:35:49, 8.95e-13, 6.59e-11
2022-11-09, 23:35:53, 8.56e-13, 6.56e-11
2022-11-09, 23:35:58, 8.15e-13, 6.56e-11
2022-11-09, 23:36:02, 9.12e-13, 6.55e-11
2022-11-09, 23:36:06, 9.01e-13, 6.59e-11
2022-11-09, 23:36:10, 8.61e-13, 6.57e-11
2022-11-09, 23:36:15, 9.5e-13, 6.56e-11
2022-11-09, 23:36:19, 8.36e-13, 6.59e-11
2022-11-09, 23:36:23, 9.6e-13, 6.59e-11
2022-11-09, 23:36:27, 9.15e-13, 6.56e-11
2022-11-09, 23:36:31, 8.27e-13, 6.55e-11
2022-11-09, 23:36:36, 8.92e-13, 6.58e-11
2022-11-09, 23:36:40, 8.89e-13, 6.58e-11
2022-11-09, 23:36:44, 8.55e-13, 6.56e-11
2022-11-09, 23:36:48, 8.78e-13, 6.61e-11
2022-11-09, 23:36:53, 8.24e-13, 6.59e-11
2022-11-09, 23:36:57, 8.49e-13, 6.55e-11
2022-11-09, 23:37:01, 8.42e-13, 6.58e-11
2022-11-09, 23:37:05, 9.4e-13, 6.54e-11
2022-11-09, 23:37:09, 8.81e-13, 6.53e-11
2022-11-09, 23:37:14, 9.59e-13, 6.58e-11
2022-11-09, 23:37:18, 8.33e-13, 6.64e-11
2022-11-09, 23:37:22, 8.97e-13, 6.58e-11
2022-11-09, 23:37:26, 8.54e-13, 6.61e-11
2022-11-09, 23:37:30, 9.28e-13, 6.59e-11
2022-11-09, 23:37:35, 8.63e-13, 6.58e-11
2022-11-09, 23:37:39, 8.51e-13, 6.63e-11
2022-11-09, 23:37:43, 8.11e-13, 6.59e-11
2022-11-09, 23:37:47, 8.68e-13, 6.6e-11
2022-11-09, 23:37:52, 8.85e-13, 6.64e-11
2022-11-09, 23:37:56, 8.85e-13, 6.55e-11
2022-11-09, 23:38:00, 8.58e-13, 6.54e-11
2022-11-09, 23:38:04, 8.67e-13, 6.54e-11
2022-11-09, 23:38:08, 8.77e-13, 6.55e-11
2022-11-09, 23:38:13, 8.24e-13, 6.59e-11
2022-11-09, 23:38:17, 9.19e-13, 6.61e-11
2022-11-09, 23:38:21, 9.18e-13, 6.57e-11
2022-11-09, 23:38:25, 8.64e-13, 6.57e-11
2022-11-09, 23:38:30, 8.43e-13, 6.57e-11
2022-11-09, 23:38:34, 9.09e-13, 6.62e-11
2022-11-09, 23:38:38, 8.73e-13, 6.64e-11
2022-11-09, 23:38:42, 8.47e-13, 6.66e-11
2022-11-09, 23:38:46, 8.5e-13, 6.57e-11
2022-11-09, 23:38:51, 9.07e-13, 6.56e-11
2022-11-09, 23:38:55, 9.6e-13, 6.56e-11
2022-11-09, 23:38:59, 8.37e-13, 6.55e-11
2022-11-09, 23:39:03, 8.85e-13, 6.55e-11
2022-11-09, 23:39:08, 8.72e-13, 6.54e-11
2022-11-09, 23:39:12, 8.52e-13, 6.46e-11
2022-11-09, 23:39:16, 8.49e-13, 6.55e-11
2022-11-09, 23:39:20, 8.56e-13, 6.57e-11
2022-11-09, 23:39:24, 8.63e-13, 6.56e-11
2022-11-09, 23:39:29, 8.29e-13, 6.56e-11
2022-11-09, 23:39:33, 9.06e-13, 6.56e-11
2022-11-09, 23:39:37, 9.45e-13, 6.55e-11
2022-11-09, 23:39:41, 8.55e-13, 6.55e-11
2022-11-09, 23:39:46, 9.21e-13, 6.65e-11
2022-11-09, 23:39:50, 8.82e-13, 6.58e-11
2022-11-09, 23:39:54, 9.07e-13, 6.55e-11
2022-11-09, 23:39:58, 1.01e-12, 6.56e-11
2022-11-09, 23:40:02, 8.23e-13, 6.54e-11
2022-11-09, 23:40:07, 9.37e-13, 6.55e-11
2022-11-09, 23:40:11, 9.31e-13, 6.59e-11
2022-11-09, 23:40:15, 8.5e-13, 6.62e-11
2022-11-09, 23:40:19, 8.84e-13, 6.56e-11
2022-11-09, 23:40:23, 8.77e-13, 6.54e-11
2022-11-09, 23:40:28, 9.41e-13, 6.53e-11
2022-11-09, 23:40:32, 8.39e-13, 6.54e-11
2022-11-09, 23:40:36, 9.14e-13, 6.57e-11
2022-11-09, 23:40:40, 8.55e-13, 6.58e-11
2022-11-09, 23:40:45, 8.73e-13, 6.69e-11
2022-11-09, 23:40:49, 9.13e-13, 6.56e-11
2022-11-09, 23:40:53, 8.94e-13, 6.59e-11
2022-11-09, 23:40:57, 9.54e-13, 6.56e-11
2022-11-09, 23:41:01, 8.7e-13, 6.55e-11
2022-11-09, 23:41:06, 8.34e-13, 6.54e-11
2022-11-09, 23:41:10, 8.54e-13, 6.54e-11
2022-11-09, 23:41:14, 8.91e-13, 6.56e-11
2022-11-09, 23:41:18, 8.77e-13, 6.54e-11
2022-11-09, 23:41:23, 9.28e-13, 6.57e-11
2022-11-09, 23:41:27, 8.98e-13, 6.53e-11
2022-11-09, 23:41:31, 8.78e-13, 6.55e-11
2022-11-09, 23:41:35, 8.3e-13, 6.54e-11
2022-11-09, 23:41:39, 8.45e-13, 6.55e-11
2022-11-09, 23:41:44, 8.83e-13, 6.51e-11
2022-11-09, 23:41:48, 9.31e-13, 6.53e-11
2022-11-09, 23:41:52, 8.93e-13, 6.45e-11
2022-11-09, 23:41:56, 8.83e-13, 6.57e-11
2022-11-09, 23:42:01, 8.54e-13, 6.53e-11
2022-11-09, 23:42:05, 8.47e-13, 6.54e-11
2022-11-09, 23:42:09, 8.87e-13, 6.5e-11
2022-11-09, 23:42:13, 8.94e-13, 6.54e-11
2022-11-09, 23:42:17, 8.09e-13, 6.53e-11
2022-11-09, 23:42:22, 8.23e-13, 6.54e-11
2022-11-09, 23:42:26, 9e-13, 6.56e-11
2022-11-09, 23:42:30, 9.13e-13, 6.57e-11
2022-11-09, 23:42:34, 8.42e-13, 6.58e-11
2022-11-09, 23:42:39, 8.57e-13, 6.64e-11
2022-11-09, 23:42:43, 8.41e-13, 6.56e-11
2022-11-09, 23:42:47, 9.03e-13, 6.44e-11
2022-11-09, 23:42:51, 8.54e-13, 6.55e-11
2022-11-09, 23:42:55, 8.67e-13, 6.6e-11
2022-11-09, 23:43:00, 8.28e-13, 6.59e-11
2022-11-09, 23:43:04, 8.99e-13, 6.59e-11
2022-11-09, 23:43:08, 9.13e-13, 6.6e-11
2022-11-09, 23:43:12, 8.14e-13, 6.59e-11
2022-11-09, 23:43:17, 8.44e-13, 6.6e-11
2022-11-09, 23:43:21, 8.37e-13, 6.58e-11
2022-11-09, 23:43:25, 8.98e-13, 6.68e-11
2022-11-09, 23:43:29, 9.02e-13, 6.57e-11
2022-11-09, 23:43:33, 8.81e-13, 6.58e-11
2022-11-09, 23:43:38, 8.66e-13, 6.67e-11
2022-11-09, 23:43:42, 8.66e-13, 6.66e-11
2022-11-09, 23:43:46, 8.66e-13, 6.55e-11
2022-11-09, 23:43:50, 8.75e-13, 6.57e-11
2022-11-09, 23:43:55, 8.54e-13, 6.55e-11
2022-11-09, 23:43:59, 8.66e-13, 6.56e-11
2022-11-09, 23:44:03, 1.03e-12, 6.57e-11
2022-11-09, 23:44:07, 8.74e-13, 6.58e-11
2022-11-09, 23:44:11, 8.44e-13, 6.57e-11
2022-11-09, 23:44:16, 8.67e-13, 6.58e-11
2022-11-09, 23:44:20, 8.4e-13, 6.63e-11
2022-11-09, 23:44:24, 9.09e-13, 6.59e-11
2022-11-09, 23:44:28, 8.34e-13, 6.6e-11
2022-11-09, 23:44:32, 8.58e-13, 6.57e-11
2022-11-09, 23:44:37, 8.51e-13, 6.56e-11
2022-11-09, 23:44:41, 8.27e-13, 6.62e-11
2022-11-09, 23:44:45, 7.99e-13, 6.55e-11
2022-11-09, 23:44:49, 8.23e-13, 6.56e-11
2022-11-09, 23:44:54, 8.83e-13, 6.54e-11
2022-11-09, 23:44:58, 8.31e-13, 6.55e-11
2022-11-09, 23:45:02, 8.48e-13, 6.53e-11
2022-11-09, 23:45:06, 8.68e-13, 6.56e-11
2022-11-09, 23:45:10, 8.73e-13, 6.56e-11
2022-11-09, 23:45:15, 8.98e-13, 6.57e-11
2022-11-09, 23:45:19, 8.61e-13, 6.94e-11
2022-11-09, 23:45:23, 8.48e-13, 6.55e-11
2022-11-09, 23:45:27, 8.13e-13, 6.54e-11
2022-11-09, 23:45:32, 1.01e-12, 6.54e-11
2022-11-09, 23:45:36, 9.7e-13, 6.52e-11
2022-11-09, 23:45:40, 7.8e-13, 6.53e-11
2022-11-09, 23:45:44, 9.02e-13, 6.52e-11
2022-11-09, 23:45:48, 8.63e-13, 6.54e-11
2022-11-09, 23:45:53, 8.73e-13, 6.53e-11
2022-11-09, 23:45:57, 7.71e-13, 6.57e-11
2022-11-09, 23:46:01, 8.92e-13, 6.54e-11
2022-11-09, 23:46:05, 9.07e-13, 6.55e-11
2022-11-09, 23:46:10, 8.77e-13, 6.54e-11
2022-11-09, 23:46:14, 8.53e-13, 6.57e-11
2022-11-09, 23:46:18, 8.76e-13, 6.56e-11
2022-11-09, 23:46:22, 8.37e-13, 6.56e-11
2022-11-09, 23:46:26, 8.51e-13, 6.53e-11
2022-11-09, 23:46:31, 8.06e-13, 6.55e-11
2022-11-09, 23:46:35, 8.41e-13, 6.53e-11
2022-11-09, 23:46:39, 8.44e-13, 6.56e-11
2022-11-09, 23:46:43, 8.95e-13, 6.56e-11
2022-11-09, 23:46:48, 8.88e-13, 6.62e-11
2022-11-09, 23:46:52, 9.18e-13, 6.59e-11
2022-11-09, 23:46:56, 8.97e-13, 6.58e-11
2022-11-09, 23:47:00, 8.59e-13, 6.57e-11
2022-11-09, 23:47:04, 8.91e-13, 6.62e-11
2022-11-09, 23:47:09, 1.04e-12, 6.63e-11
2022-11-09, 23:47:13, 8.44e-13, 6.59e-11
2022-11-09, 23:47:17, 9.11e-13, 6.54e-11
2022-11-09, 23:47:21, 8.83e-13, 6.56e-11
2022-11-09, 23:47:26, 8.24e-13, 6.56e-11
2022-11-09, 23:47:30, 8.89e-13, 6.58e-11
2022-11-09, 23:47:34, 7.89e-13, 6.57e-11
2022-11-09, 23:47:38, 8.96e-13, 6.58e-11
2022-11-09, 23:47:42, 8.21e-13, 6.55e-11
2022-11-09, 23:47:47, 9.24e-13, 6.59e-11
2022-11-09, 23:47:51, 8.53e-13, 6.71e-11
2022-11-09, 23:47:55, 8.12e-13, 6.59e-11
2022-11-09, 23:47:59, 8.85e-13, 6.6e-11
2022-11-09, 23:48:03, 9.37e-13, 6.57e-11
2022-11-09, 23:48:08, 8.12e-13, 6.59e-11
2022-11-09, 23:48:12, 9.13e-13, 6.61e-11
2022-11-09, 23:48:16, 8.82e-13, 6.62e-11
2022-11-09, 23:48:20, 8.84e-13, 6.57e-11
2022-11-09, 23:48:25, 8.45e-13, 6.6e-11
2022-11-09, 23:48:29, 8.72e-13, 6.5e-11
2022-11-09, 23:48:33, 8.47e-13, 6.54e-11
2022-11-09, 23:48:37, 8.89e-13, 6.52e-11
2022-11-09, 23:48:41, 9.73e-13, 6.61e-11
2022-11-09, 23:48:46, 8.61e-13, 6.47e-11
2022-11-09, 23:48:50, 8.58e-13, 6.49e-11
2022-11-09, 23:48:54, 9.12e-13, 6.63e-11
2022-11-09, 23:48:58, 8.81e-13, 6.57e-11
2022-11-09, 23:49:03, 8.58e-13, 6.6e-11
2022-11-09, 23:49:07, 8.88e-13, 6.6e-11
2022-11-09, 23:49:11, 8.67e-13, 6.88e-11
2022-11-09, 23:49:15, 8.74e-13, 6.59e-11
2022-11-09, 23:49:19, 7.48e-13, 6.6e-11
2022-11-09, 23:49:24, 8.06e-13, 6.58e-11
2022-11-09, 23:49:28, 8.79e-13, 6.56e-11
2022-11-09, 23:49:32, 9.37e-13, 6.56e-11
2022-11-09, 23:49:36, 9.38e-13, 6.58e-11
2022-11-09, 23:49:41, 8.56e-13, 6.57e-11
2022-11-09, 23:49:45, 9.01e-13, 6.5e-11
2022-11-09, 23:49:49, 9.05e-13, 6.62e-11
2022-11-09, 23:49:53, 7.87e-13, 6.55e-11
2022-11-09, 23:49:57, 8.28e-13, 6.58e-11
2022-11-09, 23:50:02, 9.03e-13, 6.59e-11
2022-11-09, 23:50:06, 8.62e-13, 6.62e-11
2022-11-09, 23:50:10, 8.5e-13, 6.58e-11
2022-11-09, 23:50:14, 8.47e-13, 6.57e-11
2022-11-09, 23:50:19, 8.5e-13, 6.63e-11
2022-11-09, 23:50:23, 9.01e-13, 6.58e-11
2022-11-09, 23:50:27, 8.67e-13, 6.64e-11
2022-11-09, 23:50:31, 8.18e-13, 6.58e-11
2022-11-09, 23:50:35, 8.72e-13, 6.63e-11
2022-11-09, 23:50:40, 8.61e-13, 6.65e-11
2022-11-09, 23:50:44, 8.55e-13, 6.6e-11
2022-11-09, 23:50:48, 8.38e-13, 6.62e-11
2022-11-09, 23:50:52, 9.05e-13, 6.58e-11
2022-11-09, 23:50:57, 7.61e-13, 6.6e-11
2022-11-09, 23:51:01, 8.77e-13, 6.54e-11
2022-11-09, 23:51:05, 8.51e-13, 6.6e-11
2022-11-09, 23:51:09, 8.54e-13, 6.58e-11
2022-11-09, 23:51:13, 8.62e-13, 6.57e-11
2022-11-09, 23:51:18, 8.84e-13, 6.6e-11
2022-11-09, 23:51:22, 8.99e-13, 6.6e-11
2022-11-09, 23:51:26, 8.8e-13, 6.6e-11
2022-11-09, 23:51:30, 8.33e-13, 6.58e-11
2022-11-09, 23:51:34, 9.04e-13, 6.54e-11
2022-11-09, 23:51:39, 9.37e-13, 6.56e-11
2022-11-09, 23:51:43, 8.8e-13, 6.55e-11
2022-11-09, 23:51:47, 8.74e-13, 6.59e-11
2022-11-09, 23:51:51, 8.18e-13, 6.59e-11
2022-11-09, 23:51:56, 8.52e-13, 6.56e-11
2022-11-09, 23:52:00, 8.45e-13, 6.57e-11
2022-11-09, 23:52:04, 8.58e-13, 6.58e-11
2022-11-09, 23:52:08, 8.72e-13, 6.57e-11
2022-11-09, 23:52:12, 8.04e-13, 6.59e-11
2022-11-09, 23:52:17, 8.61e-13, 6.62e-11
2022-11-09, 23:52:21, 7.65e-13, 6.68e-11
2022-11-09, 23:52:25, 7.34e-13, 6.58e-11
2022-11-09, 23:52:29, 8.73e-13, 6.59e-11
2022-11-09, 23:52:34, 1.03e-12, 6.59e-11
2022-11-09, 23:52:38, 8.76e-13, 6.61e-11
2022-11-09, 23:52:42, 9.07e-13, 6.59e-11
2022-11-09, 23:52:46, 8.81e-13, 6.63e-11
2022-11-09, 23:52:50, 9.01e-13, 6.56e-11
2022-11-09, 23:52:55, 8.41e-13, 6.54e-11
2022-11-09, 23:52:59, 8.82e-13, 6.57e-11
2022-11-09, 23:53:03, 8.66e-13, 6.63e-11
2022-11-09, 23:53:07, 9e-13, 6.56e-11
2022-11-09, 23:53:12, 8.52e-13, 6.6e-11
2022-11-09, 23:53:16, 8.76e-13, 6.58e-11
2022-11-09, 23:53:20, 8.64e-13, 6.57e-11
2022-11-09, 23:53:24, 8.92e-13, 6.58e-11
2022-11-09, 23:53:28, 1.05e-12, 6.56e-11
2022-11-09, 23:53:33, 8.94e-13, 6.57e-11
2022-11-09, 23:53:37, 8.77e-13, 6.64e-11
2022-11-09, 23:53:41, 8.84e-13, 6.59e-11
2022-11-09, 23:53:45, 8.83e-13, 6.57e-11
2022-11-09, 23:53:50, 8.48e-13, 6.6e-11
2022-11-09, 23:53:54, 9.2e-13, 6.55e-11
2022-11-09, 23:53:58, 8.65e-13, 6.56e-11
2022-11-09, 23:54:02, 9.02e-13, 6.6e-11
2022-11-09, 23:54:06, 9.19e-13, 6.66e-11
2022-11-09, 23:54:11, 7.77e-13, 6.61e-11
2022-11-09, 23:54:15, 1.01e-12, 6.65e-11
2022-11-09, 23:54:19, 8.87e-13, 6.65e-11
2022-11-09, 23:54:23, 9.12e-13, 6.55e-11
2022-11-09, 23:54:28, 8.96e-13, 6.6e-11
2022-11-09, 23:54:32, 8.94e-13, 6.61e-11
2022-11-09, 23:54:36, 9.06e-13, 6.69e-11
2022-11-09, 23:54:40, 8.37e-13, 6.6e-11
2022-11-09, 23:54:44, 9.18e-13, 6.57e-11
2022-11-09, 23:54:49, 8.68e-13, 6.57e-11
2022-11-09, 23:54:53, 8.71e-13, 6.58e-11
2022-11-09, 23:54:57, 1.01e-12, 6.64e-11
2022-11-09, 23:55:01, 8.56e-13, 6.48e-11
2022-11-09, 23:55:06, 1.02e-12, 6.58e-11
2022-11-09, 23:55:10, 1.01e-12, 6.56e-11
2022-11-09, 23:55:14, 8.9e-13, 6.56e-11
2022-11-09, 23:55:18, 8.68e-13, 6.59e-11
2022-11-09, 23:55:22, 8.57e-13, 6.58e-11
2022-11-09, 23:55:27, 8.82e-13, 6.58e-11
2022-11-09, 23:55:31, 8.71e-13, 6.57e-11
2022-11-09, 23:55:35, 8.8e-13, 6.56e-11
2022-11-09, 23:55:39, 9.26e-13, 6.57e-11
2022-11-09, 23:55:44, 8.41e-13, 6.56e-11
2022-11-09, 23:55:48, 8.44e-13, 6.52e-11
2022-11-09, 23:55:52, 9.3e-13, 6.56e-11
2022-11-09, 23:55:56, 8.97e-13, 6.55e-11
2022-11-09, 23:56:00, 8.99e-13, 6.55e-11
2022-11-09, 23:56:05, 7.84e-13, 6.56e-11
2022-11-09, 23:56:09, 9e-13, 6.6e-11
2022-11-09, 23:56:13, 8.63e-13, 6.68e-11
2022-11-09, 23:56:17, 9.22e-13, 6.64e-11
2022-11-09, 23:56:21, 9.07e-13, 6.63e-11
2022-11-09, 23:56:26, 8.15e-13, 6.67e-11
2022-11-09, 23:56:30, 9.38e-13, 6.62e-11
2022-11-09, 23:56:34, 9.2e-13, 6.62e-11
2022-11-09, 23:56:38, 8.3e-13, 6.61e-11
2022-11-09, 23:56:43, 8.82e-13, 6.59e-11
2022-11-09, 23:56:47, 8.95e-13, 6.57e-11
2022-11-09, 23:56:51, 8.87e-13, 6.67e-11
2022-11-09, 23:56:55, 8.81e-13, 6.6e-11
2022-11-09, 23:56:59, 8.61e-13, 6.6e-11
2022-11-09, 23:57:04, 8.59e-13, 6.57e-11
2022-11-09, 23:57:08, 8.19e-13, 6.6e-11
2022-11-09, 23:57:12, 9.12e-13, 6.61e-11
2022-11-09, 23:57:16, 9.25e-13, 6.59e-11
2022-11-09, 23:57:21, 8.79e-13, 6.59e-11
2022-11-09, 23:57:25, 9e-13, 6.61e-11
2022-11-09, 23:57:29, 8.52e-13, 6.64e-11
2022-11-09, 23:57:33, 8.79e-13, 6.58e-11
2022-11-09, 23:57:37, 8.52e-13, 6.63e-11
2022-11-09, 23:57:42, 9.04e-13, 6.65e-11
2022-11-09, 23:57:46, 8.82e-13, 6.63e-11
2022-11-09, 23:57:50, 8.72e-13, 6.56e-11
2022-11-09, 23:57:54, 8.41e-13, 6.57e-11
2022-11-09, 23:57:59, 8.66e-13, 6.57e-11
2022-11-09, 23:58:03, 8.78e-13, 6.67e-11
2022-11-09, 23:58:07, 9.03e-13, 6.47e-11
2022-11-09, 23:58:11, 8.63e-13, 6.57e-11
2022-11-09, 23:58:15, 8.65e-13, 6.63e-11
2022-11-09, 23:58:20, 7.96e-13, 6.63e-11
2022-11-09, 23:58:24, 8.78e-13, 6.69e-11
2022-11-09, 23:58:28, 9.05e-13, 6.63e-11
2022-11-09, 23:58:32, 9.22e-13, 6.6e-11
2022-11-09, 23:58:37, 8.92e-13, 6.61e-11
2022-11-09, 23:58:41, 8.44e-13, 6.58e-11
2022-11-09, 23:58:45, 8.62e-13, 6.61e-11
2022-11-09, 23:58:49, 8.74e-13, 6.63e-11
2022-11-09, 23:58:53, 9.03e-13, 6.64e-11
2022-11-09, 23:58:58, 9.05e-13, 6.61e-11
2022-11-09, 23:59:02, 1.04e-12, 6.69e-11
2022-11-09, 23:59:06, 8.33e-13, 6.66e-11
2022-11-09, 23:59:10, 9.95e-13, 6.56e-11
2022-11-09, 23:59:15, 8.74e-13, 6.56e-11
2022-11-09, 23:59:19, 8.8e-13, 6.62e-11
2022-11-09, 23:59:23, 8.33e-13, 6.61e-11
2022-11-09, 23:59:27, 8.44e-13, 6.59e-11
2022-11-09, 23:59:31, 8.92e-13, 6.61e-11
2022-11-09, 23:59:36, 1.03e-12, 6.6e-11
2022-11-09, 23:59:40, 8.37e-13, 6.58e-11
2022-11-09, 23:59:44, 9.02e-13, 6.58e-11
2022-11-09, 23:59:48, 8.64e-13, 6.61e-11
2022-11-09, 23:59:52, 8.37e-13, 6.61e-11
2022-11-09, 23:59:57, 8.79e-13, 6.6e-11
